1.2399000000e-04	 9.9999460000e-01	 8.2410000000e-08
1.3051000000e-04	 9.9999400000e-01	 1.2720000000e-07
1.3776000000e-04	 9.9999300000e-01	 1.2488000000e-07
1.5498000000e-04	 9.9999100000e-01	 1.9173000000e-07
1.7712000000e-04	 9.9998900000e-01	 3.1463000000e-07
2.0664000000e-04	 9.9998400000e-01	 5.5102000000e-07
2.4797000000e-04	 9.9998000000e-01	 1.0726000000e-06
3.0996000000e-04	 9.9997000000e-01	 2.4843000000e-06
3.5424000000e-04	 9.9995000000e-01	 4.0484000000e-06
4.1328000000e-04	 9.9994000000e-01	 7.1408000000e-06
4.9594000000e-04	 9.9991000000e-01	 1.3642000000e-05
6.1993000000e-04	 9.9987000000e-01	 3.2079000000e-05
6.5255000000e-04	 9.9986000000e-01	 3.8497000000e-05
6.8881000000e-04	 9.9985000000e-01	 4.7138000000e-05
7.2932000000e-04	 9.9984000000e-01	 5.7974000000e-05
7.4021000000e-04	 9.9984000000e-01	 6.1633000000e-05
7.7734000000e-04	 9.9986000000e-01	 7.4862000000e-05
7.8472000000e-04	 9.9987000000e-01	 7.8480000000e-05
7.9274000000e-04	 9.9990000000e-01	 8.5418000000e-05
7.9376000000e-04	 9.9992000000e-01	 7.1847000000e-05
7.9478000000e-04	 9.9993000000e-01	 4.9998000000e-05
7.9529000000e-04	 9.9992000000e-01	 4.1131000000e-05
7.9580000000e-04	 9.9992000000e-01	 3.2911000000e-05
7.9785000000e-04	 9.9991000000e-01	 2.3687000000e-05
7.9887000000e-04	 9.9991000000e-01	 1.1026000000e-05
7.9990000000e-04	 9.9989000000e-01	 6.0484000000e-06
8.0510000000e-04	 9.9987000000e-01	 6.1901000000e-06
8.1569000000e-04	 9.9985000000e-01	 6.4818000000e-06
8.2657000000e-04	 9.9983000000e-01	 6.8049000000e-06
8.5507000000e-04	 9.9981000000e-01	 7.8422000000e-06
8.8561000000e-04	 9.9979000000e-01	 8.9400000000e-06
9.5373000000e-04	 9.9974000000e-01	 1.1636000000e-05
1.0332000000e-03	 9.9968000000e-01	 1.5628000000e-05
1.1271000000e-03	 9.9961000000e-01	 2.1586000000e-05
1.2399000000e-03	 9.9953000000e-01	 3.1115000000e-05
1.3776000000e-03	 9.9940000000e-01	 4.6771000000e-05
1.5498000000e-03	 9.9924000000e-01	 7.2992000000e-05
1.7712000000e-03	 9.9898000000e-01	 1.1811000000e-04
2.0664000000e-03	 9.9860000000e-01	 2.2001000000e-04
2.4797000000e-03	 9.9797000000e-01	 4.3503000000e-04
3.0996000000e-03	 9.9694000000e-01	 9.6887000000e-04
4.1328000000e-03	 9.9480000000e-01	 2.3492000000e-03
4.9594000000e-03	 9.9313000000e-01	 4.1863000000e-03
6.1993000000e-03	 9.9111000000e-01	 7.5099000000e-03
6.5255000000e-03	 9.9054000000e-01	 8.4716000000e-03
6.8881000000e-03	 9.9007000000e-01	 9.6517000000e-03
7.2932000000e-03	 9.8909000000e-01	 1.0987000000e-02
7.7491000000e-03	 9.8912000000e-01	 1.3728000000e-02
8.2657000000e-03	 9.8966000000e-01	 1.4773000000e-02
8.5507000000e-03	 9.8934000000e-01	 1.5437000000e-02
8.8561000000e-03	 9.8883000000e-01	 1.6304000000e-02
9.1841000000e-03	 9.8793000000e-01	 1.7765000000e-02
9.5373000000e-03	 9.8761000000e-01	 2.0606000000e-02
9.9188000000e-03	 9.8941000000e-01	 2.3421000000e-02
1.0332000000e-02	 9.9139000000e-01	 2.4063000000e-02
1.0781000000e-02	 9.9233000000e-01	 2.4928000000e-02
1.1271000000e-02	 9.9415000000e-01	 2.5452000000e-02
1.1808000000e-02	 9.9285000000e-01	 2.4415000000e-02
1.2399000000e-02	 9.9123000000e-01	 2.9920000000e-02
1.2652000000e-02	 9.9265000000e-01	 3.3061000000e-02
1.2915000000e-02	 9.9652000000e-01	 3.5883000000e-02
1.3190000000e-02	 1.0012000000e+00	 3.5311000000e-02
1.3477000000e-02	 1.0041000000e+00	 3.3392000000e-02
1.3776000000e-02	 1.0058000000e+00	 3.0918000000e-02
1.4089000000e-02	 1.0060000000e+00	 2.8956000000e-02
1.4417000000e-02	 1.0065000000e+00	 2.8232000000e-02
1.4760000000e-02	 1.0074000000e+00	 2.6826000000e-02
1.5120000000e-02	 1.0077000000e+00	 2.5460000000e-02
1.5498000000e-02	 1.0075000000e+00	 2.4476000000e-02
1.5694000000e-02	 1.0075000000e+00	 2.4501000000e-02
1.5896000000e-02	 1.0078000000e+00	 2.4757000000e-02
1.6102000000e-02	 1.0095000000e+00	 2.5180000000e-02
1.6314000000e-02	 1.0106000000e+00	 2.3853000000e-02
1.6422000000e-02	 1.0110000000e+00	 2.3955000000e-02
1.6531000000e-02	 1.0118000000e+00	 2.4020000000e-02
1.6642000000e-02	 1.0132000000e+00	 2.4343000000e-02
1.6755000000e-02	 1.0151000000e+00	 2.4184000000e-02
1.6777000000e-02	 1.0156000000e+00	 2.4228000000e-02
1.6800000000e-02	 1.0161000000e+00	 2.4282000000e-02
1.6823000000e-02	 1.0167000000e+00	 2.4375000000e-02
1.6846000000e-02	 1.0173000000e+00	 2.4499000000e-02
1.6869000000e-02	 1.0181000000e+00	 2.4831000000e-02
1.6892000000e-02	 1.0194000000e+00	 2.5432000000e-02
1.6915000000e-02	 1.0219000000e+00	 2.6018000000e-02
1.6938000000e-02	 1.0259000000e+00	 2.4227000000e-02
1.6961000000e-02	 1.0262000000e+00	 1.9564000000e-02
1.6984000000e-02	 1.0246000000e+00	 1.9145000000e-02
1.7008000000e-02	 1.0255000000e+00	 2.0012000000e-02
1.7031000000e-02	 1.0305000000e+00	 2.0072000000e-02
1.7054000000e-02	 1.0349000000e+00	 1.2476000000e-02
1.7078000000e-02	 1.0305000000e+00	 4.1164000000e-03
1.7101000000e-02	 1.0249000000e+00	 3.6218000000e-03
1.7125000000e-02	 1.0226000000e+00	 3.4141000000e-03
1.7149000000e-02	 1.0206000000e+00	 3.4400000000e-03
1.7172000000e-02	 1.0192000000e+00	 3.4767000000e-03
1.7196000000e-02	 1.0179000000e+00	 3.4877000000e-03
1.7208000000e-02	 1.0174000000e+00	 3.5108000000e-03
1.7220000000e-02	 1.0169000000e+00	 3.5249000000e-03
1.7463000000e-02	 1.0108000000e+00	 3.4957000000e-03
1.7712000000e-02	 1.0070000000e+00	 3.5425000000e-03
1.8233000000e-02	 1.0019000000e+00	 3.6730000000e-03
1.8786000000e-02	 9.9791000000e-01	 3.8926000000e-03
1.9373000000e-02	 9.9457000000e-01	 4.1092000000e-03
1.9998000000e-02	 9.9143000000e-01	 4.2397000000e-03
2.0664000000e-02	 9.8827000000e-01	 4.3696000000e-03
2.2543000000e-02	 9.7998000000e-01	 5.0004000000e-03
2.4797000000e-02	 9.7048000000e-01	 5.7469000000e-03
2.7552000000e-02	 9.5834000000e-01	 6.6191000000e-03
3.0996000000e-02	 9.4189000000e-01	 7.8466000000e-03
3.5424000000e-02	 9.1802000000e-01	 9.3121000000e-03
4.1328000000e-02	 8.8013000000e-01	 1.1651000000e-02
4.9594000000e-02	 8.1512000000e-01	 1.5894000000e-02
6.1993000000e-02	 6.7912000000e-01	 2.2340000000e-02
6.5255000000e-02	 6.3242000000e-01	 2.4770000000e-02
6.8881000000e-02	 5.7251000000e-01	 2.7681000000e-02
7.2932000000e-02	 4.9131000000e-01	 3.2409000000e-02
7.7491000000e-02	 3.7197000000e-01	 4.4202000000e-02
7.8472000000e-02	 3.4031000000e-01	 4.8320000000e-02
7.9478000000e-02	 3.0373000000e-01	 5.3349000000e-02
7.9990000000e-02	 2.8271000000e-01	 5.6697000000e-02
8.0510000000e-02	 2.5936000000e-01	 6.1407000000e-02
8.1036000000e-02	 2.3344000000e-01	 6.8348000000e-02
8.1569000000e-02	 2.0569000000e-01	 7.9959000000e-02
8.2109000000e-02	 1.7943000000e-01	 9.4223000000e-02
8.2657000000e-02	 1.5065000000e-01	 1.1041000000e-01
8.3774000000e-02	 9.4517000000e-02	 1.6589000000e-01
8.4921000000e-02	 6.7041000000e-02	 2.3420000000e-01
8.6101000000e-02	 5.4863000000e-02	 2.9293000000e-01
8.8561000000e-02	 4.4168000000e-02	 3.9115000000e-01
9.5373000000e-02	 3.6437000000e-02	 5.9086000000e-01
1.0332000000e-01	 3.5753000000e-02	 7.7163000000e-01
1.1271000000e-01	 3.8468000000e-02	 9.5677000000e-01
1.2399000000e-01	 4.6304000000e-02	 1.1555000000e+00
1.3776000000e-01	 5.7167000000e-02	 1.3775000000e+00
1.5498000000e-01	 7.2505000000e-02	 1.6366000000e+00
1.7712000000e-01	 9.4236000000e-02	 1.9519000000e+00
2.0664000000e-01	 1.2677000000e-01	 2.3563000000e+00
2.4797000000e-01	 1.8137000000e-01	 2.9029000000e+00
3.0996000000e-01	 2.8003000000e-01	 3.7081000000e+00
3.2628000000e-01	 3.1474000000e-01	 3.9165000000e+00
3.6466000000e-01	 3.9877000000e-01	 4.3957000000e+00
4.1328000000e-01	 5.2135000000e-01	 5.0008000000e+00
4.4280000000e-01	 6.0790000000e-01	 5.3676000000e+00
4.7687000000e-01	 7.2780000000e-01	 5.7781000000e+00
5.1660000000e-01	 8.7340000000e-01	 6.2418000000e+00
5.6357000000e-01	 1.0728000000e+00	 6.7839000000e+00
6.1993000000e-01	 1.3660000000e+00	 7.4052000000e+00
6.5225000000e-01	 1.5724000000e+00	 7.7354000000e+00
6.8881000000e-01	 1.8301000000e+00	 8.0601000000e+00
7.2932000000e-01	 2.1606000000e+00	 8.3565000000e+00
7.7491000000e-01	 2.6154000000e+00	 8.4914000000e+00
7.9478000000e-01	 2.7675000000e+00	 8.3866000000e+00
8.1569000000e-01	 2.7668000000e+00	 8.2573000000e+00
8.3774000000e-01	 2.6945000000e+00	 8.1878000000e+00
8.8561000000e-01	 2.2802000000e+00	 8.1134000000e+00
9.1166000000e-01	 1.9739000000e+00	 8.3058000000e+00
9.3928000000e-01	 1.6784000000e+00	 8.5970000000e+00
9.6863000000e-01	 1.4867000000e+00	 9.0655000000e+00
9.9988000000e-01	 1.4359000000e+00	 9.4939000000e+00
1.0332000000e+00	 1.3998000000e+00	 9.8914000000e+00
1.1271000000e+00	 1.3281000000e+00	 1.0969000000e+01
1.2399000000e+00	 1.3157000000e+00	 1.2245000000e+01
1.3776000000e+00	 1.3899000000e+00	 1.3784000000e+01
1.5498000000e+00	 1.5782000000e+00	 1.5656000000e+01
1.7712000000e+00	 1.9205000000e+00	 1.7991000000e+01
2.0664000000e+00	 2.4738000000e+00	 2.0982000000e+01
2.4797000000e+00	 3.3372000000e+00	 2.5004000000e+01
2.7552000000e+00	 3.9380000000e+00	 2.7580000000e+01
3.0996000000e+00	 4.7097000000e+00	 3.0737000000e+01
3.2628000000e+00	 5.0735000000e+00	 3.2183000000e+01
3.4440000000e+00	 5.4903000000e+00	 3.3814000000e+01
3.6466000000e+00	 5.9564000000e+00	 3.5608000000e+01
3.8745000000e+00	 6.4808000000e+00	 3.7595000000e+01
4.1328000000e+00	 7.0796000000e+00	 3.9826000000e+01
4.4280000000e+00	 7.7757000000e+00	 4.2367000000e+01
4.7687000000e+00	 8.5881000000e+00	 4.5257000000e+01
5.1660000000e+00	 9.5580000000e+00	 4.8593000000e+01
5.6357000000e+00	 1.0742000000e+01	 5.2518000000e+01
6.1993000000e+00	 1.2195000000e+01	 5.7156000000e+01
6.8881000000e+00	 1.4088000000e+01	 6.2841000000e+01
7.7491000000e+00	 1.6755000000e+01	 6.9857000000e+01
8.8561000000e+00	 2.0837000000e+01	 7.8274000000e+01
1.0332000000e+01	 2.6216000000e+01	 8.8197000000e+01
1.2399000000e+01	 3.3519000000e+01	 1.0128000000e+02
1.3776000000e+01	 3.8461000000e+01	 1.0896000000e+02
1.5498000000e+01	 4.3775000000e+01	 1.1839000000e+02
1.7712000000e+01	 5.0951000000e+01	 1.2949000000e+02
1.9075000000e+01	 5.4413000000e+01	 1.3609000000e+02
2.0664000000e+01	 5.8580000000e+01	 1.4423000000e+02
2.2543000000e+01	 6.3554000000e+01	 1.5345000000e+02
2.4797000000e+01	 6.8535000000e+01	 1.6481000000e+02
2.7552000000e+01	 7.5748000000e+01	 1.8178000000e+02
3.0996000000e+01	 9.1955000000e+01	 1.9999000000e+02
3.3333000000e+01	 1.0210000000e+02	 2.0810000000e+02
4.0000000000e+01	 1.2514000000e+02	 2.3019000000e+02
4.4444000000e+01	 1.4005000000e+02	 2.4343000000e+02
5.0000000000e+01	 1.5730000000e+02	 2.5826000000e+02
5.7144000000e+01	 1.7793000000e+02	 2.7534000000e+02
6.6666000000e+01	 2.0263000000e+02	 2.9542000000e+02
8.0001000000e+01	 2.3356000000e+02	 3.2108000000e+02
9.9996000000e+01	 2.7438000000e+02	 3.5435000000e+02
1.2500000000e+02	 3.1881000000e+02	 3.9171000000e+02
1.3776000000e+02	 3.3962000000e+02	 4.0892000000e+02
1.5385000000e+02	 3.6404000000e+02	 4.2962000000e+02
1.7712000000e+02	 3.9793000000e+02	 4.5850000000e+02
2.0000000000e+02	 4.2396000000e+02	 4.8370000000e+02
