    0.2100    0.8610    0.6360
    0.2200    0.9030    0.7210
    0.2300    0.9650    0.8070
    0.2400    1.0500    0.8850
    0.2500    1.1660    0.9360
    0.2600    1.2860    0.9290
    0.2700    1.3670    0.8860
    0.2800    1.4140    0.8420
    0.2900    1.4410    0.8060
    0.3000    1.4580    0.7790
    0.3100    1.4690    0.7580
    0.3200    1.4740    0.7440
    0.3300    1.4820    0.7370
    0.3400    1.4890    0.7260
    0.3500    1.4890    0.7190
    0.3600    1.4890    0.7180
    0.3700    1.4900    0.7210
    0.3800    1.4940    0.7250
    0.3900    1.4990    0.7290
    0.4000    1.5040    0.7330
    0.4100    1.5080    0.7360
    0.4200    1.5110    0.7390
    0.4300    1.5140    0.7450
    0.4400    1.5170    0.7510
    0.4500    1.5200    0.7580
    0.4600    1.5240    0.7650
    0.4700    1.5280    0.7730
    0.4800    1.5320    0.7820
    0.4900    1.5390    0.7900
    0.5000    1.5440    0.7960
    0.5100    1.5490    0.8020
    0.5200    1.5530    0.8090
    0.5300    1.5580    0.8160
    0.5400    1.5620    0.8230
    0.5500    1.5660    0.8310
    0.5600    1.5690    0.8380
    0.5700    1.5720    0.8460
    0.5800    1.5770    0.8550
    0.5900    1.5810    0.8630
    0.6000    1.5850    0.8700
    0.6100    1.5890    0.8780
    0.6200    1.5930    0.8870
    0.6300    1.5970    0.8950
    0.6400    1.6020    0.9050
    0.6500    1.6070    0.9120
    0.6600    1.6100    0.9190
    0.6700    1.6120    0.9280
    0.6800    1.6160    0.9380
    0.6900    1.6210    0.9470
    0.7000    1.6250    0.9560
    0.7100    1.6300    0.9650
    0.7200    1.6340    0.9740
    0.7300    1.6390    0.9830
    0.7400    1.6440    0.9920
    0.7500    1.6480    1.0000
    0.7600    1.6530    1.0100
    0.7700    1.6580    1.0180
    0.7800    1.6630    1.0270
    0.7900    1.6680    1.0360
    0.8000    1.6740    1.0430
    0.8100    1.6780    1.0490
    0.8200    1.6820    1.0580
    0.8300    1.6860    1.0660
    0.8400    1.6890    1.0750
    0.8500    1.6940    1.0830
    0.8600    1.6970    1.0900
    0.8700    1.7010    1.0990
    0.8800    1.7040    1.1080
    0.8900    1.7080    1.1180
    0.9000    1.7130    1.1260
    0.9100    1.7160    1.1350
    0.9200    1.7190    1.1450
    0.9300    1.7240    1.1540
    0.9400    1.7280    1.1640
    0.9500    1.7330    1.1730
    0.9600    1.7370    1.1820
    0.9700    1.7420    1.1910
    0.9800    1.7470    1.2010
    0.9900    1.7510    1.2100
    1.0000    1.7560    1.2190
    1.0100    1.7610    1.2280
    1.0200    1.7660    1.2380
    1.0300    1.7710    1.2470
    1.0400    1.7750    1.2560
    1.0500    1.7810    1.2660
    1.0600    1.7860    1.2750
    1.0700    1.7910    1.2830
    1.0800    1.7960    1.2930
    1.0900    1.8010    1.3020
    1.1000    1.8070    1.3110
    1.1100    1.8120    1.3200
    1.1200    1.8170    1.3290
    1.1300    1.8220    1.3380
    1.1400    1.8280    1.3470
    1.1500    1.8340    1.3560
    1.1600    1.8390    1.3660
    1.1700    1.8450    1.3750
    1.1800    1.8510    1.3840
    1.1900    1.8560    1.3930
    1.2000    1.8640    1.4030
    1.2100    1.8700    1.4100
    1.2200    1.8760    1.4190
    1.2300    1.8830    1.4270
    1.2400    1.8880    1.4350
    1.2500    1.8950    1.4440
    1.2600    1.9010    1.4520
    1.2700    1.9070    1.4600
    1.2800    1.9140    1.4690
    1.2900    1.9200    1.4760
    1.3000    1.9260    1.4840
    1.3100    1.9330    1.4930
    1.3200    1.9390    1.5000
    1.3300    1.9450    1.5080
    1.3400    1.9520    1.5160
    1.3500    1.9590    1.5240
    1.3600    1.9650    1.5310
    1.3700    1.9710    1.5390
    1.3800    1.9780    1.5470
    1.3900    1.9850    1.5540
    1.4000    1.9910    1.5610
    1.4100    1.9970    1.5680
    1.4200    2.0040    1.5750
    1.4300    2.0100    1.5830
    1.4400    2.0160    1.5900
    1.4500    2.0230    1.5970
    1.4600    2.0290    1.6040
    1.4700    2.0360    1.6110
    1.4800    2.0420    1.6190
    1.4900    2.0480    1.6250
    1.5000    2.0540    1.6320
    1.5100    2.0620    1.6400
    1.5200    2.0680    1.6470
    1.5300    2.0760    1.6530
    1.5400    2.0810    1.6590
    1.5500    2.0880    1.6670
    1.5600    2.0950    1.6730
    1.5700    2.1020    1.6800
    1.5800    2.1080    1.6850
    1.5900    2.1130    1.6920
    1.6000    2.1200    1.6980
    1.6100    2.1270    1.7050
    1.6200    2.1340    1.7110
    1.6300    2.1410    1.7170
    1.6400    2.1460    1.7230
    1.6500    2.1530    1.7290
    1.6600    2.1600    1.7350
    1.6700    2.1660    1.7410
    1.6800    2.1720    1.7470
    1.6900    2.1780    1.7540
    1.7000    2.1850    1.7600
    1.7100    2.1910    1.7650
    1.7200    2.1980    1.7710
    1.7300    2.2040    1.7770
    1.7400    2.2110    1.7840
    1.7500    2.2180    1.7890
    1.7600    2.2240    1.7950
    1.7700    2.2310    1.8010
    1.7800    2.2380    1.8070
    1.7900    2.2460    1.8120
    1.8000    2.2530    1.8170
    1.8100    2.2600    1.8200
    1.8200    2.2650    1.8250
    1.8300    2.2710    1.8310
    1.8400    2.2790    1.8360
    1.8500    2.2860    1.8400
    1.8600    2.2930    1.8430
    1.8700    2.2970    1.8470
    1.8800    2.3020    1.8510
    1.8900    2.3070    1.8570
    1.9000    2.3140    1.8620
    1.9100    2.3190    1.8670
    1.9200    2.3250    1.8720
    1.9300    2.3310    1.8760
    1.9400    2.3370    1.8810
    1.9500    2.3430    1.8850
    1.9600    2.3490    1.8900
    1.9700    2.3540    1.8950
    1.9800    2.3610    1.8990
    1.9900    2.3660    1.9040
    2.0000    2.3740    1.9090
    2.0100    2.3800    1.9110
    2.0200    2.3840    1.9150
    2.0300    2.3890    1.9200
    2.0400    2.3950    1.9240
    2.0500    2.4000    1.9280
    2.0600    2.4060    1.9320
    2.0700    2.4110    1.9360
    2.0800    2.4170    1.9400
    2.0900    2.4230    1.9440
    2.1000    2.4280    1.9470
    2.1100    2.4330    1.9510
    2.1200    2.4380    1.9550
    2.1300    2.4420    1.9580
    2.1400    2.4470    1.9620
    2.1500    2.4520    1.9650
    2.1600    2.4560    1.9690
    2.1700    2.4600    1.9730
    2.1800    2.4650    1.9770
    2.1900    2.4690    1.9810
    2.2000    2.4730    1.9850
    2.2100    2.4770    1.9890
    2.2200    2.4820    1.9940
    2.2300    2.4860    1.9980
    2.2400    2.4910    2.0030
    2.2500    2.4960    2.0070
    2.2600    2.5000    2.0090
    2.2700    2.5030    2.0140
    2.2800    2.5060    2.0180
    2.2900    2.5100    2.0230
    2.3000    2.5150    2.0280
    2.3100    2.5190    2.0320
    2.3200    2.5230    2.0370
    2.3300    2.5270    2.0420
    2.3400    2.5310    2.0460
    2.3500    2.5350    2.0510
    2.3600    2.5390    2.0550
    2.3700    2.5440    2.0610
    2.3800    2.5480    2.0650
    2.3900    2.5530    2.0700
    2.4000    2.5570    2.0740
    2.4100    2.5610    2.0760
    2.4200    2.5650    2.0830
    2.4300    2.5700    2.0880
    2.4400    2.5740    2.0920
    2.4500    2.5770    2.0960
    2.4600    2.5800    2.1000
    2.4700    2.5810    2.1070
    2.4800    2.5870    2.1150
    2.4900    2.5920    2.1200
    2.5000    2.5970    2.1270
    2.5063    2.6020    2.1320
    2.5126    2.6080    2.1320
    2.5189    2.6090    2.1330
    2.5253    2.6120    2.1370
    2.5316    2.6150    2.1400
    2.5381    2.6180    2.1430
    2.5445    2.6200    2.1450
    2.5510    2.6230    2.1500
    2.5575    2.6270    2.1530
    2.5641    2.6300    2.1550
    2.5707    2.6340    2.1580
    2.5773    2.6380    2.1600
    2.5840    2.6390    2.1620
    2.5907    2.6420    2.1650
    2.5974    2.6440    2.1700
    2.6042    2.6480    2.1720
    2.6110    2.6510    2.1750
    2.6178    2.6530    2.1790
    2.6247    2.6570    2.1840
    2.6316    2.6620    2.1860
    2.6385    2.6640    2.1870
    2.6455    2.6670    2.1930
    2.6525    2.6730    2.1950
    2.6596    2.6730    2.1970
    2.6667    2.6770    2.2020
    2.6738    2.6810    2.2020
    2.6810    2.6820    2.2050
    2.6882    2.6840    2.2120
    2.6954    2.6910    2.2150
    2.7027    2.6920    2.2160
    2.7100    2.6940    2.2200
    2.7174    2.6980    2.2260
    2.7248    2.7030    2.2270
    2.7322    2.7040    2.2330
    2.7397    2.7110    2.2360
    2.7473    2.7120    2.2390
    2.7548    2.7160    2.2420
    2.7624    2.7190    2.2460
    2.7701    2.7240    2.2500
    2.7778    2.7260    2.2520
    2.7855    2.7290    2.2580
    2.7933    2.7330    2.2620
    2.8011    2.7390    2.2670
    2.8090    2.7430    2.2680
    2.8169    2.7450    2.2720
    2.8249    2.7500    2.2760
    2.8329    2.7540    2.2810
    2.8409    2.7580    2.2830
    2.8490    2.7600    2.2870
    2.8571    2.7670    2.2930
    2.8653    2.7740    2.2950
    2.8736    2.7760    2.2970
    2.8818    2.7790    2.3010
    2.8902    2.7840    2.3030
    2.8986    2.7860    2.3070
    2.9070    2.7890    2.3120
    2.9155    2.7940    2.3180
    2.9240    2.8000    2.3230
    2.9326    2.8060    2.3240
    2.9412    2.8090    2.3280
    2.9499    2.8140    2.3300
    2.9586    2.8160    2.3360
    2.9674    2.8230    2.3390
    2.9762    2.8270    2.3430
    2.9851    2.8320    2.3460
    2.9940    2.8370    2.3500
    3.0030    2.8410    2.3540
    3.0120    2.8460    2.3590
    3.0211    2.8530    2.3600
    3.0303    2.8550    2.3640
    3.0395    2.8630    2.3680
    3.0488    2.8660    2.3690
    3.0581    2.8710    2.3730
    3.0675    2.8750    2.3760
    3.0769    2.8800    2.3800
    3.0864    2.8840    2.3840
    3.0960    2.8910    2.3870
    3.1056    2.8920    2.3880
    3.1153    2.8950    2.3950
    3.1250    2.9000    2.3990
    3.1348    2.9090    2.4060
    3.1447    2.9150    2.4060
    3.1546    2.9180    2.4090
    3.1646    2.9220    2.4140
    3.1746    2.9290    2.4200
    3.1847    2.9370    2.4220
    3.1949    2.9420    2.4210
    3.2051    2.9430    2.4230
    3.2154    2.9470    2.4300
    3.2258    2.9560    2.4350
    3.2362    2.9600    2.4360
    3.2468    2.9650    2.4400
    3.2573    2.9710    2.4420
    3.2680    2.9740    2.4450
    3.2787    2.9790    2.4500
    3.2895    2.9830    2.4530
    3.3003    2.9910    2.4590
    3.3113    2.9960    2.4600
    3.3223    3.0000    2.4640
    3.3333    3.0070    2.4670
    3.3445    3.0110    2.4690
    3.3557    3.0150    2.4740
    3.3670    3.0220    2.4770
    3.3784    3.0270    2.4780
    3.3898    3.0310    2.4820
    3.4014    3.0370    2.4860
    3.4130    3.0390    2.4880
    3.4247    3.0450    2.4930
    3.4364    3.0500    2.4960
    3.4483    3.0550    2.5010
    3.4602    3.0610    2.5050
    3.4722    3.0650    2.5070
    3.4843    3.0700    2.5110
    3.4965    3.0760    2.5150
    3.5088    3.0780    2.5190
    3.5211    3.0840    2.5270
    3.5336    3.0920    2.5290
    3.5461    3.0970    2.5330
    3.5587    3.1020    2.5380
    3.5714    3.1080    2.5420
    3.5842    3.1140    2.5470
    3.5971    3.1230    2.5500
    3.6101    3.1270    2.5500
    3.6232    3.1290    2.5570
    3.6364    3.1390    2.5610
    3.6496    3.1430    2.5620
    3.6630    3.1480    2.5670
    3.6765    3.1530    2.5720
    3.6900    3.1610    2.5760
    3.7037    3.1650    2.5790
    3.7175    3.1710    2.5830
    3.7313    3.1750    2.5880
    3.7453    3.1840    2.5930
    3.7594    3.1870    2.5960
    3.7736    3.1930    2.6020
    3.7879    3.2010    2.6060
    3.8023    3.2080    2.6070
    3.8168    3.2110    2.6130
    3.8314    3.2170    2.6200
    3.8462    3.2250    2.6250
    3.8610    3.2310    2.6260
    3.8760    3.2380    2.6310
    3.8911    3.2440    2.6340
    3.9063    3.2490    2.6390
    3.9216    3.2540    2.6440
    3.9370    3.2610    2.6500
    3.9526    3.2690    2.6540
    3.9683    3.2750    2.6580
    3.9841    3.2830    2.6640
    4.0000    3.2890    2.6660
    4.0161    3.2950    2.6740
    4.0323    3.3050    2.6790
    4.0486    3.3110    2.6820
    4.0650    3.3180    2.6880
    4.0816    3.3280    2.6900
    4.0984    3.3350    2.6940
    4.1152    3.3430    2.6980
    4.1322    3.3520    2.7060
    4.1494    3.3660    2.7080
    4.1667    3.3760    2.7100
    4.1841    3.3920    2.7150
    4.2017    3.4160    2.7010
    4.2194    3.4170    2.6690
    4.2373    3.3830    2.6530
    4.2553    3.3670    2.6780
    4.2735    3.3680    2.6850
    4.2918    3.3610    2.7010
    4.3103    3.3560    2.7200
    4.3290    3.3660    2.7460
    4.3478    3.3790    2.7580
    4.3668    3.3930    2.7720
    4.3860    3.4080    2.7780
    4.4053    3.4190    2.7820
    4.4248    3.4270    2.7880
    4.4444    3.4370    2.7960
    4.4643    3.4470    2.8010
    4.4843    3.4560    2.8060
    4.5045    3.4640    2.8100
    4.5249    3.4710    2.8170
    4.5455    3.4820    2.8220
    4.5662    3.4880    2.8280
    4.5872    3.4980    2.8370
    4.6083    3.5060    2.8450
    4.6296    3.5190    2.8510
    4.6512    3.5280    2.8530
    4.6729    3.5370    2.8590
    4.6948    3.5470    2.8630
    4.7170    3.5560    2.8680
    4.7393    3.5620    2.8720
    4.7619    3.5700    2.8830
    4.7847    3.5810    2.8870
    4.8077    3.5900    2.8940
    4.8309    3.6040    2.8990
    4.8544    3.6100    2.9000
    4.8780    3.6160    2.9070
    4.9020    3.6270    2.9150
    4.9261    3.6390    2.9210
    4.9505    3.6480    2.9230
    4.9751    3.6500    2.9280
    5.0000    3.6530    2.9420
    5.0251    3.6720    2.9590
    5.0505    3.6910    2.9610
    5.0761    3.7020    2.9650
    5.1020    3.7140    2.9700
    5.1282    3.7260    2.9740
    5.1546    3.7380    2.9770
    5.1813    3.7480    2.9820
    5.2083    3.7600    2.9880
    5.2356    3.7730    2.9910
    5.2632    3.7830    2.9940
    5.2910    3.7930    3.0000
    5.3191    3.8070    3.0030
    5.3476    3.8170    3.0060
    5.3763    3.8290    3.0100
    5.4054    3.8380    3.0100
    5.4348    3.8460    3.0170
    5.4645    3.8560    3.0220
    5.4945    3.8690    3.0280
    5.5249    3.8820    3.0300
    5.5556    3.8900    3.0340
    5.5866    3.9020    3.0400
    5.6180    3.9130    3.0400
    5.6497    3.9220    3.0460
    5.6818    3.9350    3.0500
    5.7143    3.9440    3.0510
    5.7471    3.9460    3.0550
    5.7803    3.9590    3.0650
    5.8140    3.9730    3.0690
    5.8480    3.9860    3.0690
    5.8824    3.9910    3.0710
    5.9172    4.0010    3.0810
    5.9524    4.0130    3.0820
    5.9880    4.0190    3.0900
    6.0241    4.0340    3.0950
    6.0606    4.0400    3.0990
    6.0976    4.0540    3.1030
    6.1350    4.0590    3.1050
    6.1728    4.0680    3.1130
    6.2112    4.0730    3.1150
    6.2500    4.0690    3.1290
    6.2893    4.0850    3.1620
    6.3291    4.1250    3.1710
    6.3694    4.1450    3.1610
    6.4103    4.1550    3.1560
    6.4516    4.1620    3.1540
    6.4935    4.1620    3.1620
    6.5359    4.1770    3.1730
    6.5789    4.1890    3.1740
    6.6225    4.1980    3.1800
    6.6667    4.2080    3.1880
    6.7114    4.2200    3.1940
    6.7568    4.2340    3.2010
    6.8027    4.2470    3.2040
    6.8493    4.2560    3.2070
    6.8966    4.2640    3.2180
    6.9444    4.2800    3.2230
    6.9930    4.2880    3.2260
    7.0423    4.2980    3.2350
    7.0922    4.3130    3.2400
    7.1429    4.3220    3.2460
    7.1942    4.3340    3.2550
    7.2464    4.3450    3.2610
    7.2993    4.3590    3.2680
    7.3529    4.3700    3.2730
    7.4074    4.3820    3.2790
    7.4627    4.3930    3.2850
    7.5188    4.4060    3.2910
    7.5758    4.4120    3.2960
    7.6336    4.4230    3.3060
    7.6923    4.4330    3.3140
    7.7519    4.4430    3.3240
    7.8125    4.4570    3.3330
    7.8740    4.4650    3.3360
    7.9365    4.4730    3.3520
    8.0000    4.4900    3.3610
    8.0645    4.4940    3.3700
    8.1301    4.5110    3.3890
    8.1967    4.5280    3.3910
    8.2645    4.5330    3.4010
    8.3333    4.5470    3.4170
    8.4034    4.5640    3.4270
    8.4746    4.5760    3.4370
    8.5470    4.5880    3.4490
    8.6207    4.6000    3.4570
    8.6957    4.6120    3.4740
    8.7719    4.6340    3.4860
    8.8496    4.6470    3.4900
    8.9286    4.6510    3.5010
    9.0090    4.6640    3.5230
    9.0909    4.6840    3.5380
    9.1743    4.7030    3.5530
    9.2593    4.7230    3.5580
    9.3458    4.7290    3.5690
    9.4340    4.7450    3.5850
    9.5238    4.7580    3.6010
    9.6154    4.7790    3.6200
    9.7087    4.7980    3.6300
    9.8039    4.8140    3.6380
    9.9010    4.8250    3.6530
   10.0000    4.8430    3.6700
   10.1010    4.8590    3.6860
   10.2041    4.8780    3.7000
   10.3093    4.8920    3.7160
   10.4167    4.9110    3.7320
   10.5263    4.9240    3.7490
   10.6383    4.9480    3.7700
   10.7527    4.9690    3.7790
   10.8696    4.9860    3.7940
   10.9890    5.0030    3.8070
   11.1111    5.0190    3.8250
   11.2360    5.0350    3.8420
   11.3636    5.0490    3.8540
   11.4943    5.0590    3.8880
   11.6279    5.0990    3.9130
   11.7647    5.1160    3.9170
   11.9048    5.1260    3.9330
   12.0482    5.1400    3.9540
   12.1951    5.1580    3.9780
   12.3457    5.1770    4.0010
   12.5000    5.1960    4.0260
   12.6582    5.2110    4.0460
   12.8205    5.2280    4.0770
   12.9870    5.2550    4.1030
   13.1579    5.2750    4.1250
   13.3333    5.2910    4.1520
   13.5135    5.3110    4.1860
   13.6986    5.3360    4.2110
   13.8889    5.3520    4.2430
   14.0845    5.3810    4.2790
   14.2857    5.4080    4.3010
   14.4928    5.4220    4.3280
   14.7059    5.4410    4.3650
   14.9254    5.4570    4.4050
   15.1515    5.4800    4.4490
   15.3846    5.5010    4.4910
   15.6250    5.5350    4.5440
   15.8730    5.5720    4.5790
   16.1290    5.5960    4.6160
   16.3934    5.6140    4.6640
   16.6667    5.6520    4.7190
   16.9492    5.6810    4.7620
   17.2414    5.7080    4.8130
   17.5439    5.7380    4.8740
   17.8571    5.7810    4.9360
   18.1818    5.8170    4.9840
   18.5185    5.8480    5.0490
   18.8679    5.8840    5.1150
   19.2308    5.9260    5.1930
   19.6078    5.9810    5.2610
   20.0000    6.0230    5.3260
   20.4082    6.0680    5.4100
   20.8333    6.1240    5.4900
   21.2766    6.1820    5.5810
   21.7391    6.2530    5.6630
   22.2222    6.3060    5.7480
   22.7273    6.3720    5.8530
   23.2558    6.4610    5.9460
   23.8095    6.5370    6.0330
   24.3902    6.6110    6.1350
   25.0000    6.6900    6.2520
   25.6410    6.7830    6.3720
   26.3158    6.8880    6.4900
   27.0270    6.9910    6.6200
   27.7778    7.1170    6.7540
   28.5714    7.2420    6.8810
   29.4118    7.3840    7.0400
   30.3030    7.5450    7.1770
   31.2500    7.6990    7.3340
   32.2581    7.9090    7.5020
   33.3333    8.1460    7.6120
   34.4828    8.3070    7.7170
   35.7143    8.4950    7.8970
   37.0370    8.7120    8.0680
   38.4615    8.9380    8.2650
   40.0000    9.2200    8.5020
   41.6667    9.6080    8.7140
   43.4783    9.9370    8.8530
   45.4545   10.2560    9.1410
   47.6190   10.8080    9.4300
   50.0000   11.3930    9.6140
   52.6316   12.1720    9.7710
   55.5556   12.9720    9.7680
