500.000000 5.905914e-11
510.000000 5.916070e-11
520.000000 5.925843e-11
530.000000 5.935265e-11
540.000000 5.944359e-11
550.000000 5.953152e-11
560.000000 5.961664e-11
570.000000 5.969917e-11
580.000000 5.977926e-11
590.000000 5.985710e-11
600.000000 5.993282e-11
610.000000 6.000658e-11
620.000000 6.007848e-11
630.000000 6.014864e-11
640.000000 6.021717e-11
650.000000 6.028415e-11
660.000000 6.034968e-11
670.000000 6.041383e-11
680.000000 6.047667e-11
690.000000 6.053828e-11
700.000000 6.059870e-11
710.000000 6.065800e-11
720.000000 6.071623e-11
730.000000 6.077343e-11
740.000000 6.082965e-11
750.000000 6.088493e-11
760.000000 6.093930e-11
770.000000 6.099280e-11
780.000000 6.104546e-11
790.000000 6.109731e-11
800.000000 6.114838e-11
810.000000 6.119869e-11
820.000000 6.124827e-11
830.000000 6.129713e-11
840.000000 6.134530e-11
850.000000 6.139280e-11
860.000000 6.143964e-11
870.000000 6.148585e-11
880.000000 6.153143e-11
890.000000 6.157640e-11
900.000000 6.162078e-11
910.000000 6.166457e-11
920.000000 6.170780e-11
930.000000 6.175046e-11
940.000000 6.179258e-11
950.000000 6.183415e-11
960.000000 6.187519e-11
970.000000 6.191571e-11
980.000000 6.195571e-11
990.000000 6.199521e-11
1000.000000 6.203420e-11
1010.000000 6.207270e-11
