    1    0.004008    0.002004    0.004008    1.583116
    2    0.008223    0.006116    0.004215    1.665071
    3    0.012644    0.010434    0.004421    1.746149
    4    0.017268    0.014956    0.004624    1.826351
    5    0.022092    0.019680    0.004824    1.905676
    6    0.027115    0.024604    0.005023    1.984125
    7    0.032335    0.029725    0.005219    2.061697
    8    0.037748    0.035041    0.005414    2.138392
    9    0.043354    0.040551    0.005606    2.214211
   10    0.049149    0.046252    0.005795    2.289154
   11    0.055132    0.052141    0.005983    2.363220
   12    0.061300    0.058216    0.006168    2.436409
   13    0.067651    0.064476    0.006351    2.508722
   14    0.074183    0.070917    0.006532    2.580158
   15    0.080894    0.077539    0.006711    2.650718
   16    0.087781    0.084338    0.006887    2.720402
   17    0.094842    0.091312    0.007061    2.789208
   18    0.102076    0.098459    0.007233    2.857139
   19    0.109479    0.105777    0.007403    2.924192
   20    0.117049    0.113264    0.007571    2.990370
   21    0.124785    0.120917    0.007736    3.055671
   22    0.132684    0.128735    0.007899    3.120095
   23    0.140744    0.136714    0.008060    3.183642
   24    0.148963    0.144853    0.008219    3.246314
   25    0.157337    0.153150    0.008375    3.308108
   26    0.165867    0.161602    0.008529    3.369027
   27    0.174548    0.170207    0.008681    3.429068
   28    0.183379    0.178963    0.008831    3.488233
   29    0.192357    0.187868    0.008979    3.546522
   30    0.201481    0.196919    0.009124    3.603934
   31    0.210748    0.206115    0.009267    3.660469
   32    0.220156    0.215452    0.009408    3.716129
   33    0.229703    0.224929    0.009547    3.770911
   34    0.239386    0.234544    0.009683    3.824817
   35    0.249203    0.244295    0.009817    3.877847
   36    0.259153    0.254178    0.009949    3.929999
   37    0.269232    0.264192    0.010079    3.981276
   38    0.279439    0.274335    0.010207    4.031676
   39    0.289771    0.284605    0.010332    4.081199
   40    0.300226    0.294998    0.010455    4.129846
   41    0.310802    0.305514    0.010576    4.177616
   42    0.321497    0.316150    0.010695    4.224510
   43    0.332309    0.326903    0.010811    4.270528
   44    0.343234    0.337772    0.010926    4.315668
   45    0.354272    0.348753    0.011038    4.359933
   46    0.365420    0.359846    0.011148    4.403320
   47    0.376675    0.371047    0.011255    4.445832
   48    0.388036    0.382355    0.011361    4.487466
   49    0.399500    0.393768    0.011464    4.528225
   50    0.411064    0.405282    0.011565    4.568106
   51    0.422728    0.416896    0.011664    4.607111
   52    0.434488    0.428608    0.011760    4.645240
   53    0.446343    0.440415    0.011854    4.682492
   54    0.458289    0.452316    0.011947    4.718868
   55    0.470325    0.464307    0.012036    4.754367
   56    0.482449    0.476387    0.012124    4.788989
   57    0.494659    0.488554    0.012209    4.822735
   58    0.506952    0.500805    0.012293    4.855605
   59    0.519325    0.513138    0.012374    4.887598
   60    0.531778    0.525551    0.012452    4.918714
   61    0.544307    0.538042    0.012529    4.948954
   62    0.556910    0.550608    0.012603    4.978318
   63    0.569585    0.563248    0.012675    5.006805
   64    0.582331    0.575958    0.012745    5.034415
   65    0.595144    0.588737    0.012813    5.061149
   66    0.608022    0.601583    0.012878    5.087006
   67    0.620964    0.614493    0.012942    5.111987
   68    0.633967    0.627465    0.013003    5.136091
   69    0.647028    0.640498    0.013062    5.159319
   70    0.660147    0.653588    0.013118    5.181670
   71    0.673319    0.666733    0.013173    5.203145
   72    0.686544    0.679931    0.013225    5.223743
   73    0.699818    0.693181    0.013275    5.243465
   74    0.713141    0.706480    0.013322    5.262310
   75    0.726508    0.719825    0.013368    5.280279
   76    0.739920    0.733214    0.013411    5.297371
   77    0.753372    0.746646    0.013452    5.313587
   78    0.766863    0.760117    0.013491    5.328926
   79    0.780390    0.773626    0.013528    5.343388
   80    0.793952    0.787171    0.013562    5.356974
   81    0.807546    0.800749    0.013594    5.369684
   82    0.821170    0.814358    0.013624    5.381517
   83    0.834822    0.827996    0.013652    5.392474
   84    0.848500    0.841661    0.013677    5.402554
   85    0.862200    0.855350    0.013701    5.411757
   86    0.875922    0.869061    0.013722    5.420084
   87    0.889663    0.882792    0.013741    5.427534
   88    0.903420    0.896541    0.013757    5.434108
   89    0.917191    0.910306    0.013772    5.439806
   90    0.930975    0.924083    0.013784    5.444626
   91    0.944769    0.937872    0.013794    5.448571
   92    0.958571    0.951670    0.013802    5.451639
   93    0.972378    0.965474    0.013807    5.453830
   94    0.986188    0.979283    0.013810    5.455145
   95    1.000000    0.993094    0.013812    5.455583
   96    1.013812    1.006906    0.013812    5.455583
   97    1.027622    1.020717    0.013810    5.455145
   98    1.041429    1.034526    0.013807    5.453830
   99    1.055231    1.048330    0.013802    5.451639
  100    1.069025    1.062128    0.013794    5.448571
  101    1.082809    1.075917    0.013784    5.444626
  102    1.096580    1.089694    0.013772    5.439806
  103    1.110337    1.103459    0.013757    5.434108
  104    1.124078    1.117208    0.013741    5.427534
  105    1.137800    1.130939    0.013722    5.420084
  106    1.151500    1.144650    0.013701    5.411757
  107    1.165178    1.158339    0.013677    5.402554
  108    1.178830    1.172004    0.013652    5.392474
  109    1.192454    1.185642    0.013624    5.381517
  110    1.206048    1.199251    0.013594    5.369684
  111    1.219610    1.212829    0.013562    5.356974
  112    1.233137    1.226374    0.013528    5.343388
  113    1.246628    1.239883    0.013491    5.328926
  114    1.260080    1.253354    0.013452    5.313587
  115    1.273492    1.266786    0.013411    5.297371
  116    1.286859    1.280175    0.013368    5.280279
  117    1.300182    1.293520    0.013322    5.262310
  118    1.313456    1.306819    0.013275    5.243465
  119    1.326681    1.320069    0.013225    5.223743
  120    1.339853    1.333267    0.013173    5.203145
  121    1.352972    1.346412    0.013118    5.181670
  122    1.366033    1.359502    0.013062    5.159319
  123    1.379036    1.372535    0.013003    5.136091
  124    1.391978    1.385507    0.012942    5.111987
  125    1.404856    1.398417    0.012878    5.087006
  126    1.417669    1.411263    0.012813    5.061149
  127    1.430415    1.424042    0.012745    5.034415
  128    1.443090    1.436752    0.012675    5.006805
  129    1.455693    1.449392    0.012603    4.978318
  130    1.468222    1.461958    0.012529    4.948954
  131    1.480675    1.474449    0.012452    4.918714
  132    1.493048    1.486862    0.012374    4.887598
  133    1.505341    1.499195    0.012293    4.855605
  134    1.517551    1.511446    0.012209    4.822735
  135    1.529675    1.523613    0.012124    4.788989
  136    1.541711    1.535693    0.012036    4.754367
  137    1.553657    1.547684    0.011947    4.718868
  138    1.565512    1.559585    0.011854    4.682492
  139    1.577272    1.571392    0.011760    4.645240
  140    1.588936    1.583104    0.011664    4.607111
  141    1.600500    1.594718    0.011565    4.568106
  142    1.611964    1.606232    0.011464    4.528225
  143    1.623325    1.617645    0.011361    4.487466
  144    1.634580    1.628953    0.011255    4.445832
  145    1.645728    1.640154    0.011148    4.403320
  146    1.656766    1.651247    0.011038    4.359933
  147    1.667691    1.662228    0.010926    4.315668
  148    1.678503    1.673097    0.010811    4.270528
  149    1.689198    1.683850    0.010695    4.224510
  150    1.699774    1.694486    0.010576    4.177616
  151    1.710229    1.705002    0.010455    4.129846
  152    1.720561    1.715395    0.010332    4.081199
  153    1.730768    1.725665    0.010207    4.031676
  154    1.740847    1.735808    0.010079    3.981276
  155    1.750797    1.745822    0.009949    3.929999
  156    1.760614    1.755705    0.009817    3.877847
  157    1.770297    1.765456    0.009683    3.824817
  158    1.779844    1.775071    0.009547    3.770911
  159    1.789252    1.784548    0.009408    3.716129
  160    1.798519    1.793885    0.009267    3.660469
  161    1.807643    1.803081    0.009124    3.603934
  162    1.816621    1.812132    0.008979    3.546522
  163    1.825452    1.821037    0.008831    3.488233
  164    1.834133    1.829793    0.008681    3.429068
  165    1.842663    1.838398    0.008529    3.369027
  166    1.851037    1.846850    0.008375    3.308108
  167    1.859256    1.855147    0.008219    3.246314
  168    1.867316    1.863286    0.008060    3.183642
  169    1.875215    1.871265    0.007899    3.120095
  170    1.882951    1.879083    0.007736    3.055671
  171    1.890521    1.886736    0.007571    2.990370
  172    1.897924    1.894223    0.007403    2.924192
  173    1.905158    1.901541    0.007233    2.857139
  174    1.912219    1.908688    0.007061    2.789208
  175    1.919106    1.915662    0.006887    2.720402
  176    1.925817    1.922461    0.006711    2.650718
  177    1.932349    1.929083    0.006532    2.580158
  178    1.938700    1.935524    0.006351    2.508722
  179    1.944868    1.941784    0.006168    2.436409
  180    1.950851    1.947859    0.005983    2.363220
  181    1.956646    1.953748    0.005795    2.289154
  182    1.962252    1.959449    0.005606    2.214211
  183    1.967665    1.964959    0.005414    2.138392
  184    1.972885    1.970275    0.005219    2.061697
  185    1.977908    1.975396    0.005023    1.984125
  186    1.982732    1.980320    0.004824    1.905676
  187    1.987356    1.985044    0.004624    1.826351
  188    1.991777    1.989566    0.004421    1.746149
  189    1.995992    1.993884    0.004215    1.665071
  190    2.000000    1.997996    0.004008    1.583116
