     0.20039E-02     0.99392E+00     0.99392E+00     0.60146E+00     0.10000E+01     0.10000E+01     0.10000E+01     0.40700E+01     0.24679E+00     0.95191E-01     0.16719E+03     0.31215E+00     0.56032E+01     0.25522E-02     0.00000E+00     0.00000E+00     0.00000E+00     0.00000E+00
     0.61156E-02     0.98289E+00     0.98289E+00     0.60414E+00     0.10000E+01     0.10000E+01     0.10000E+01     0.29871E+01     0.17989E+00     0.93147E-01     0.16678E+03     0.35152E+00     0.56538E+01     0.77006E-02     0.00000E+00     0.00000E+00     0.00000E+00     0.00000E+00
     0.10434E-01     0.97313E+00     0.97313E+00     0.60652E+00     0.10000E+01     0.10000E+01     0.10000E+01     0.22194E+01     0.16173E+00     0.91254E-01     0.16625E+03     0.40675E+00     0.56994E+01     0.12662E-01     0.00000E+00     0.00000E+00     0.00000E+00     0.00000E+00
     0.14956E-01     0.96441E+00     0.96441E+00     0.60867E+00     0.10000E+01     0.10000E+01     0.10000E+01     0.16430E+01     0.18407E+00     0.89939E-01     0.16565E+03     0.47063E+00     0.57402E+01     0.17742E-01     0.00000E+00     0.00000E+00     0.00000E+00     0.00000E+00
     0.19680E-01     0.95653E+00     0.95654E+00     0.61062E+00     0.10000E+01     0.10000E+01     0.10000E+01     0.12128E+01     0.22550E+00     0.87944E-01     0.16502E+03     0.53942E+00     0.57775E+01     0.23094E-01     0.00000E+00     0.00000E+00     0.00000E+00     0.00000E+00
     0.24604E-01     0.94935E+00     0.94936E+00     0.61241E+00     0.10000E+01     0.10000E+01     0.10000E+01     0.89407E+00     0.27529E+00     0.87237E-01     0.16439E+03     0.61535E+00     0.58120E+01     0.28153E-01     0.00000E+00     0.00000E+00     0.00000E+00     0.00000E+00
     0.29725E-01     0.94273E+00     0.94275E+00     0.61407E+00     0.10000E+01     0.10000E+01     0.10000E+01     0.64589E+00     0.32189E+00     0.86142E-01     0.16376E+03     0.69340E+00     0.58439E+01     0.33220E-01     0.00000E+00     0.00000E+00     0.00000E+00     0.00000E+00
     0.35041E-01     0.93659E+00     0.93661E+00     0.61562E+00     0.10000E+01     0.10000E+01     0.10000E+01     0.45182E+00     0.36405E+00     0.85461E-01     0.16313E+03     0.77283E+00     0.58737E+01     0.38323E-01     0.00000E+00     0.00000E+00     0.00000E+00     0.00000E+00
     0.40551E-01     0.93084E+00     0.93087E+00     0.61707E+00     0.10000E+01     0.10000E+01     0.10000E+01     0.30084E+00     0.40097E+00     0.83808E-01     0.16252E+03     0.85369E+00     0.59017E+01     0.43321E-01     0.00000E+00     0.00000E+00     0.00000E+00     0.00000E+00
     0.46252E-01     0.92542E+00     0.92546E+00     0.61845E+00     0.10000E+01     0.10000E+01     0.10000E+01     0.18260E+00     0.43485E+00     0.83549E-01     0.16192E+03     0.93303E+00     0.59284E+01     0.48105E-01     0.00000E+00     0.00000E+00     0.00000E+00     0.00000E+00
     0.52141E-01     0.92028E+00     0.92033E+00     0.61976E+00     0.10000E+01     0.10000E+01     0.10000E+01     0.92029E-01     0.46590E+00     0.82651E-01     0.16133E+03     0.10123E+01     0.59539E+01     0.52660E-01     0.00000E+00     0.00000E+00     0.00000E+00     0.00000E+00
     0.58216E-01     0.91538E+00     0.91544E+00     0.62102E+00     0.10000E+01     0.10000E+01     0.10000E+01     0.21590E-01     0.49158E+00     0.81995E-01     0.16076E+03     0.10919E+01     0.59782E+01     0.57036E-01     0.00000E+00     0.00000E+00     0.00000E+00     0.00000E+00
     0.64476E-01     0.91069E+00     0.91075E+00     0.62223E+00     0.10000E+01     0.10000E+01     0.10000E+01    -0.34242E-01     0.51399E+00     0.80740E-01     0.16020E+03     0.11690E+01     0.60017E+01     0.61272E-01     0.00000E+00     0.00000E+00     0.00000E+00     0.00000E+00
     0.70917E-01     0.90619E+00     0.90626E+00     0.62339E+00     0.10000E+01     0.10000E+01     0.10000E+01    -0.77538E-01     0.53152E+00     0.80265E-01     0.15965E+03     0.12446E+01     0.60243E+01     0.65367E-01     0.00000E+00     0.00000E+00     0.00000E+00     0.00000E+00
     0.77539E-01     0.90185E+00     0.90193E+00     0.62452E+00     0.10000E+01     0.10000E+01     0.10000E+01    -0.10943E+00     0.54769E+00     0.79910E-01     0.15911E+03     0.13175E+01     0.60463E+01     0.69297E-01     0.00000E+00     0.00000E+00     0.00000E+00     0.00000E+00
     0.84338E-01     0.89766E+00     0.89775E+00     0.62561E+00     0.10000E+01     0.10000E+01     0.10000E+01    -0.13506E+00     0.56165E+00     0.78842E-01     0.15858E+03     0.13879E+01     0.60675E+01     0.73066E-01     0.00000E+00     0.00000E+00     0.00000E+00     0.00000E+00
     0.91312E-01     0.89360E+00     0.89370E+00     0.62667E+00     0.10000E+01     0.10000E+01     0.10000E+01    -0.15473E+00     0.57460E+00     0.78436E-01     0.15807E+03     0.14569E+01     0.60882E+01     0.76693E-01     0.00000E+00     0.00000E+00     0.00000E+00     0.00000E+00
     0.98459E-01     0.88967E+00     0.88977E+00     0.62770E+00     0.10000E+01     0.10000E+01     0.10000E+01    -0.17235E+00     0.58507E+00     0.77758E-01     0.15757E+03     0.15238E+01     0.61084E+01     0.80195E-01     0.00000E+00     0.00000E+00     0.00000E+00     0.00000E+00
     0.10578E+00     0.88584E+00     0.88595E+00     0.62871E+00     0.10000E+01     0.10000E+01     0.10000E+01    -0.18399E+00     0.59558E+00     0.77172E-01     0.15709E+03     0.15878E+01     0.61281E+01     0.83572E-01     0.00000E+00     0.00000E+00     0.00000E+00     0.00000E+00
     0.11326E+00     0.88209E+00     0.88221E+00     0.62970E+00     0.10000E+01     0.10000E+01     0.10000E+01    -0.18982E+00     0.60374E+00     0.76553E-01     0.15660E+03     0.16512E+01     0.61475E+01     0.86841E-01     0.00000E+00     0.00000E+00     0.00000E+00     0.00000E+00
     0.12092E+00     0.87843E+00     0.87855E+00     0.63067E+00     0.10000E+01     0.10000E+01     0.10000E+01    -0.19198E+00     0.61056E+00     0.76057E-01     0.15613E+03     0.17132E+01     0.61665E+01     0.90012E-01     0.00000E+00     0.00000E+00     0.00000E+00     0.00000E+00
     0.12873E+00     0.87483E+00     0.87496E+00     0.63162E+00     0.10000E+01     0.10000E+01     0.10000E+01    -0.19469E+00     0.61800E+00     0.75536E-01     0.15566E+03     0.17713E+01     0.61853E+01     0.93093E-01     0.00000E+00     0.00000E+00     0.00000E+00     0.00000E+00
     0.13671E+00     0.87129E+00     0.87143E+00     0.63257E+00     0.10000E+01     0.10000E+01     0.10000E+01    -0.19626E+00     0.62309E+00     0.75120E-01     0.15520E+03     0.18293E+01     0.62038E+01     0.96104E-01     0.00000E+00     0.00000E+00     0.00000E+00     0.00000E+00
     0.14485E+00     0.86780E+00     0.86795E+00     0.63350E+00     0.10000E+01     0.10000E+01     0.10000E+01    -0.19777E+00     0.62888E+00     0.74584E-01     0.15475E+03     0.18848E+01     0.62221E+01     0.99043E-01     0.00000E+00     0.00000E+00     0.00000E+00     0.00000E+00
     0.15315E+00     0.86435E+00     0.86451E+00     0.63442E+00     0.10000E+01     0.10000E+01     0.10000E+01    -0.19578E+00     0.63402E+00     0.74281E-01     0.15430E+03     0.19386E+01     0.62403E+01     0.10191E+00     0.00000E+00     0.00000E+00     0.00000E+00     0.00000E+00
     0.16160E+00     0.86095E+00     0.86111E+00     0.63534E+00     0.10000E+01     0.10000E+01     0.10000E+01    -0.19256E+00     0.63787E+00     0.73189E-01     0.15385E+03     0.19918E+01     0.62584E+01     0.10470E+00     0.00000E+00     0.00000E+00     0.00000E+00     0.00000E+00
     0.17021E+00     0.85759E+00     0.85776E+00     0.63624E+00     0.10000E+01     0.10000E+01     0.10000E+01    -0.19188E+00     0.64175E+00     0.73334E-01     0.15342E+03     0.20423E+01     0.62762E+01     0.10741E+00     0.00000E+00     0.00000E+00     0.00000E+00     0.00000E+00
     0.17896E+00     0.85427E+00     0.85445E+00     0.63714E+00     0.10000E+01     0.10000E+01     0.10000E+01    -0.18903E+00     0.64353E+00     0.72810E-01     0.15298E+03     0.20931E+01     0.62939E+01     0.11006E+00     0.00000E+00     0.00000E+00     0.00000E+00     0.00000E+00
     0.18787E+00     0.85099E+00     0.85118E+00     0.63803E+00     0.10000E+01     0.10000E+01     0.10000E+01    -0.18669E+00     0.64591E+00     0.72501E-01     0.15256E+03     0.21408E+01     0.63115E+01     0.11264E+00     0.00000E+00     0.00000E+00     0.00000E+00     0.00000E+00
     0.19692E+00     0.84775E+00     0.84794E+00     0.63891E+00     0.10000E+01     0.10000E+01     0.10000E+01    -0.18221E+00     0.64795E+00     0.72070E-01     0.15213E+03     0.21882E+01     0.63289E+01     0.11517E+00     0.00000E+00     0.00000E+00     0.00000E+00     0.00000E+00
     0.20611E+00     0.84454E+00     0.84475E+00     0.63978E+00     0.10000E+01     0.10000E+01     0.10000E+01    -0.17503E+00     0.64839E+00     0.71372E-01     0.15171E+03     0.22349E+01     0.63462E+01     0.11766E+00     0.00000E+00     0.00000E+00     0.00000E+00     0.00000E+00
     0.21545E+00     0.84138E+00     0.84158E+00     0.64065E+00     0.10000E+01     0.10000E+01     0.10000E+01    -0.16827E+00     0.64946E+00     0.71151E-01     0.15130E+03     0.22797E+01     0.63634E+01     0.12010E+00     0.00000E+00     0.00000E+00     0.00000E+00     0.00000E+00
     0.22493E+00     0.83824E+00     0.83846E+00     0.64151E+00     0.10000E+01     0.10000E+01     0.10000E+01    -0.16155E+00     0.65055E+00     0.70647E-01     0.15089E+03     0.23222E+01     0.63805E+01     0.12247E+00     0.00000E+00     0.00000E+00     0.00000E+00     0.00000E+00
     0.23454E+00     0.83513E+00     0.83535E+00     0.64236E+00     0.10000E+01     0.10000E+01     0.10000E+01    -0.15343E+00     0.64925E+00     0.70425E-01     0.15048E+03     0.23638E+01     0.63974E+01     0.12477E+00     0.00000E+00     0.00000E+00     0.00000E+00     0.00000E+00
     0.24429E+00     0.83204E+00     0.83227E+00     0.64321E+00     0.10000E+01     0.10000E+01     0.10000E+01    -0.14538E+00     0.64817E+00     0.69708E-01     0.15007E+03     0.24031E+01     0.64144E+01     0.12699E+00     0.00000E+00     0.00000E+00     0.00000E+00     0.00000E+00
     0.25418E+00     0.82896E+00     0.82919E+00     0.64406E+00     0.10000E+01     0.10000E+01     0.10000E+01    -0.13664E+00     0.64420E+00     0.69850E-01     0.14967E+03     0.24429E+01     0.64313E+01     0.12913E+00     0.00000E+00     0.00000E+00     0.00000E+00     0.00000E+00
     0.26419E+00     0.82589E+00     0.82613E+00     0.64491E+00     0.10000E+01     0.10000E+01     0.10000E+01    -0.12912E+00     0.64073E+00     0.69220E-01     0.14927E+03     0.24805E+01     0.64482E+01     0.13121E+00     0.00000E+00     0.00000E+00     0.00000E+00     0.00000E+00
     0.27434E+00     0.82283E+00     0.82308E+00     0.64576E+00     0.10000E+01     0.10000E+01     0.10000E+01    -0.12254E+00     0.63746E+00     0.68808E-01     0.14887E+03     0.25179E+01     0.64651E+01     0.13328E+00     0.00000E+00     0.00000E+00     0.00000E+00     0.00000E+00
     0.28460E+00     0.81978E+00     0.82003E+00     0.64661E+00     0.10000E+01     0.10000E+01     0.10000E+01    -0.11514E+00     0.63492E+00     0.68811E-01     0.14847E+03     0.25541E+01     0.64821E+01     0.13536E+00     0.00000E+00     0.00000E+00     0.00000E+00     0.00000E+00
     0.29500E+00     0.81672E+00     0.81698E+00     0.64747E+00     0.10000E+01     0.10000E+01     0.10000E+01    -0.10750E+00     0.63233E+00     0.68438E-01     0.14807E+03     0.25915E+01     0.64991E+01     0.13746E+00     0.00000E+00     0.00000E+00     0.00000E+00     0.00000E+00
     0.30551E+00     0.81367E+00     0.81394E+00     0.64832E+00     0.10000E+01     0.10000E+01     0.10000E+01    -0.10000E+00     0.63006E+00     0.68011E-01     0.14767E+03     0.26284E+01     0.65162E+01     0.13959E+00     0.00000E+00     0.00000E+00     0.00000E+00     0.00000E+00
     0.31615E+00     0.81062E+00     0.81089E+00     0.64918E+00     0.10000E+01     0.10000E+01     0.10000E+01    -0.93739E-01     0.62941E+00     0.68048E-01     0.14727E+03     0.26646E+01     0.65334E+01     0.14177E+00     0.00000E+00     0.00000E+00     0.00000E+00     0.00000E+00
     0.32690E+00     0.80756E+00     0.80784E+00     0.65004E+00     0.10000E+01     0.10000E+01     0.10000E+01    -0.86872E-01     0.62856E+00     0.67606E-01     0.14688E+03     0.27018E+01     0.65506E+01     0.14401E+00     0.00000E+00     0.00000E+00     0.00000E+00     0.00000E+00
     0.33777E+00     0.80450E+00     0.80479E+00     0.65090E+00     0.10000E+01     0.10000E+01     0.10000E+01    -0.80296E-01     0.62953E+00     0.67316E-01     0.14648E+03     0.27377E+01     0.65679E+01     0.14629E+00     0.00000E+00     0.00000E+00     0.00000E+00     0.00000E+00
     0.34875E+00     0.80144E+00     0.80173E+00     0.65177E+00     0.10000E+01     0.10000E+01     0.10000E+01    -0.73638E-01     0.62885E+00     0.67002E-01     0.14608E+03     0.27758E+01     0.65853E+01     0.14863E+00     0.00000E+00     0.00000E+00     0.00000E+00     0.00000E+00
     0.35985E+00     0.79837E+00     0.79867E+00     0.65264E+00     0.10000E+01     0.10000E+01     0.10000E+01    -0.67618E-01     0.62904E+00     0.66660E-01     0.14569E+03     0.28133E+01     0.66028E+01     0.15101E+00     0.00000E+00     0.00000E+00     0.00000E+00     0.00000E+00
     0.37105E+00     0.79528E+00     0.79559E+00     0.65352E+00     0.10000E+01     0.10000E+01     0.10000E+01    -0.61401E-01     0.62883E+00     0.66414E-01     0.14529E+03     0.28503E+01     0.66205E+01     0.15339E+00     0.00000E+00     0.00000E+00     0.00000E+00     0.00000E+00
     0.38236E+00     0.79217E+00     0.79249E+00     0.65440E+00     0.10000E+01     0.10000E+01     0.10000E+01    -0.56621E-01     0.62765E+00     0.66421E-01     0.14489E+03     0.28869E+01     0.66383E+01     0.15577E+00     0.00000E+00     0.00000E+00     0.00000E+00     0.00000E+00
     0.39377E+00     0.78904E+00     0.78936E+00     0.65530E+00     0.10000E+01     0.10000E+01     0.10000E+01    -0.54222E-01     0.62656E+00     0.65946E-01     0.14449E+03     0.29242E+01     0.66564E+01     0.15818E+00     0.00000E+00     0.00000E+00     0.00000E+00     0.00000E+00
     0.40528E+00     0.78588E+00     0.78621E+00     0.65620E+00     0.10000E+01     0.10000E+01     0.10000E+01    -0.50075E-01     0.62564E+00     0.65982E-01     0.14408E+03     0.29616E+01     0.66746E+01     0.16063E+00     0.00000E+00     0.00000E+00     0.00000E+00     0.00000E+00
     0.41690E+00     0.78270E+00     0.78305E+00     0.65712E+00     0.10000E+01     0.10000E+01     0.10000E+01    -0.47859E-01     0.62516E+00     0.65717E-01     0.14368E+03     0.30007E+01     0.66931E+01     0.16318E+00     0.00000E+00     0.00000E+00     0.00000E+00     0.00000E+00
     0.42861E+00     0.77951E+00     0.77986E+00     0.65804E+00     0.10000E+01     0.10000E+01     0.10000E+01    -0.45543E-01     0.62656E+00     0.65802E-01     0.14327E+03     0.30403E+01     0.67117E+01     0.16585E+00     0.00000E+00     0.00000E+00     0.00000E+00     0.00000E+00
     0.44042E+00     0.77631E+00     0.77667E+00     0.65896E+00     0.10000E+01     0.10000E+01     0.10000E+01    -0.42235E-01     0.62888E+00     0.65173E-01     0.14287E+03     0.30810E+01     0.67304E+01     0.16866E+00     0.00000E+00     0.00000E+00     0.00000E+00     0.00000E+00
     0.45232E+00     0.77310E+00     0.77347E+00     0.65989E+00     0.10000E+01     0.10000E+01     0.10000E+01    -0.39136E-01     0.63172E+00     0.64966E-01     0.14246E+03     0.31233E+01     0.67492E+01     0.17162E+00     0.00000E+00     0.00000E+00     0.00000E+00     0.00000E+00
     0.46431E+00     0.76988E+00     0.77026E+00     0.66083E+00     0.10000E+01     0.10000E+01     0.10000E+01    -0.35005E-01     0.63515E+00     0.65190E-01     0.14205E+03     0.31666E+01     0.67682E+01     0.17470E+00     0.00000E+00     0.00000E+00     0.00000E+00     0.00000E+00
     0.47639E+00     0.76664E+00     0.76703E+00     0.66177E+00     0.10000E+01     0.10000E+01     0.10000E+01    -0.31564E-01     0.63772E+00     0.64833E-01     0.14164E+03     0.32126E+01     0.67874E+01     0.17791E+00     0.00000E+00     0.00000E+00     0.00000E+00     0.00000E+00
     0.48855E+00     0.76337E+00     0.76377E+00     0.66273E+00     0.10000E+01     0.10000E+01     0.10000E+01    -0.28236E-01     0.64161E+00     0.64692E-01     0.14123E+03     0.32576E+01     0.68069E+01     0.18124E+00     0.00000E+00     0.00000E+00     0.00000E+00     0.00000E+00
     0.50081E+00     0.76006E+00     0.76048E+00     0.66370E+00     0.10000E+01     0.10000E+01     0.10000E+01    -0.25861E-01     0.64493E+00     0.64315E-01     0.14081E+03     0.33048E+01     0.68266E+01     0.18469E+00     0.00000E+00     0.00000E+00     0.00000E+00     0.00000E+00
     0.51314E+00     0.75672E+00     0.75715E+00     0.66468E+00     0.10000E+01     0.10000E+01     0.10000E+01    -0.23627E-01     0.64828E+00     0.64230E-01     0.14039E+03     0.33517E+01     0.68466E+01     0.18821E+00     0.00000E+00     0.00000E+00     0.00000E+00     0.00000E+00
     0.52555E+00     0.75334E+00     0.75378E+00     0.66568E+00     0.10000E+01     0.10000E+01     0.10000E+01    -0.24811E-01     0.65130E+00     0.64386E-01     0.13997E+03     0.33995E+01     0.68670E+01     0.19180E+00     0.00000E+00     0.00000E+00     0.00000E+00     0.00000E+00
     0.53804E+00     0.74991E+00     0.75037E+00     0.66669E+00     0.10000E+01     0.10000E+01     0.10000E+01    -0.25848E-01     0.65412E+00     0.64164E-01     0.13954E+03     0.34477E+01     0.68877E+01     0.19545E+00     0.00000E+00     0.00000E+00     0.00000E+00     0.00000E+00
     0.55061E+00     0.74646E+00     0.74693E+00     0.66772E+00     0.10000E+01     0.10000E+01     0.10000E+01    -0.28016E-01     0.65844E+00     0.64144E-01     0.13911E+03     0.34961E+01     0.69086E+01     0.19920E+00     0.00000E+00     0.00000E+00     0.00000E+00     0.00000E+00
     0.56325E+00     0.74298E+00     0.74347E+00     0.66875E+00     0.10000E+01     0.10000E+01     0.10000E+01    -0.29892E-01     0.66279E+00     0.63697E-01     0.13868E+03     0.35449E+01     0.69298E+01     0.20302E+00     0.00000E+00     0.00000E+00     0.00000E+00     0.00000E+00
     0.57596E+00     0.73949E+00     0.73999E+00     0.66980E+00     0.10000E+01     0.10000E+01     0.10000E+01    -0.31042E-01     0.66736E+00     0.63475E-01     0.13825E+03     0.35944E+01     0.69512E+01     0.20691E+00     0.00000E+00     0.00000E+00     0.00000E+00     0.00000E+00
     0.58874E+00     0.73598E+00     0.73650E+00     0.67085E+00     0.10000E+01     0.10000E+01     0.10000E+01    -0.31669E-01     0.67210E+00     0.63454E-01     0.13781E+03     0.36430E+01     0.69727E+01     0.21083E+00     0.00000E+00     0.00000E+00     0.00000E+00     0.00000E+00
     0.60158E+00     0.73247E+00     0.73300E+00     0.67190E+00     0.10000E+01     0.10000E+01     0.10000E+01    -0.31309E-01     0.67580E+00     0.63436E-01     0.13737E+03     0.36923E+01     0.69944E+01     0.21474E+00     0.00000E+00     0.00000E+00     0.00000E+00     0.00000E+00
     0.61449E+00     0.72893E+00     0.72948E+00     0.67297E+00     0.10000E+01     0.10000E+01     0.10000E+01    -0.31806E-01     0.67956E+00     0.63358E-01     0.13694E+03     0.37376E+01     0.70163E+01     0.21853E+00     0.00000E+00     0.00000E+00     0.00000E+00     0.00000E+00
     0.62747E+00     0.72538E+00     0.72594E+00     0.67404E+00     0.10000E+01     0.10000E+01     0.10000E+01    -0.31472E-01     0.68011E+00     0.63167E-01     0.13650E+03     0.37824E+01     0.70384E+01     0.22217E+00     0.00000E+00     0.00000E+00     0.00000E+00     0.00000E+00
     0.64050E+00     0.72180E+00     0.72237E+00     0.67513E+00     0.10000E+01     0.10000E+01     0.10000E+01    -0.31345E-01     0.67773E+00     0.62633E-01     0.13605E+03     0.38247E+01     0.70608E+01     0.22563E+00     0.00000E+00     0.00000E+00     0.00000E+00     0.00000E+00
     0.65359E+00     0.71818E+00     0.71877E+00     0.67623E+00     0.10000E+01     0.10000E+01     0.10000E+01    -0.32595E-01     0.67513E+00     0.63231E-01     0.13561E+03     0.38646E+01     0.70835E+01     0.22896E+00     0.00000E+00     0.00000E+00     0.00000E+00     0.00000E+00
     0.66673E+00     0.71453E+00     0.71513E+00     0.67734E+00     0.10000E+01     0.10000E+01     0.10000E+01    -0.34225E-01     0.67112E+00     0.62415E-01     0.13516E+03     0.39045E+01     0.71065E+01     0.23227E+00     0.00000E+00     0.00000E+00     0.00000E+00     0.00000E+00
     0.67993E+00     0.71084E+00     0.71145E+00     0.67848E+00     0.10000E+01     0.10000E+01     0.10000E+01    -0.36799E-01     0.66691E+00     0.62427E-01     0.13470E+03     0.39458E+01     0.71299E+01     0.23570E+00     0.00000E+00     0.00000E+00     0.00000E+00     0.00000E+00
     0.69318E+00     0.70710E+00     0.70773E+00     0.67962E+00     0.10000E+01     0.10000E+01     0.10000E+01    -0.40013E-01     0.66611E+00     0.62317E-01     0.13425E+03     0.39873E+01     0.71537E+01     0.23933E+00     0.00000E+00     0.00000E+00     0.00000E+00     0.00000E+00
     0.70648E+00     0.70334E+00     0.70398E+00     0.68078E+00     0.10000E+01     0.10000E+01     0.10000E+01    -0.43794E-01     0.66607E+00     0.62416E-01     0.13379E+03     0.40309E+01     0.71778E+01     0.24318E+00     0.00000E+00     0.00000E+00     0.00000E+00     0.00000E+00
     0.71982E+00     0.69955E+00     0.70020E+00     0.68196E+00     0.10000E+01     0.10000E+01     0.10000E+01    -0.47623E-01     0.66603E+00     0.62053E-01     0.13333E+03     0.40762E+01     0.72021E+01     0.24723E+00     0.00000E+00     0.00000E+00     0.00000E+00     0.00000E+00
     0.73321E+00     0.69573E+00     0.69640E+00     0.68315E+00     0.10000E+01     0.10000E+01     0.10000E+01    -0.51820E-01     0.66662E+00     0.62208E-01     0.13286E+03     0.41226E+01     0.72268E+01     0.25144E+00     0.00000E+00     0.00000E+00     0.00000E+00     0.00000E+00
     0.74665E+00     0.69187E+00     0.69257E+00     0.68435E+00     0.10000E+01     0.10000E+01     0.10000E+01    -0.57478E-01     0.66619E+00     0.61935E-01     0.13240E+03     0.41708E+01     0.72518E+01     0.25582E+00     0.00000E+00     0.00000E+00     0.00000E+00     0.00000E+00
     0.76012E+00     0.68798E+00     0.68869E+00     0.68556E+00     0.10000E+01     0.10000E+01     0.10000E+01    -0.62146E-01     0.66655E+00     0.62056E-01     0.13193E+03     0.42213E+01     0.72771E+01     0.26042E+00     0.00000E+00     0.00000E+00     0.00000E+00     0.00000E+00
     0.77363E+00     0.68407E+00     0.68480E+00     0.68679E+00     0.10000E+01     0.10000E+01     0.10000E+01    -0.67713E-01     0.66922E+00     0.62048E-01     0.13146E+03     0.42733E+01     0.73028E+01     0.26525E+00     0.00000E+00     0.00000E+00     0.00000E+00     0.00000E+00
     0.78717E+00     0.68013E+00     0.68089E+00     0.68803E+00     0.10000E+01     0.10000E+01     0.10000E+01    -0.74261E-01     0.67355E+00     0.61622E-01     0.13099E+03     0.43273E+01     0.73287E+01     0.27031E+00     0.00000E+00     0.00000E+00     0.00000E+00     0.00000E+00
     0.80075E+00     0.67619E+00     0.67696E+00     0.68928E+00     0.10000E+01     0.10000E+01     0.10000E+01    -0.79839E-01     0.67858E+00     0.61538E-01     0.13051E+03     0.43830E+01     0.73548E+01     0.27556E+00     0.00000E+00     0.00000E+00     0.00000E+00     0.00000E+00
     0.81436E+00     0.67224E+00     0.67304E+00     0.69053E+00     0.10000E+01     0.10000E+01     0.10000E+01    -0.85457E-01     0.68520E+00     0.61204E-01     0.13004E+03     0.44387E+01     0.73811E+01     0.28093E+00     0.00000E+00     0.00000E+00     0.00000E+00     0.00000E+00
     0.82800E+00     0.66829E+00     0.66912E+00     0.69179E+00     0.10000E+01     0.10000E+01     0.10000E+01    -0.90889E-01     0.69155E+00     0.61448E-01     0.12957E+03     0.44934E+01     0.74075E+01     0.28632E+00     0.00000E+00     0.00000E+00     0.00000E+00     0.00000E+00
     0.84166E+00     0.66436E+00     0.66520E+00     0.69305E+00     0.10000E+01     0.10000E+01     0.10000E+01    -0.94625E-01     0.69654E+00     0.61234E-01     0.12910E+03     0.45480E+01     0.74339E+01     0.29165E+00     0.00000E+00     0.00000E+00     0.00000E+00     0.00000E+00
     0.85535E+00     0.66044E+00     0.66131E+00     0.69430E+00     0.10000E+01     0.10000E+01     0.10000E+01    -0.97851E-01     0.70008E+00     0.60824E-01     0.12863E+03     0.46004E+01     0.74604E+01     0.29683E+00     0.00000E+00     0.00000E+00     0.00000E+00     0.00000E+00
     0.86906E+00     0.65654E+00     0.65743E+00     0.69556E+00     0.10000E+01     0.10000E+01     0.10000E+01    -0.10073E+00     0.70343E+00     0.60677E-01     0.12816E+03     0.46497E+01     0.74868E+01     0.30184E+00     0.00000E+00     0.00000E+00     0.00000E+00     0.00000E+00
     0.88279E+00     0.65267E+00     0.65358E+00     0.69681E+00     0.10000E+01     0.10000E+01     0.10000E+01    -0.10146E+00     0.70673E+00     0.60483E-01     0.12770E+03     0.46962E+01     0.75133E+01     0.30669E+00     0.00000E+00     0.00000E+00     0.00000E+00     0.00000E+00
     0.89654E+00     0.64881E+00     0.64974E+00     0.69806E+00     0.10000E+01     0.10000E+01     0.10000E+01    -0.10104E+00     0.70963E+00     0.60464E-01     0.12723E+03     0.47402E+01     0.75397E+01     0.31138E+00     0.00000E+00     0.00000E+00     0.00000E+00     0.00000E+00
     0.91031E+00     0.64496E+00     0.64592E+00     0.69931E+00     0.10000E+01     0.10000E+01     0.10000E+01    -0.99889E-01     0.71299E+00     0.60365E-01     0.12677E+03     0.47801E+01     0.75662E+01     0.31590E+00     0.00000E+00     0.00000E+00     0.00000E+00     0.00000E+00
     0.92408E+00     0.64112E+00     0.64210E+00     0.70057E+00     0.10000E+01     0.10000E+01     0.10000E+01    -0.99004E-01     0.71570E+00     0.60408E-01     0.12631E+03     0.48163E+01     0.75927E+01     0.32024E+00     0.00000E+00     0.00000E+00     0.00000E+00     0.00000E+00
     0.93787E+00     0.63728E+00     0.63827E+00     0.70183E+00     0.10000E+01     0.10000E+01     0.10000E+01    -0.97453E-01     0.71802E+00     0.60267E-01     0.12585E+03     0.48493E+01     0.76194E+01     0.32437E+00     0.00000E+00     0.00000E+00     0.00000E+00     0.00000E+00
     0.95167E+00     0.63344E+00     0.63444E+00     0.70309E+00     0.10000E+01     0.10000E+01     0.10000E+01    -0.97106E-01     0.72011E+00     0.59996E-01     0.12539E+03     0.48793E+01     0.76463E+01     0.32829E+00     0.00000E+00     0.00000E+00     0.00000E+00     0.00000E+00
     0.96547E+00     0.62957E+00     0.63059E+00     0.70437E+00     0.10000E+01     0.10000E+01     0.10000E+01    -0.96340E-01     0.72274E+00     0.59950E-01     0.12492E+03     0.49056E+01     0.76734E+01     0.33200E+00     0.00000E+00     0.00000E+00     0.00000E+00     0.00000E+00
     0.97928E+00     0.62569E+00     0.62672E+00     0.70565E+00     0.10000E+01     0.10000E+01     0.10000E+01    -0.97170E-01     0.72641E+00     0.59630E-01     0.12446E+03     0.49292E+01     0.77008E+01     0.33556E+00     0.00000E+00     0.00000E+00     0.00000E+00     0.00000E+00
     0.99309E+00     0.62178E+00     0.62283E+00     0.70695E+00     0.10000E+01     0.10000E+01     0.10000E+01    -0.98059E-01     0.73116E+00     0.59659E-01     0.12400E+03     0.49505E+01     0.77285E+01     0.33904E+00     0.00000E+00     0.00000E+00     0.00000E+00     0.00000E+00
     0.10069E+01     0.61786E+00     0.61892E+00     0.70826E+00     0.10000E+01     0.10000E+01     0.10000E+01    -0.99058E-01     0.73786E+00     0.59623E-01     0.12353E+03     0.49683E+01     0.77565E+01     0.34246E+00     0.00000E+00     0.00000E+00     0.00000E+00     0.00000E+00
     0.10207E+01     0.61392E+00     0.61499E+00     0.70958E+00     0.10000E+01     0.10000E+01     0.10000E+01    -0.10014E+00     0.74395E+00     0.59699E-01     0.12306E+03     0.49844E+01     0.77847E+01     0.34578E+00     0.00000E+00     0.00000E+00     0.00000E+00     0.00000E+00
     0.10345E+01     0.60997E+00     0.61105E+00     0.71091E+00     0.10000E+01     0.10000E+01     0.10000E+01    -0.10154E+00     0.74996E+00     0.59461E-01     0.12259E+03     0.49960E+01     0.78131E+01     0.34890E+00     0.00000E+00     0.00000E+00     0.00000E+00     0.00000E+00
     0.10483E+01     0.60599E+00     0.60708E+00     0.71225E+00     0.10000E+01     0.10000E+01     0.10000E+01    -0.10394E+00     0.75368E+00     0.59571E-01     0.12213E+03     0.50049E+01     0.78419E+01     0.35173E+00     0.00000E+00     0.00000E+00     0.00000E+00     0.00000E+00
     0.10621E+01     0.60198E+00     0.60308E+00     0.71361E+00     0.10000E+01     0.10000E+01     0.10000E+01    -0.10678E+00     0.75620E+00     0.59261E-01     0.12165E+03     0.50098E+01     0.78710E+01     0.35427E+00     0.00000E+00     0.00000E+00     0.00000E+00     0.00000E+00
     0.10759E+01     0.59794E+00     0.59905E+00     0.71499E+00     0.10000E+01     0.10000E+01     0.10000E+01    -0.11194E+00     0.75901E+00     0.59120E-01     0.12118E+03     0.50116E+01     0.79005E+01     0.35665E+00     0.00000E+00     0.00000E+00     0.00000E+00     0.00000E+00
     0.10897E+01     0.59387E+00     0.59498E+00     0.71638E+00     0.10000E+01     0.10000E+01     0.10000E+01    -0.11715E+00     0.76286E+00     0.59001E-01     0.12070E+03     0.50125E+01     0.79304E+01     0.35900E+00     0.00000E+00     0.00000E+00     0.00000E+00     0.00000E+00
     0.11035E+01     0.58979E+00     0.59091E+00     0.71777E+00     0.10000E+01     0.10000E+01     0.10000E+01    -0.12362E+00     0.76645E+00     0.58520E-01     0.12023E+03     0.50124E+01     0.79605E+01     0.36131E+00     0.00000E+00     0.00000E+00     0.00000E+00     0.00000E+00
     0.11172E+01     0.58573E+00     0.58685E+00     0.71917E+00     0.10000E+01     0.10000E+01     0.10000E+01    -0.12893E+00     0.76928E+00     0.58801E-01     0.11976E+03     0.50125E+01     0.79907E+01     0.36356E+00     0.00000E+00     0.00000E+00     0.00000E+00     0.00000E+00
     0.11309E+01     0.58169E+00     0.58282E+00     0.72057E+00     0.10000E+01     0.10000E+01     0.10000E+01    -0.13323E+00     0.77234E+00     0.58658E-01     0.11928E+03     0.50124E+01     0.80208E+01     0.36585E+00     0.00000E+00     0.00000E+00     0.00000E+00     0.00000E+00
     0.11447E+01     0.57768E+00     0.57882E+00     0.72196E+00     0.10000E+01     0.10000E+01     0.10000E+01    -0.13498E+00     0.77510E+00     0.58387E-01     0.11882E+03     0.50136E+01     0.80509E+01     0.36824E+00     0.00000E+00     0.00000E+00     0.00000E+00     0.00000E+00
     0.11583E+01     0.57370E+00     0.57484E+00     0.72334E+00     0.10000E+01     0.10000E+01     0.10000E+01    -0.13507E+00     0.77633E+00     0.58256E-01     0.11835E+03     0.50164E+01     0.80809E+01     0.37076E+00     0.00000E+00     0.00000E+00     0.00000E+00     0.00000E+00
     0.11720E+01     0.56973E+00     0.57088E+00     0.72473E+00     0.10000E+01     0.10000E+01     0.10000E+01    -0.13572E+00     0.77995E+00     0.58358E-01     0.11789E+03     0.50194E+01     0.81110E+01     0.37346E+00     0.00000E+00     0.00000E+00     0.00000E+00     0.00000E+00
     0.11856E+01     0.56576E+00     0.56692E+00     0.72612E+00     0.10000E+01     0.10000E+01     0.10000E+01    -0.13690E+00     0.78416E+00     0.58175E-01     0.11742E+03     0.50255E+01     0.81413E+01     0.37644E+00     0.00000E+00     0.00000E+00     0.00000E+00     0.00000E+00
     0.11993E+01     0.56180E+00     0.56297E+00     0.72752E+00     0.10000E+01     0.10000E+01     0.10000E+01    -0.13761E+00     0.78999E+00     0.57897E-01     0.11696E+03     0.50324E+01     0.81716E+01     0.37959E+00     0.00000E+00     0.00000E+00     0.00000E+00     0.00000E+00
     0.12128E+01     0.55787E+00     0.55904E+00     0.72891E+00     0.10000E+01     0.10000E+01     0.10000E+01    -0.13820E+00     0.79655E+00     0.57791E-01     0.11651E+03     0.50384E+01     0.82019E+01     0.38271E+00     0.00000E+00     0.00000E+00     0.00000E+00     0.00000E+00
     0.12264E+01     0.55397E+00     0.55515E+00     0.73029E+00     0.10000E+01     0.10000E+01     0.10000E+01    -0.13700E+00     0.79972E+00     0.57862E-01     0.11605E+03     0.50449E+01     0.82321E+01     0.38570E+00     0.00000E+00     0.00000E+00     0.00000E+00     0.00000E+00
     0.12399E+01     0.55010E+00     0.55129E+00     0.73167E+00     0.10000E+01     0.10000E+01     0.10000E+01    -0.13407E+00     0.80256E+00     0.57799E-01     0.11560E+03     0.50499E+01     0.82623E+01     0.38855E+00     0.00000E+00     0.00000E+00     0.00000E+00     0.00000E+00
     0.12534E+01     0.54625E+00     0.54745E+00     0.73305E+00     0.10000E+01     0.10000E+01     0.10000E+01    -0.13087E+00     0.80410E+00     0.57444E-01     0.11515E+03     0.50545E+01     0.82924E+01     0.39135E+00     0.00000E+00     0.00000E+00     0.00000E+00     0.00000E+00
     0.12668E+01     0.54240E+00     0.54361E+00     0.73443E+00     0.10000E+01     0.10000E+01     0.10000E+01    -0.12707E+00     0.80593E+00     0.57259E-01     0.11470E+03     0.50613E+01     0.83226E+01     0.39429E+00     0.00000E+00     0.00000E+00     0.00000E+00     0.00000E+00
     0.12802E+01     0.53855E+00     0.53977E+00     0.73582E+00     0.10000E+01     0.10000E+01     0.10000E+01    -0.12387E+00     0.80967E+00     0.57520E-01     0.11426E+03     0.50690E+01     0.83531E+01     0.39754E+00     0.00000E+00     0.00000E+00     0.00000E+00     0.00000E+00
     0.12935E+01     0.53467E+00     0.53590E+00     0.73722E+00     0.10000E+01     0.10000E+01     0.10000E+01    -0.12210E+00     0.81587E+00     0.57465E-01     0.11381E+03     0.50801E+01     0.83839E+01     0.40130E+00     0.00000E+00     0.00000E+00     0.00000E+00     0.00000E+00
     0.13068E+01     0.53077E+00     0.53202E+00     0.73864E+00     0.10000E+01     0.10000E+01     0.10000E+01    -0.12208E+00     0.82310E+00     0.57110E-01     0.11336E+03     0.50947E+01     0.84151E+01     0.40554E+00     0.00000E+00     0.00000E+00     0.00000E+00     0.00000E+00
     0.13201E+01     0.52686E+00     0.52812E+00     0.74006E+00     0.10000E+01     0.10000E+01     0.10000E+01    -0.12213E+00     0.83185E+00     0.56949E-01     0.11291E+03     0.51095E+01     0.84465E+01     0.41004E+00     0.00000E+00     0.00000E+00     0.00000E+00     0.00000E+00
     0.13333E+01     0.52296E+00     0.52424E+00     0.74149E+00     0.10000E+01     0.10000E+01     0.10000E+01    -0.12153E+00     0.83969E+00     0.57029E-01     0.11247E+03     0.51239E+01     0.84780E+01     0.41448E+00     0.00000E+00     0.00000E+00     0.00000E+00     0.00000E+00
     0.13464E+01     0.51910E+00     0.52039E+00     0.74291E+00     0.10000E+01     0.10000E+01     0.10000E+01    -0.11981E+00     0.84609E+00     0.56960E-01     0.11203E+03     0.51343E+01     0.85094E+01     0.41852E+00     0.00000E+00     0.00000E+00     0.00000E+00     0.00000E+00
     0.13595E+01     0.51528E+00     0.51659E+00     0.74431E+00     0.10000E+01     0.10000E+01     0.10000E+01    -0.11585E+00     0.85017E+00     0.57064E-01     0.11159E+03     0.51400E+01     0.85406E+01     0.42194E+00     0.00000E+00     0.00000E+00     0.00000E+00     0.00000E+00
     0.13725E+01     0.51149E+00     0.51281E+00     0.74571E+00     0.10000E+01     0.10000E+01     0.10000E+01    -0.11070E+00     0.85103E+00     0.56650E-01     0.11115E+03     0.51410E+01     0.85716E+01     0.42478E+00     0.00000E+00     0.00000E+00     0.00000E+00     0.00000E+00
     0.13855E+01     0.50772E+00     0.50904E+00     0.74712E+00     0.10000E+01     0.10000E+01     0.10000E+01    -0.10629E+00     0.84984E+00     0.56635E-01     0.11072E+03     0.51377E+01     0.86027E+01     0.42717E+00     0.00000E+00     0.00000E+00     0.00000E+00     0.00000E+00
     0.13984E+01     0.50394E+00     0.50526E+00     0.74853E+00     0.10000E+01     0.10000E+01     0.10000E+01    -0.10148E+00     0.84642E+00     0.56708E-01     0.11028E+03     0.51328E+01     0.86340E+01     0.42938E+00     0.00000E+00     0.00000E+00     0.00000E+00     0.00000E+00
     0.14113E+01     0.50014E+00     0.50147E+00     0.74995E+00     0.10000E+01     0.10000E+01     0.10000E+01    -0.98060E-01     0.84639E+00     0.56397E-01     0.10985E+03     0.51265E+01     0.86656E+01     0.43169E+00     0.00000E+00     0.00000E+00     0.00000E+00     0.00000E+00
     0.14240E+01     0.49634E+00     0.49767E+00     0.75138E+00     0.10000E+01     0.10000E+01     0.10000E+01    -0.94173E-01     0.84761E+00     0.56357E-01     0.10941E+03     0.51206E+01     0.86974E+01     0.43416E+00     0.00000E+00     0.00000E+00     0.00000E+00     0.00000E+00
     0.14368E+01     0.49253E+00     0.49387E+00     0.75281E+00     0.10000E+01     0.10000E+01     0.10000E+01    -0.90392E-01     0.85029E+00     0.56228E-01     0.10898E+03     0.51150E+01     0.87294E+01     0.43675E+00     0.00000E+00     0.00000E+00     0.00000E+00     0.00000E+00
     0.14494E+01     0.48873E+00     0.49007E+00     0.75425E+00     0.10000E+01     0.10000E+01     0.10000E+01    -0.85364E-01     0.85418E+00     0.56231E-01     0.10854E+03     0.51099E+01     0.87616E+01     0.43939E+00     0.00000E+00     0.00000E+00     0.00000E+00     0.00000E+00
     0.14620E+01     0.48492E+00     0.48626E+00     0.75570E+00     0.10000E+01     0.10000E+01     0.10000E+01    -0.80430E-01     0.85812E+00     0.56163E-01     0.10811E+03     0.51029E+01     0.87940E+01     0.44201E+00     0.00000E+00     0.00000E+00     0.00000E+00     0.00000E+00
     0.14744E+01     0.48108E+00     0.48243E+00     0.75716E+00     0.10000E+01     0.10000E+01     0.10000E+01    -0.76150E-01     0.85978E+00     0.56389E-01     0.10767E+03     0.50976E+01     0.88268E+01     0.44473E+00     0.00000E+00     0.00000E+00     0.00000E+00     0.00000E+00
     0.14869E+01     0.47720E+00     0.47856E+00     0.75865E+00     0.10000E+01     0.10000E+01     0.10000E+01    -0.73035E-01     0.86281E+00     0.55864E-01     0.10723E+03     0.50932E+01     0.88601E+01     0.44764E+00     0.00000E+00     0.00000E+00     0.00000E+00     0.00000E+00
     0.14992E+01     0.47331E+00     0.47467E+00     0.76014E+00     0.10000E+01     0.10000E+01     0.10000E+01    -0.70477E-01     0.86561E+00     0.56195E-01     0.10679E+03     0.50897E+01     0.88937E+01     0.45071E+00     0.00000E+00     0.00000E+00     0.00000E+00     0.00000E+00
     0.15114E+01     0.46940E+00     0.47077E+00     0.76165E+00     0.10000E+01     0.10000E+01     0.10000E+01    -0.65457E-01     0.86778E+00     0.56103E-01     0.10635E+03     0.50861E+01     0.89277E+01     0.45379E+00     0.00000E+00     0.00000E+00     0.00000E+00     0.00000E+00
     0.15236E+01     0.46549E+00     0.46687E+00     0.76317E+00     0.10000E+01     0.10000E+01     0.10000E+01    -0.61778E-01     0.86859E+00     0.56543E-01     0.10591E+03     0.50812E+01     0.89618E+01     0.45677E+00     0.00000E+00     0.00000E+00     0.00000E+00     0.00000E+00
     0.15357E+01     0.46158E+00     0.46296E+00     0.76469E+00     0.10000E+01     0.10000E+01     0.10000E+01    -0.58074E-01     0.86888E+00     0.56366E-01     0.10547E+03     0.50768E+01     0.89962E+01     0.45971E+00     0.00000E+00     0.00000E+00     0.00000E+00     0.00000E+00
     0.15477E+01     0.45766E+00     0.45905E+00     0.76622E+00     0.10000E+01     0.10000E+01     0.10000E+01    -0.52834E-01     0.87150E+00     0.56243E-01     0.10503E+03     0.50728E+01     0.90307E+01     0.46279E+00     0.00000E+00     0.00000E+00     0.00000E+00     0.00000E+00
     0.15596E+01     0.45375E+00     0.45515E+00     0.76775E+00     0.10000E+01     0.10000E+01     0.10000E+01    -0.46481E-01     0.87514E+00     0.56406E-01     0.10459E+03     0.50703E+01     0.90654E+01     0.46610E+00     0.00000E+00     0.00000E+00     0.00000E+00     0.00000E+00
     0.15714E+01     0.44984E+00     0.45124E+00     0.76929E+00     0.10000E+01     0.10000E+01     0.10000E+01    -0.39307E-01     0.87871E+00     0.55964E-01     0.10415E+03     0.50685E+01     0.91004E+01     0.46964E+00     0.00000E+00     0.00000E+00     0.00000E+00     0.00000E+00
     0.15831E+01     0.44592E+00     0.44733E+00     0.77085E+00     0.10000E+01     0.10000E+01     0.10000E+01    -0.32172E-01     0.88330E+00     0.56194E-01     0.10370E+03     0.50667E+01     0.91356E+01     0.47337E+00     0.00000E+00     0.00000E+00     0.00000E+00     0.00000E+00
     0.15947E+01     0.44197E+00     0.44339E+00     0.77241E+00     0.10000E+01     0.10000E+01     0.10000E+01    -0.23709E-01     0.88779E+00     0.56301E-01     0.10326E+03     0.50658E+01     0.91712E+01     0.47724E+00     0.00000E+00     0.00000E+00     0.00000E+00     0.00000E+00
     0.16062E+01     0.43802E+00     0.43945E+00     0.77399E+00     0.10000E+01     0.10000E+01     0.10000E+01    -0.15791E-01     0.89317E+00     0.56369E-01     0.10282E+03     0.50643E+01     0.92071E+01     0.48117E+00     0.00000E+00     0.00000E+00     0.00000E+00     0.00000E+00
     0.16176E+01     0.43405E+00     0.43549E+00     0.77557E+00     0.10000E+01     0.10000E+01     0.10000E+01    -0.74160E-02     0.89900E+00     0.56647E-01     0.10237E+03     0.50613E+01     0.92433E+01     0.48508E+00     0.00000E+00     0.00000E+00     0.00000E+00     0.00000E+00
     0.16290E+01     0.43007E+00     0.43152E+00     0.77717E+00     0.10000E+01     0.10000E+01     0.10000E+01     0.19031E-02     0.90518E+00     0.56580E-01     0.10193E+03     0.50569E+01     0.92798E+01     0.48895E+00     0.00000E+00     0.00000E+00     0.00000E+00     0.00000E+00
     0.16402E+01     0.42606E+00     0.42752E+00     0.77879E+00     0.10000E+01     0.10000E+01     0.10000E+01     0.11899E-01     0.91081E+00     0.56496E-01     0.10148E+03     0.50527E+01     0.93168E+01     0.49282E+00     0.00000E+00     0.00000E+00     0.00000E+00     0.00000E+00
     0.16512E+01     0.42201E+00     0.42348E+00     0.78043E+00     0.10000E+01     0.10000E+01     0.10000E+01     0.20651E-01     0.91753E+00     0.56973E-01     0.10102E+03     0.50465E+01     0.93545E+01     0.49671E+00     0.00000E+00     0.00000E+00     0.00000E+00     0.00000E+00
     0.16622E+01     0.41790E+00     0.41938E+00     0.78211E+00     0.10000E+01     0.10000E+01     0.10000E+01     0.29458E-01     0.92428E+00     0.56697E-01     0.10057E+03     0.50407E+01     0.93928E+01     0.50068E+00     0.00000E+00     0.00000E+00     0.00000E+00     0.00000E+00
     0.16731E+01     0.41374E+00     0.41523E+00     0.78380E+00     0.10000E+01     0.10000E+01     0.10000E+01     0.37934E-01     0.93235E+00     0.56520E-01     0.10011E+03     0.50329E+01     0.94319E+01     0.50465E+00     0.00000E+00     0.00000E+00     0.00000E+00     0.00000E+00
     0.16839E+01     0.40954E+00     0.41104E+00     0.78553E+00     0.10000E+01     0.10000E+01     0.10000E+01     0.45647E-01     0.93957E+00     0.56847E-01     0.99641E+02     0.50256E+01     0.94715E+01     0.50859E+00     0.00000E+00     0.00000E+00     0.00000E+00     0.00000E+00
     0.16945E+01     0.40530E+00     0.40681E+00     0.78728E+00     0.10000E+01     0.10000E+01     0.10000E+01     0.53064E-01     0.94723E+00     0.57302E-01     0.99173E+02     0.50177E+01     0.95118E+01     0.51256E+00     0.00000E+00     0.00000E+00     0.00000E+00     0.00000E+00
     0.17050E+01     0.40103E+00     0.40255E+00     0.78905E+00     0.10000E+01     0.10000E+01     0.10000E+01     0.62402E-01     0.95621E+00     0.57267E-01     0.98701E+02     0.50084E+01     0.95527E+01     0.51652E+00     0.00000E+00     0.00000E+00     0.00000E+00     0.00000E+00
     0.17154E+01     0.39674E+00     0.39826E+00     0.79083E+00     0.10000E+01     0.10000E+01     0.10000E+01     0.72923E-01     0.96441E+00     0.57753E-01     0.98226E+02     0.49980E+01     0.95940E+01     0.52032E+00     0.00000E+00     0.00000E+00     0.00000E+00     0.00000E+00
     0.17257E+01     0.39242E+00     0.39395E+00     0.79263E+00     0.10000E+01     0.10000E+01     0.10000E+01     0.85245E-01     0.96983E+00     0.57562E-01     0.97747E+02     0.49853E+01     0.96357E+01     0.52380E+00     0.00000E+00     0.00000E+00     0.00000E+00     0.00000E+00
     0.17358E+01     0.38808E+00     0.38961E+00     0.79446E+00     0.10000E+01     0.10000E+01     0.10000E+01     0.98508E-01     0.97432E+00     0.58070E-01     0.97266E+02     0.49705E+01     0.96780E+01     0.52697E+00     0.00000E+00     0.00000E+00     0.00000E+00     0.00000E+00
     0.17458E+01     0.38369E+00     0.38522E+00     0.79631E+00     0.10000E+01     0.10000E+01     0.10000E+01     0.11321E+00     0.97797E+00     0.58128E-01     0.96778E+02     0.49550E+01     0.97210E+01     0.52996E+00     0.00000E+00     0.00000E+00     0.00000E+00     0.00000E+00
     0.17557E+01     0.37922E+00     0.38076E+00     0.79820E+00     0.10000E+01     0.10000E+01     0.10000E+01     0.12731E+00     0.98276E+00     0.58507E-01     0.96284E+02     0.49385E+01     0.97651E+01     0.53303E+00     0.00000E+00     0.00000E+00     0.00000E+00     0.00000E+00
     0.17655E+01     0.37466E+00     0.37620E+00     0.80014E+00     0.10000E+01     0.10000E+01     0.10000E+01     0.14194E+00     0.98820E+00     0.58601E-01     0.95781E+02     0.49233E+01     0.98103E+01     0.53644E+00     0.00000E+00     0.00000E+00     0.00000E+00     0.00000E+00
     0.17751E+01     0.37000E+00     0.37155E+00     0.80214E+00     0.10000E+01     0.10000E+01     0.10000E+01     0.15510E+00     0.99513E+00     0.59038E-01     0.95270E+02     0.49095E+01     0.98569E+01     0.54035E+00     0.00000E+00     0.00000E+00     0.00000E+00     0.00000E+00
     0.17845E+01     0.36525E+00     0.36681E+00     0.80418E+00     0.10000E+01     0.10000E+01     0.10000E+01     0.16828E+00     0.10027E+01     0.59246E-01     0.94750E+02     0.48966E+01     0.99047E+01     0.54473E+00     0.00000E+00     0.00000E+00     0.00000E+00     0.00000E+00
     0.17939E+01     0.36041E+00     0.36197E+00     0.80628E+00     0.10000E+01     0.10000E+01     0.10000E+01     0.18304E+00     0.10110E+01     0.59506E-01     0.94221E+02     0.48845E+01     0.99538E+01     0.54943E+00     0.00000E+00     0.00000E+00     0.00000E+00     0.00000E+00
     0.18031E+01     0.35546E+00     0.35704E+00     0.80842E+00     0.10000E+01     0.10000E+01     0.10000E+01     0.20050E+00     0.10180E+01     0.60164E-01     0.93680E+02     0.48720E+01     0.10004E+02     0.55424E+00     0.00000E+00     0.00000E+00     0.00000E+00     0.00000E+00
     0.18121E+01     0.35040E+00     0.35199E+00     0.81063E+00     0.10000E+01     0.10000E+01     0.10000E+01     0.21890E+00     0.10247E+01     0.60296E-01     0.93126E+02     0.48572E+01     0.10056E+02     0.55902E+00     0.00000E+00     0.00000E+00     0.00000E+00     0.00000E+00
     0.18210E+01     0.34521E+00     0.34680E+00     0.81291E+00     0.10000E+01     0.10000E+01     0.10000E+01     0.23585E+00     0.10296E+01     0.60440E-01     0.92562E+02     0.48405E+01     0.10110E+02     0.56376E+00     0.00000E+00     0.00000E+00     0.00000E+00     0.00000E+00
     0.18298E+01     0.33986E+00     0.34146E+00     0.81528E+00     0.10000E+01     0.10000E+01     0.10000E+01     0.25452E+00     0.10343E+01     0.61127E-01     0.91980E+02     0.48229E+01     0.10166E+02     0.56853E+00     0.00000E+00     0.00000E+00     0.00000E+00     0.00000E+00
     0.18384E+01     0.33432E+00     0.33593E+00     0.81774E+00     0.10000E+01     0.10000E+01     0.10000E+01     0.27094E+00     0.10414E+01     0.61132E-01     0.91382E+02     0.48015E+01     0.10224E+02     0.57338E+00     0.00000E+00     0.00000E+00     0.00000E+00     0.00000E+00
     0.18468E+01     0.32857E+00     0.33018E+00     0.82031E+00     0.10000E+01     0.10000E+01     0.10000E+01     0.28914E+00     0.10490E+01     0.62065E-01     0.90762E+02     0.47785E+01     0.10285E+02     0.57829E+00     0.00000E+00     0.00000E+00     0.00000E+00     0.00000E+00
     0.18551E+01     0.32259E+00     0.32420E+00     0.82301E+00     0.10000E+01     0.10000E+01     0.10000E+01     0.30549E+00     0.10566E+01     0.62770E-01     0.90120E+02     0.47511E+01     0.10349E+02     0.58319E+00     0.00000E+00     0.00000E+00     0.00000E+00     0.00000E+00
     0.18633E+01     0.31633E+00     0.31795E+00     0.82584E+00     0.10000E+01     0.10000E+01     0.10000E+01     0.31843E+00     0.10629E+01     0.63010E-01     0.89456E+02     0.47195E+01     0.10417E+02     0.58795E+00     0.00000E+00     0.00000E+00     0.00000E+00     0.00000E+00
     0.18713E+01     0.30980E+00     0.31141E+00     0.82882E+00     0.10000E+01     0.10000E+01     0.10000E+01     0.32856E+00     0.10689E+01     0.63676E-01     0.88766E+02     0.46828E+01     0.10488E+02     0.59246E+00     0.00000E+00     0.00000E+00     0.00000E+00     0.00000E+00
     0.18791E+01     0.30293E+00     0.30454E+00     0.83198E+00     0.10000E+01     0.10000E+01     0.10000E+01     0.33810E+00     0.10733E+01     0.64330E-01     0.88046E+02     0.46406E+01     0.10564E+02     0.59669E+00     0.00000E+00     0.00000E+00     0.00000E+00     0.00000E+00
     0.18867E+01     0.29569E+00     0.29730E+00     0.83533E+00     0.10000E+01     0.10000E+01     0.10000E+01     0.34557E+00     0.10781E+01     0.64990E-01     0.87291E+02     0.45925E+01     0.10644E+02     0.60058E+00     0.00000E+00     0.00000E+00     0.00000E+00     0.00000E+00
     0.18942E+01     0.28804E+00     0.28964E+00     0.83891E+00     0.10000E+01     0.10000E+01     0.10000E+01     0.34906E+00     0.10830E+01     0.65737E-01     0.86500E+02     0.45369E+01     0.10730E+02     0.60408E+00     0.00000E+00     0.00000E+00     0.00000E+00     0.00000E+00
     0.19015E+01     0.27993E+00     0.28151E+00     0.84273E+00     0.10000E+01     0.10000E+01     0.10000E+01     0.34328E+00     0.10877E+01     0.66514E-01     0.85673E+02     0.44726E+01     0.10822E+02     0.60701E+00     0.00000E+00     0.00000E+00     0.00000E+00     0.00000E+00
     0.19087E+01     0.27129E+00     0.27285E+00     0.84684E+00     0.10000E+01     0.10000E+01     0.10000E+01     0.32880E+00     0.10909E+01     0.67425E-01     0.84804E+02     0.43990E+01     0.10922E+02     0.60915E+00     0.00000E+00     0.00000E+00     0.00000E+00     0.00000E+00
     0.19157E+01     0.26206E+00     0.26360E+00     0.85127E+00     0.10000E+01     0.10000E+01     0.10000E+01     0.30507E+00     0.10912E+01     0.67531E-01     0.83889E+02     0.43138E+01     0.11030E+02     0.61020E+00     0.00000E+00     0.00000E+00     0.00000E+00     0.00000E+00
     0.19225E+01     0.25217E+00     0.25366E+00     0.85608E+00     0.10000E+01     0.10000E+01     0.10000E+01     0.27290E+00     0.10880E+01     0.68613E-01     0.82918E+02     0.42138E+01     0.11147E+02     0.60973E+00     0.00000E+00     0.00000E+00     0.00000E+00     0.00000E+00
     0.19291E+01     0.24152E+00     0.24297E+00     0.86131E+00     0.10000E+01     0.10000E+01     0.10000E+01     0.22502E+00     0.10790E+01     0.69133E-01     0.81891E+02     0.40995E+01     0.11275E+02     0.60730E+00     0.00000E+00     0.00000E+00     0.00000E+00     0.00000E+00
     0.19355E+01     0.23004E+00     0.23143E+00     0.86703E+00     0.10000E+01     0.10000E+01     0.10000E+01     0.15671E+00     0.10656E+01     0.70704E-01     0.80806E+02     0.39642E+01     0.11415E+02     0.60239E+00     0.00000E+00     0.00000E+00     0.00000E+00     0.00000E+00
     0.19418E+01     0.21765E+00     0.21896E+00     0.87329E+00     0.10000E+01     0.10000E+01     0.10000E+01     0.65045E-01     0.10440E+01     0.71626E-01     0.79660E+02     0.38096E+01     0.11570E+02     0.59440E+00     0.00000E+00     0.00000E+00     0.00000E+00     0.00000E+00
     0.19479E+01     0.20426E+00     0.20548E+00     0.88015E+00     0.10000E+01     0.10000E+01     0.10000E+01    -0.54761E-01     0.10138E+01     0.72187E-01     0.78450E+02     0.36315E+01     0.11740E+02     0.58260E+00     0.00000E+00     0.00000E+00     0.00000E+00     0.00000E+00
     0.19537E+01     0.18980E+00     0.19091E+00     0.88768E+00     0.10000E+01     0.10000E+01     0.10000E+01    -0.20570E+00     0.97341E+00     0.73187E-01     0.77176E+02     0.34280E+01     0.11928E+02     0.56597E+00     0.00000E+00     0.00000E+00     0.00000E+00     0.00000E+00
     0.19594E+01     0.17423E+00     0.17522E+00     0.89594E+00     0.10000E+01     0.10000E+01     0.10000E+01    -0.39254E+00     0.91844E+00     0.74359E-01     0.75839E+02     0.31963E+01     0.12135E+02     0.54334E+00     0.00000E+00     0.00000E+00     0.00000E+00     0.00000E+00
     0.19650E+01     0.15751E+00     0.15835E+00     0.90497E+00     0.10000E+01     0.10000E+01     0.10000E+01    -0.61955E+00     0.84811E+00     0.74495E-01     0.74445E+02     0.29358E+01     0.12363E+02     0.51347E+00     0.00000E+00     0.00000E+00     0.00000E+00     0.00000E+00
     0.19703E+01     0.13964E+00     0.14033E+00     0.91484E+00     0.10000E+01     0.10000E+01     0.10000E+01    -0.88754E+00     0.75801E+00     0.75587E-01     0.72997E+02     0.26467E+01     0.12613E+02     0.47506E+00     0.00000E+00     0.00000E+00     0.00000E+00     0.00000E+00
     0.19754E+01     0.12066E+00     0.12119E+00     0.92555E+00     0.10000E+01     0.10000E+01     0.10000E+01    -0.11989E+01     0.64912E+00     0.76431E-01     0.71507E+02     0.23319E+01     0.12888E+02     0.42718E+00     0.00000E+00     0.00000E+00     0.00000E+00     0.00000E+00
     0.19803E+01     0.10064E+00     0.10102E+00     0.93712E+00     0.10000E+01     0.10000E+01     0.10000E+01    -0.15574E+01     0.52672E+00     0.77096E-01     0.69990E+02     0.19976E+01     0.13186E+02     0.36912E+00     0.00000E+00     0.00000E+00     0.00000E+00     0.00000E+00
     0.19850E+01     0.79695E-01     0.79932E-01     0.94955E+00     0.10000E+01     0.10000E+01     0.10000E+01    -0.19704E+01     0.41010E+00     0.77351E-01     0.68469E+02     0.16514E+01     0.13510E+02     0.30139E+00     0.00000E+00     0.00000E+00     0.00000E+00     0.00000E+00
     0.19896E+01     0.57903E-01     0.58026E-01     0.96283E+00     0.10000E+01     0.10000E+01     0.10000E+01    -0.24531E+01     0.33656E+00     0.77817E-01     0.66969E+02     0.13071E+01     0.13859E+02     0.22441E+00     0.00000E+00     0.00000E+00     0.00000E+00     0.00000E+00
     0.19939E+01     0.35332E-01     0.35377E-01     0.97699E+00     0.10000E+01     0.10000E+01     0.10000E+01    -0.30371E+01     0.35786E+00     0.77928E-01     0.65537E+02     0.98113E+00     0.14235E+02     0.14045E+00     0.00000E+00     0.00000E+00     0.00000E+00     0.00000E+00
     0.19980E+01     0.11987E-01     0.11992E-01     0.99207E+00     0.10000E+01     0.10000E+01     0.10000E+01    -0.38252E+01     0.48762E+00     0.77462E-01     0.64275E+02     0.70057E+00     0.14639E+02     0.49159E-01     0.00000E+00     0.00000E+00     0.00000E+00     0.00000E+00
