    -0.56175E+04     0.00000E+00     0.33078E-04     0.24088E-01     0.00000E+00     0.44318E-02     0.87158E-02     0.36281E-06
    -0.56021E+04     0.29493E-07     0.10422E-03     0.73908E-01     0.29770E-03     0.12473E-01     0.26791E-01     0.58714E-05
    -0.55859E+04     0.14811E-07     0.18220E-03     0.12571E+00     0.11138E-02     0.19498E-01     0.45592E-01     0.26899E-04
    -0.55689E+04    -0.31305E-07     0.26389E-03     0.17908E+00     0.23529E-02     0.25609E-01     0.64674E-01     0.74426E-04
    -0.55512E+04    -0.11732E-06     0.34200E-03     0.23336E+00     0.39276E-02     0.30913E-01     0.83350E-01     0.15642E-03
    -0.55327E+04    -0.25531E-06     0.40540E-03     0.28778E+00     0.57621E-02     0.35521E-01     0.10087E+00     0.27534E-03
    -0.55135E+04    -0.45381E-06     0.44109E-03     0.34150E+00     0.77923E-02     0.39537E-01     0.11659E+00     0.42768E-03
    -0.54936E+04    -0.70756E-06     0.43847E-03     0.39369E+00     0.99657E-02     0.43060E-01     0.13013E+00     0.60562E-03
    -0.54729E+04    -0.99778E-06     0.39458E-03     0.44367E+00     0.12240E-01     0.46161E-01     0.14134E+00     0.79939E-03
    -0.54516E+04    -0.12758E-05     0.31687E-03     0.49090E+00     0.14579E-01     0.48882E-01     0.15027E+00     0.99927E-03
    -0.54295E+04    -0.14871E-05     0.22187E-03     0.53501E+00     0.16951E-01     0.51242E-01     0.15706E+00     0.11967E-02
    -0.54067E+04    -0.15927E-05     0.12973E-03     0.57579E+00     0.19329E-01     0.53265E-01     0.16194E+00     0.13849E-02
    -0.53832E+04    -0.16048E-05     0.56678E-04     0.61317E+00     0.21687E-01     0.54997E-01     0.16516E+00     0.15585E-02
    -0.53591E+04    -0.15520E-05     0.94723E-05     0.64718E+00     0.24005E-01     0.56509E-01     0.16696E+00     0.17138E-02
    -0.53342E+04    -0.14735E-05    -0.15436E-04     0.67797E+00     0.26268E-01     0.57870E-01     0.16756E+00     0.18482E-02
    -0.53087E+04    -0.13760E-05    -0.29496E-04     0.70576E+00     0.28465E-01     0.59131E-01     0.16718E+00     0.19606E-02
    -0.52826E+04    -0.11867E-05    -0.48659E-04     0.73083E+00     0.30584E-01     0.60313E-01     0.16599E+00     0.20518E-02
    -0.52558E+04    -0.76704E-06    -0.89112E-04     0.75345E+00     0.32617E-01     0.61412E-01     0.16417E+00     0.21237E-02
    -0.52283E+04     0.55423E-07    -0.16228E-03     0.77391E+00     0.34556E-01     0.62416E-01     0.16187E+00     0.21785E-02
    -0.52003E+04     0.14182E-05    -0.27085E-03     0.79244E+00     0.36395E-01     0.63329E-01     0.15921E+00     0.22184E-02
    -0.51716E+04     0.33580E-05    -0.40758E-03     0.80927E+00     0.38134E-01     0.64164E-01     0.15632E+00     0.22453E-02
    -0.51422E+04     0.57316E-05    -0.55809E-03     0.82460E+00     0.39774E-01     0.64922E-01     0.15330E+00     0.22615E-02
    -0.51123E+04     0.82563E-05    -0.70934E-03     0.83861E+00     0.41318E-01     0.65588E-01     0.15021E+00     0.22696E-02
    -0.50818E+04     0.10601E-04    -0.85700E-03     0.85146E+00     0.42767E-01     0.66161E-01     0.14708E+00     0.22726E-02
    -0.50507E+04     0.12428E-04    -0.10057E-02     0.86328E+00     0.44123E-01     0.66672E-01     0.14396E+00     0.22720E-02
    -0.50190E+04     0.13465E-04    -0.11658E-02     0.87419E+00     0.45383E-01     0.67164E-01     0.14088E+00     0.22691E-02
    -0.49867E+04     0.13615E-04    -0.13504E-02     0.88433E+00     0.46546E-01     0.67668E-01     0.13789E+00     0.22647E-02
    -0.49539E+04     0.12984E-04    -0.15718E-02     0.89378E+00     0.47610E-01     0.68182E-01     0.13502E+00     0.22592E-02
    -0.49205E+04     0.11736E-04    -0.18306E-02     0.90268E+00     0.48578E-01     0.68660E-01     0.13228E+00     0.22529E-02
    -0.48866E+04     0.10070E-04    -0.21039E-02     0.91109E+00     0.49453E-01     0.69042E-01     0.12968E+00     0.22454E-02
    -0.48521E+04     0.82244E-05    -0.23526E-02     0.91912E+00     0.50239E-01     0.69286E-01     0.12721E+00     0.22364E-02
    -0.48171E+04     0.63816E-05    -0.25445E-02     0.92681E+00     0.50937E-01     0.69389E-01     0.12486E+00     0.22264E-02
    -0.47815E+04     0.45843E-05    -0.26719E-02     0.93418E+00     0.51546E-01     0.69373E-01     0.12262E+00     0.22166E-02
    -0.47455E+04     0.28138E-05    -0.27428E-02     0.94118E+00     0.52072E-01     0.69291E-01     0.12051E+00     0.22082E-02
    -0.47089E+04     0.10909E-05    -0.27662E-02     0.94777E+00     0.52526E-01     0.69192E-01     0.11859E+00     0.22010E-02
    -0.46718E+04    -0.48703E-06    -0.27483E-02     0.95391E+00     0.52922E-01     0.69100E-01     0.11689E+00     0.21945E-02
    -0.46343E+04    -0.17951E-05    -0.26874E-02     0.95965E+00     0.53275E-01     0.69020E-01     0.11541E+00     0.21874E-02
    -0.45962E+04    -0.26098E-05    -0.25750E-02     0.96505E+00     0.53593E-01     0.68950E-01     0.11409E+00     0.21778E-02
    -0.45577E+04    -0.27228E-05    -0.24094E-02     0.97020E+00     0.53883E-01     0.68870E-01     0.11281E+00     0.21639E-02
    -0.45188E+04    -0.21759E-05    -0.22048E-02     0.97515E+00     0.54144E-01     0.68748E-01     0.11147E+00     0.21452E-02
    -0.44793E+04    -0.12679E-05    -0.19822E-02     0.97995E+00     0.54375E-01     0.68564E-01     0.11006E+00     0.21222E-02
    -0.44394E+04    -0.24136E-06    -0.17507E-02     0.98461E+00     0.54575E-01     0.68308E-01     0.10856E+00     0.20954E-02
    -0.43991E+04     0.85811E-06    -0.15042E-02     0.98916E+00     0.54744E-01     0.67976E-01     0.10702E+00     0.20656E-02
    -0.43584E+04     0.20826E-05    -0.12377E-02     0.99362E+00     0.54887E-01     0.67575E-01     0.10546E+00     0.20333E-02
    -0.43172E+04     0.34306E-05    -0.96050E-03     0.99802E+00     0.55004E-01     0.67125E-01     0.10394E+00     0.19998E-02
    -0.42756E+04     0.47401E-05    -0.69289E-03     0.10024E+01     0.55094E-01     0.66667E-01     0.10254E+00     0.19667E-02
    -0.42336E+04     0.58945E-05    -0.45020E-03     0.10067E+01     0.55153E-01     0.66262E-01     0.10127E+00     0.19352E-02
    -0.41912E+04     0.68484E-05    -0.23430E-03     0.10109E+01     0.55178E-01     0.65969E-01     0.10012E+00     0.19065E-02
    -0.41484E+04     0.74329E-05    -0.40956E-04     0.10151E+01     0.55171E-01     0.65800E-01     0.99005E-01     0.18808E-02
    -0.41052E+04     0.74895E-05     0.12898E-03     0.10193E+01     0.55135E-01     0.65729E-01     0.97899E-01     0.18577E-02
    -0.40616E+04     0.70261E-05     0.26772E-03     0.10234E+01     0.55071E-01     0.65712E-01     0.96815E-01     0.18364E-02
    -0.40177E+04     0.60826E-05     0.36812E-03     0.10275E+01     0.54978E-01     0.65711E-01     0.95777E-01     0.18164E-02
    -0.39734E+04     0.46871E-05     0.42703E-03     0.10315E+01     0.54851E-01     0.65691E-01     0.94795E-01     0.17976E-02
    -0.39288E+04     0.28164E-05     0.44471E-03     0.10356E+01     0.54690E-01     0.65617E-01     0.93866E-01     0.17800E-02
    -0.38838E+04     0.56122E-06     0.42495E-03     0.10395E+01     0.54499E-01     0.65449E-01     0.92979E-01     0.17638E-02
    -0.38385E+04    -0.20671E-05     0.37388E-03     0.10434E+01     0.54287E-01     0.65164E-01     0.92113E-01     0.17487E-02
    -0.37929E+04    -0.51350E-05     0.30283E-03     0.10472E+01     0.54064E-01     0.64772E-01     0.91258E-01     0.17334E-02
    -0.37470E+04    -0.84213E-05     0.23903E-03     0.10510E+01     0.53835E-01     0.64302E-01     0.90435E-01     0.17167E-02
    -0.37007E+04    -0.11626E-04     0.21749E-03     0.10547E+01     0.53599E-01     0.63790E-01     0.89654E-01     0.16981E-02
    -0.36542E+04    -0.14688E-04     0.25117E-03     0.10583E+01     0.53356E-01     0.63262E-01     0.88900E-01     0.16781E-02
    -0.36073E+04    -0.17831E-04     0.32495E-03     0.10619E+01     0.53105E-01     0.62726E-01     0.88130E-01     0.16570E-02
    -0.35602E+04    -0.21308E-04     0.42168E-03     0.10654E+01     0.52846E-01     0.62177E-01     0.87276E-01     0.16343E-02
    -0.35128E+04    -0.25002E-04     0.54529E-03     0.10688E+01     0.52581E-01     0.61611E-01     0.86311E-01     0.16090E-02
    -0.34652E+04    -0.28800E-04     0.71240E-03     0.10722E+01     0.52313E-01     0.61027E-01     0.85249E-01     0.15810E-02
    -0.34172E+04    -0.32882E-04     0.92651E-03     0.10756E+01     0.52041E-01     0.60415E-01     0.84131E-01     0.15503E-02
    -0.33691E+04    -0.37408E-04     0.11646E-02     0.10789E+01     0.51768E-01     0.59765E-01     0.83004E-01     0.15170E-02
    -0.33207E+04    -0.42222E-04     0.13843E-02     0.10822E+01     0.51496E-01     0.59095E-01     0.81899E-01     0.14808E-02
    -0.32720E+04    -0.46881E-04     0.15447E-02     0.10854E+01     0.51230E-01     0.58438E-01     0.80808E-01     0.14416E-02
    -0.32231E+04    -0.50841E-04     0.16302E-02     0.10886E+01     0.50974E-01     0.57813E-01     0.79709E-01     0.13998E-02
    -0.31740E+04    -0.53569E-04     0.16582E-02     0.10919E+01     0.50732E-01     0.57212E-01     0.78595E-01     0.13561E-02
    -0.31248E+04    -0.54624E-04     0.16610E-02     0.10951E+01     0.50507E-01     0.56598E-01     0.77470E-01     0.13111E-02
    -0.30753E+04    -0.53984E-04     0.16601E-02     0.10982E+01     0.50297E-01     0.55938E-01     0.76342E-01     0.12655E-02
    -0.30256E+04    -0.52189E-04     0.16636E-02     0.11013E+01     0.50099E-01     0.55228E-01     0.75218E-01     0.12201E-02
    -0.29757E+04    -0.49974E-04     0.16766E-02     0.11043E+01     0.49904E-01     0.54500E-01     0.74091E-01     0.11753E-02
    -0.29257E+04    -0.48005E-04     0.17034E-02     0.11073E+01     0.49703E-01     0.53806E-01     0.72961E-01     0.11305E-02
    -0.28754E+04    -0.46667E-04     0.17463E-02     0.11101E+01     0.49486E-01     0.53203E-01     0.71836E-01     0.10856E-02
    -0.28251E+04    -0.45923E-04     0.18102E-02     0.11130E+01     0.49243E-01     0.52730E-01     0.70740E-01     0.10407E-02
    -0.27746E+04    -0.45530E-04     0.19050E-02     0.11157E+01     0.48971E-01     0.52388E-01     0.69698E-01     0.99649E-03
    -0.27239E+04    -0.45252E-04     0.20401E-02     0.11184E+01     0.48667E-01     0.52142E-01     0.68727E-01     0.95369E-03
    -0.26731E+04    -0.44948E-04     0.22176E-02     0.11211E+01     0.48338E-01     0.51943E-01     0.67832E-01     0.91274E-03
    -0.26222E+04    -0.44593E-04     0.24279E-02     0.11237E+01     0.47990E-01     0.51749E-01     0.67000E-01     0.87331E-03
    -0.25712E+04    -0.44259E-04     0.26477E-02     0.11261E+01     0.47632E-01     0.51526E-01     0.66213E-01     0.83441E-03
    -0.25200E+04    -0.44144E-04     0.28443E-02     0.11286E+01     0.47269E-01     0.51240E-01     0.65476E-01     0.79518E-03
    -0.24688E+04    -0.44500E-04     0.29835E-02     0.11310E+01     0.46907E-01     0.50862E-01     0.64810E-01     0.75543E-03
    -0.24174E+04    -0.45431E-04     0.30390E-02     0.11333E+01     0.46549E-01     0.50372E-01     0.64228E-01     0.71567E-03
    -0.23660E+04    -0.46834E-04     0.30014E-02     0.11356E+01     0.46200E-01     0.49773E-01     0.63717E-01     0.67681E-03
    -0.23145E+04    -0.48579E-04     0.28773E-02     0.11378E+01     0.45865E-01     0.49084E-01     0.63239E-01     0.63965E-03
    -0.22630E+04    -0.50437E-04     0.26802E-02     0.11399E+01     0.45554E-01     0.48338E-01     0.62756E-01     0.60444E-03
    -0.22114E+04    -0.52130E-04     0.24183E-02     0.11419E+01     0.45268E-01     0.47575E-01     0.62251E-01     0.57086E-03
    -0.21597E+04    -0.53726E-04     0.20886E-02     0.11437E+01     0.45004E-01     0.46832E-01     0.61718E-01     0.53812E-03
    -0.21080E+04    -0.55460E-04     0.16870E-02     0.11455E+01     0.44756E-01     0.46143E-01     0.61149E-01     0.50543E-03
    -0.20562E+04    -0.57314E-04     0.12180E-02     0.11471E+01     0.44516E-01     0.45520E-01     0.60538E-01     0.47258E-03
    -0.20045E+04    -0.58990E-04     0.70286E-03     0.11487E+01     0.44277E-01     0.44961E-01     0.59894E-01     0.43984E-03
    -0.19527E+04    -0.60350E-04     0.17851E-03     0.11502E+01     0.44034E-01     0.44469E-01     0.59237E-01     0.40751E-03
    -0.19009E+04    -0.61498E-04    -0.31466E-03     0.11515E+01     0.43786E-01     0.44053E-01     0.58584E-01     0.37569E-03
    -0.18491E+04    -0.62489E-04    -0.74657E-03     0.11529E+01     0.43539E-01     0.43732E-01     0.57934E-01     0.34425E-03
    -0.17973E+04    -0.63288E-04    -0.11055E-02     0.11541E+01     0.43300E-01     0.43514E-01     0.57271E-01     0.31279E-03
    -0.17455E+04    -0.63818E-04    -0.13971E-02     0.11553E+01     0.43075E-01     0.43386E-01     0.56568E-01     0.28059E-03
    -0.16938E+04    -0.64029E-04    -0.16343E-02     0.11563E+01     0.42869E-01     0.43310E-01     0.55790E-01     0.24674E-03
    -0.16420E+04    -0.63930E-04    -0.18270E-02     0.11573E+01     0.42685E-01     0.43245E-01     0.54930E-01     0.21063E-03
    -0.15903E+04    -0.63645E-04    -0.19796E-02     0.11581E+01     0.42523E-01     0.43174E-01     0.54035E-01     0.17225E-03
    -0.15386E+04    -0.63291E-04    -0.20943E-02     0.11587E+01     0.42379E-01     0.43093E-01     0.53180E-01     0.13214E-03
    -0.14870E+04    -0.62935E-04    -0.21769E-02     0.11592E+01     0.42249E-01     0.42996E-01     0.52438E-01     0.90838E-04
    -0.14355E+04    -0.62642E-04    -0.22364E-02     0.11595E+01     0.42131E-01     0.42876E-01     0.51862E-01     0.48428E-04
    -0.13840E+04    -0.62376E-04    -0.22796E-02     0.11595E+01     0.42025E-01     0.42740E-01     0.51493E-01     0.47703E-05
    -0.13326E+04    -0.62059E-04    -0.23086E-02     0.11594E+01     0.41930E-01     0.42620E-01     0.51357E-01    -0.40117E-04
    -0.12812E+04    -0.61546E-04    -0.23221E-02     0.11591E+01     0.41845E-01     0.42554E-01     0.51457E-01    -0.85845E-04
    -0.12300E+04    -0.60748E-04    -0.23167E-02     0.11586E+01     0.41769E-01     0.42560E-01     0.51766E-01    -0.13177E-03
    -0.11788E+04    -0.59640E-04    -0.22862E-02     0.11580E+01     0.41702E-01     0.42627E-01     0.52244E-01    -0.17719E-03
    -0.11278E+04    -0.58268E-04    -0.22196E-02     0.11572E+01     0.41643E-01     0.42734E-01     0.52859E-01    -0.22152E-03
    -0.10769E+04    -0.56724E-04    -0.21021E-02     0.11563E+01     0.41593E-01     0.42873E-01     0.53606E-01    -0.26448E-03
    -0.10261E+04    -0.55128E-04    -0.19217E-02     0.11553E+01     0.41554E-01     0.43050E-01     0.54493E-01    -0.30609E-03
    -0.97544E+03    -0.53567E-04    -0.16779E-02     0.11541E+01     0.41530E-01     0.43271E-01     0.55511E-01    -0.34649E-03
    -0.92492E+03    -0.52064E-04    -0.13832E-02     0.11528E+01     0.41531E-01     0.43545E-01     0.56623E-01    -0.38584E-03
    -0.87455E+03    -0.50584E-04    -0.10583E-02     0.11513E+01     0.41562E-01     0.43885E-01     0.57781E-01    -0.42430E-03
    -0.82434E+03    -0.49067E-04    -0.72212E-03     0.11497E+01     0.41628E-01     0.44307E-01     0.58951E-01    -0.46204E-03
    -0.77430E+03    -0.47448E-04    -0.38901E-03     0.11479E+01     0.41730E-01     0.44811E-01     0.60126E-01    -0.49929E-03
    -0.72443E+03    -0.45729E-04    -0.72168E-04     0.11460E+01     0.41870E-01     0.45381E-01     0.61323E-01    -0.53641E-03
    -0.67474E+03    -0.43999E-04     0.21531E-03     0.11439E+01     0.42046E-01     0.45990E-01     0.62568E-01    -0.57376E-03
    -0.62525E+03    -0.42370E-04     0.46366E-03     0.11416E+01     0.42254E-01     0.46611E-01     0.63890E-01    -0.61150E-03
    -0.57595E+03    -0.40890E-04     0.67071E-03     0.11392E+01     0.42486E-01     0.47228E-01     0.65298E-01    -0.64944E-03
    -0.52687E+03    -0.39494E-04     0.84044E-03     0.11367E+01     0.42736E-01     0.47832E-01     0.66788E-01    -0.68713E-03
    -0.47800E+03    -0.38016E-04     0.97681E-03     0.11340E+01     0.42998E-01     0.48424E-01     0.68341E-01    -0.72400E-03
    -0.42935E+03    -0.36313E-04     0.10790E-02     0.11312E+01     0.43265E-01     0.49008E-01     0.69935E-01    -0.75944E-03
    -0.38094E+03    -0.34292E-04     0.11428E-02     0.11283E+01     0.43534E-01     0.49590E-01     0.71544E-01    -0.79313E-03
    -0.33277E+03    -0.31955E-04     0.11680E-02     0.11253E+01     0.43802E-01     0.50179E-01     0.73149E-01    -0.82529E-03
    -0.28484E+03    -0.29440E-04     0.11641E-02     0.11223E+01     0.44069E-01     0.50779E-01     0.74728E-01    -0.85655E-03
    -0.23718E+03    -0.26907E-04     0.11467E-02     0.11191E+01     0.44343E-01     0.51377E-01     0.76236E-01    -0.88747E-03
    -0.18978E+03    -0.24471E-04     0.11253E-02     0.11159E+01     0.44630E-01     0.51954E-01     0.77630E-01    -0.91861E-03
    -0.14266E+03    -0.22221E-04     0.10959E-02     0.11126E+01     0.44938E-01     0.52493E-01     0.78905E-01    -0.95064E-03
    -0.95818E+02    -0.20168E-04     0.10457E-02     0.11091E+01     0.45267E-01     0.52977E-01     0.80119E-01    -0.98437E-03
    -0.49269E+02    -0.18282E-04     0.96842E-03     0.11056E+01     0.45613E-01     0.53386E-01     0.81357E-01    -0.10202E-02
    -0.30197E+01    -0.16487E-04     0.87142E-03     0.11019E+01     0.45968E-01     0.53699E-01     0.82680E-01    -0.10578E-02
     0.42922E+02    -0.14767E-04     0.76853E-03     0.10982E+01     0.46320E-01     0.53935E-01     0.84103E-01    -0.10968E-02
     0.88547E+02    -0.13122E-04     0.67265E-03     0.10944E+01     0.46654E-01     0.54155E-01     0.85613E-01    -0.11363E-02
     0.13385E+03    -0.11583E-04     0.59510E-03     0.10905E+01     0.46957E-01     0.54419E-01     0.87188E-01    -0.11760E-02
     0.17882E+03    -0.10166E-04     0.54612E-03     0.10867E+01     0.47222E-01     0.54752E-01     0.88821E-01    -0.12155E-02
     0.22344E+03    -0.89117E-05     0.53386E-03     0.10827E+01     0.47446E-01     0.55135E-01     0.90515E-01    -0.12547E-02
     0.26772E+03    -0.78412E-05     0.56020E-03     0.10788E+01     0.47633E-01     0.55521E-01     0.92267E-01    -0.12931E-02
     0.31164E+03    -0.69487E-05     0.61537E-03     0.10748E+01     0.47787E-01     0.55871E-01     0.94041E-01    -0.13302E-02
     0.35519E+03    -0.61720E-05     0.67846E-03     0.10708E+01     0.47914E-01     0.56181E-01     0.95779E-01    -0.13650E-02
     0.39837E+03    -0.54621E-05     0.72703E-03     0.10668E+01     0.48022E-01     0.56468E-01     0.97422E-01    -0.13963E-02
     0.44117E+03    -0.47351E-05     0.74701E-03     0.10628E+01     0.48115E-01     0.56754E-01     0.98936E-01    -0.14238E-02
     0.48357E+03    -0.39673E-05     0.73357E-03     0.10587E+01     0.48195E-01     0.57047E-01     0.10034E+00    -0.14480E-02
     0.52558E+03    -0.31948E-05     0.68514E-03     0.10545E+01     0.48257E-01     0.57340E-01     0.10169E+00    -0.14704E-02
     0.56718E+03    -0.25113E-05     0.59817E-03     0.10502E+01     0.48292E-01     0.57612E-01     0.10307E+00    -0.14926E-02
     0.60836E+03    -0.20030E-05     0.46307E-03     0.10456E+01     0.48292E-01     0.57840E-01     0.10457E+00    -0.15153E-02
     0.64911E+03    -0.16970E-05     0.26481E-03     0.10409E+01     0.48255E-01     0.58001E-01     0.10622E+00    -0.15386E-02
     0.68944E+03    -0.15306E-05    -0.58988E-05     0.10359E+01     0.48180E-01     0.58098E-01     0.10802E+00    -0.15626E-02
     0.72932E+03    -0.14924E-05    -0.34419E-03     0.10307E+01     0.48065E-01     0.58182E-01     0.10997E+00    -0.15873E-02
     0.76876E+03    -0.16527E-05    -0.73371E-03     0.10251E+01     0.47898E-01     0.58315E-01     0.11211E+00    -0.16122E-02
     0.80773E+03    -0.19716E-05    -0.11514E-02     0.10193E+01     0.47675E-01     0.58545E-01     0.11446E+00    -0.16373E-02
     0.84624E+03    -0.24315E-05    -0.15740E-02     0.10131E+01     0.47398E-01     0.58902E-01     0.11703E+00    -0.16623E-02
     0.88428E+03    -0.30290E-05    -0.19823E-02     0.10065E+01     0.47068E-01     0.59386E-01     0.11979E+00    -0.16870E-02
     0.92183E+03    -0.37413E-05    -0.23643E-02     0.99941E+00     0.46689E-01     0.59974E-01     0.12268E+00    -0.17108E-02
     0.95890E+03    -0.45382E-05    -0.27165E-02     0.99188E+00     0.46266E-01     0.60631E-01     0.12566E+00    -0.17330E-02
     0.99546E+03    -0.53749E-05    -0.30419E-02     0.98380E+00     0.45804E-01     0.61320E-01     0.12872E+00    -0.17528E-02
     0.10315E+04    -0.62055E-05    -0.33462E-02     0.97508E+00     0.45306E-01     0.62004E-01     0.13188E+00    -0.17698E-02
     0.10671E+04    -0.69801E-05    -0.36357E-02     0.96565E+00     0.44772E-01     0.62646E-01     0.13515E+00    -0.17840E-02
     0.11021E+04    -0.76810E-05    -0.39148E-02     0.95542E+00     0.44194E-01     0.63199E-01     0.13852E+00    -0.17955E-02
     0.11366E+04    -0.82873E-05    -0.41848E-02     0.94436E+00     0.43562E-01     0.63612E-01     0.14200E+00    -0.18046E-02
     0.11705E+04    -0.87777E-05    -0.44444E-02     0.93241E+00     0.42863E-01     0.63842E-01     0.14558E+00    -0.18112E-02
     0.12039E+04    -0.91219E-05    -0.46920E-02     0.91956E+00     0.42080E-01     0.63867E-01     0.14921E+00    -0.18151E-02
     0.12367E+04    -0.92793E-05    -0.49248E-02     0.90578E+00     0.41199E-01     0.63684E-01     0.15283E+00    -0.18156E-02
     0.12690E+04    -0.92381E-05    -0.51384E-02     0.89103E+00     0.40207E-01     0.63311E-01     0.15638E+00    -0.18118E-02
     0.13007E+04    -0.90019E-05    -0.53257E-02     0.87528E+00     0.39093E-01     0.62774E-01     0.15979E+00    -0.18026E-02
     0.13318E+04    -0.85933E-05    -0.54766E-02     0.85845E+00     0.37851E-01     0.62098E-01     0.16301E+00    -0.17869E-02
     0.13623E+04    -0.80602E-05    -0.55801E-02     0.84047E+00     0.36481E-01     0.61310E-01     0.16597E+00    -0.17634E-02
     0.13922E+04    -0.74426E-05    -0.56253E-02     0.82122E+00     0.34991E-01     0.60438E-01     0.16862E+00    -0.17308E-02
     0.14216E+04    -0.67881E-05    -0.56031E-02     0.80056E+00     0.33390E-01     0.59511E-01     0.17090E+00    -0.16880E-02
     0.14503E+04    -0.61171E-05    -0.55072E-02     0.77830E+00     0.31692E-01     0.58548E-01     0.17275E+00    -0.16338E-02
     0.14783E+04    -0.54397E-05    -0.53341E-02     0.75428E+00     0.29911E-01     0.57550E-01     0.17408E+00    -0.15673E-02
     0.15058E+04    -0.47776E-05    -0.50836E-02     0.72828E+00     0.28059E-01     0.56500E-01     0.17479E+00    -0.14878E-02
     0.15326E+04    -0.41407E-05    -0.47601E-02     0.70011E+00     0.26150E-01     0.55370E-01     0.17475E+00    -0.13950E-02
     0.15587E+04    -0.35412E-05    -0.43732E-02     0.66961E+00     0.24198E-01     0.54132E-01     0.17383E+00    -0.12889E-02
     0.15842E+04    -0.29870E-05    -0.39388E-02     0.63664E+00     0.22216E-01     0.52769E-01     0.17185E+00    -0.11700E-02
     0.16091E+04    -0.24961E-05    -0.34777E-02     0.60109E+00     0.20217E-01     0.51270E-01     0.16862E+00    -0.10401E-02
     0.16332E+04    -0.20734E-05    -0.30131E-02     0.56296E+00     0.18216E-01     0.49627E-01     0.16393E+00    -0.90189E-03
     0.16567E+04    -0.17172E-05    -0.25670E-02     0.52232E+00     0.16223E-01     0.47819E-01     0.15758E+00    -0.75927E-03
     0.16795E+04    -0.14163E-05    -0.21566E-02     0.47935E+00     0.14251E-01     0.45812E-01     0.14944E+00    -0.61726E-03
     0.17016E+04    -0.11742E-05    -0.17930E-02     0.43436E+00     0.12314E-01     0.43556E-01     0.13946E+00    -0.48147E-03
     0.17229E+04    -0.98405E-06    -0.14802E-02     0.38777E+00     0.10428E-01     0.40993E-01     0.12768E+00    -0.35750E-03
     0.17436E+04    -0.83638E-06    -0.12166E-02     0.34010E+00     0.86112E-02     0.38070E-01     0.11429E+00    -0.25018E-03
     0.17635E+04    -0.71960E-06    -0.99532E-03     0.29192E+00     0.68865E-02     0.34736E-01     0.99618E-01    -0.16280E-03
     0.17827E+04    -0.62733E-06    -0.80654E-03     0.24380E+00     0.52808E-02     0.30944E-01     0.84047E-01    -0.96637E-04
     0.18012E+04    -0.53991E-06    -0.63960E-03     0.19629E+00     0.38242E-02     0.26646E-01     0.68032E-01    -0.50818E-04
     0.18189E+04    -0.44985E-06    -0.48573E-03     0.14985E+00     0.25493E-02     0.21795E-01     0.52010E-01    -0.22543E-04
     0.18359E+04    -0.35374E-06    -0.33968E-03     0.10483E+00     0.14915E-02     0.16351E-01     0.36344E-01    -0.76739E-05
     0.18521E+04    -0.24384E-06    -0.19946E-03     0.61504E-01     0.68840E-03     0.10286E-01     0.21275E-01    -0.15966E-05
     0.18675E+04    -0.12946E-06    -0.64988E-04     0.20020E-01     0.17861E-03     0.35884E-02     0.69120E-02    -0.94962E-07
