     0.20039E-02     0.99392E+00     0.99392E+00     0.56196E-03     0.10127E-07     0.78248E-03     0.78249E-03     0.73618E-33     0.18097E+00
     0.61156E-02     0.98289E+00     0.98289E+00     0.16483E-02     0.16265E-06     0.65467E-03     0.65483E-03     0.22352E-33     0.58736E+00
     0.10434E-01     0.97313E+00     0.97313E+00     0.27088E-02     0.75217E-06     0.55516E-03     0.55591E-03     0.86934E-33     0.10540E+01
     0.14956E-01     0.96441E+00     0.96441E+00     0.37612E-02     0.21303E-05     0.47677E-03     0.47890E-03     0.26749E-33     0.15814E+01
     0.19680E-01     0.95653E+00     0.95654E+00     0.48079E-02     0.46364E-05     0.41483E-03     0.41947E-03    -0.15641E-32     0.21684E+01
     0.24604E-01     0.94935E+00     0.94936E+00     0.58404E-02     0.85389E-05     0.36517E-03     0.37371E-03     0.66705E-33     0.28124E+01
     0.29725E-01     0.94273E+00     0.94275E+00     0.68517E-02     0.14024E-04     0.32487E-03     0.33890E-03     0.33946E-33     0.35086E+01
     0.35041E-01     0.93659E+00     0.93661E+00     0.78352E-02     0.21197E-04     0.29197E-03     0.31317E-03    -0.11492E-32     0.42505E+01
     0.40551E-01     0.93084E+00     0.93087E+00     0.87838E-02     0.30087E-04     0.26484E-03     0.29493E-03     0.12679E-32     0.50299E+01
     0.46252E-01     0.92542E+00     0.92546E+00     0.96913E-02     0.40657E-04     0.24224E-03     0.28289E-03    -0.69807E-33     0.58379E+01
     0.52141E-01     0.92028E+00     0.92033E+00     0.10556E-01     0.52814E-04     0.22314E-03     0.27595E-03    -0.16421E-33     0.66652E+01
     0.58216E-01     0.91538E+00     0.91544E+00     0.11378E-01     0.66436E-04     0.20674E-03     0.27317E-03     0.10706E-32     0.75028E+01
     0.64476E-01     0.91069E+00     0.91075E+00     0.12160E-01     0.81364E-04     0.19251E-03     0.27387E-03    -0.12563E-32     0.83429E+01
     0.70917E-01     0.90619E+00     0.90626E+00     0.12902E-01     0.97440E-04     0.18007E-03     0.27751E-03     0.20239E-33     0.91788E+01
     0.77539E-01     0.90185E+00     0.90193E+00     0.13608E-01     0.11447E-03     0.16905E-03     0.28352E-03     0.57623E-33     0.10005E+02
     0.84338E-01     0.89766E+00     0.89775E+00     0.14278E-01     0.13226E-03     0.15923E-03     0.29149E-03    -0.27694E-33     0.10819E+02
     0.91312E-01     0.89360E+00     0.89370E+00     0.14918E-01     0.15065E-03     0.15048E-03     0.30113E-03     0.30051E-34     0.11618E+02
     0.98459E-01     0.88967E+00     0.88977E+00     0.15529E-01     0.16945E-03     0.14278E-03     0.31222E-03     0.45638E-33     0.12400E+02
     0.10578E+00     0.88584E+00     0.88595E+00     0.16113E-01     0.18849E-03     0.13608E-03     0.32457E-03    -0.70287E-33     0.13165E+02
     0.11326E+00     0.88209E+00     0.88221E+00     0.16674E-01     0.20760E-03     0.13019E-03     0.33779E-03    -0.62710E-33     0.13914E+02
     0.12092E+00     0.87843E+00     0.87855E+00     0.17212E-01     0.22663E-03     0.12490E-03     0.35153E-03     0.59655E-33     0.14646E+02
     0.12873E+00     0.87483E+00     0.87496E+00     0.17729E-01     0.24551E-03     0.12018E-03     0.36570E-03     0.36174E-33     0.15365E+02
     0.13671E+00     0.87129E+00     0.87143E+00     0.18228E-01     0.26427E-03     0.11598E-03     0.38025E-03     0.81919E-34     0.16069E+02
     0.14485E+00     0.86780E+00     0.86795E+00     0.18712E-01     0.28287E-03     0.11223E-03     0.39511E-03    -0.94458E-33     0.16760E+02
     0.15315E+00     0.86435E+00     0.86451E+00     0.19179E-01     0.30127E-03     0.10880E-03     0.41007E-03     0.58618E-33     0.17440E+02
     0.16160E+00     0.86095E+00     0.86111E+00     0.19628E-01     0.31937E-03     0.10548E-03     0.42485E-03     0.52988E-33     0.18107E+02
     0.17021E+00     0.85759E+00     0.85776E+00     0.20059E-01     0.33713E-03     0.10235E-03     0.43948E-03    -0.49891E-33     0.18761E+02
     0.17896E+00     0.85427E+00     0.85445E+00     0.20475E-01     0.35451E-03     0.99419E-04     0.45393E-03    -0.23802E-33     0.19402E+02
     0.18787E+00     0.85099E+00     0.85118E+00     0.20877E-01     0.37149E-03     0.96627E-04     0.46812E-03     0.39455E-34     0.20030E+02
     0.19692E+00     0.84775E+00     0.84794E+00     0.21268E-01     0.38805E-03     0.94008E-04     0.48206E-03     0.39501E-33     0.20644E+02
     0.20611E+00     0.84454E+00     0.84475E+00     0.21649E-01     0.40407E-03     0.91467E-04     0.49554E-03    -0.10683E-33     0.21242E+02
     0.21545E+00     0.84138E+00     0.84158E+00     0.22015E-01     0.41941E-03     0.89081E-04     0.50849E-03    -0.28015E-33     0.21825E+02
     0.22493E+00     0.83824E+00     0.83846E+00     0.22367E-01     0.43397E-03     0.87006E-04     0.52097E-03    -0.40508E-33     0.22394E+02
     0.23454E+00     0.83513E+00     0.83535E+00     0.22702E-01     0.44770E-03     0.85217E-04     0.53292E-03     0.47034E-33     0.22947E+02
     0.24429E+00     0.83204E+00     0.83227E+00     0.23018E-01     0.46064E-03     0.83651E-04     0.54429E-03     0.56215E-35     0.23488E+02
     0.25418E+00     0.82896E+00     0.82919E+00     0.23319E-01     0.47291E-03     0.82205E-04     0.55511E-03     0.10485E-33     0.24016E+02
     0.26419E+00     0.82589E+00     0.82613E+00     0.23608E-01     0.48459E-03     0.80861E-04     0.56545E-03     0.34445E-33     0.24533E+02
     0.27434E+00     0.82283E+00     0.82308E+00     0.23893E-01     0.49577E-03     0.79694E-04     0.57546E-03    -0.70825E-33     0.25040E+02
     0.28460E+00     0.81978E+00     0.82003E+00     0.24178E-01     0.50651E-03     0.78662E-04     0.58517E-03    -0.18127E-33     0.25536E+02
     0.29500E+00     0.81672E+00     0.81698E+00     0.24464E-01     0.51680E-03     0.77723E-04     0.59452E-03     0.49673E-33     0.26024E+02
     0.30551E+00     0.81367E+00     0.81394E+00     0.24753E-01     0.52667E-03     0.76814E-04     0.60348E-03     0.26418E-33     0.26502E+02
     0.31615E+00     0.81062E+00     0.81089E+00     0.25050E-01     0.53622E-03     0.75960E-04     0.61218E-03    -0.29925E-34     0.26971E+02
     0.32690E+00     0.80756E+00     0.80784E+00     0.25353E-01     0.54541E-03     0.75210E-04     0.62062E-03    -0.64712E-33     0.27432E+02
     0.33777E+00     0.80450E+00     0.80479E+00     0.25660E-01     0.55412E-03     0.74540E-04     0.62866E-03     0.58162E-33     0.27886E+02
     0.34875E+00     0.80144E+00     0.80173E+00     0.25973E-01     0.56247E-03     0.73931E-04     0.63641E-03     0.27395E-33     0.28332E+02
     0.35985E+00     0.79837E+00     0.79867E+00     0.26289E-01     0.57044E-03     0.73470E-04     0.64391E-03    -0.35534E-33     0.28771E+02
     0.37105E+00     0.79528E+00     0.79559E+00     0.26603E-01     0.57786E-03     0.73218E-04     0.65108E-03     0.28162E-33     0.29203E+02
     0.38236E+00     0.79217E+00     0.79249E+00     0.26912E-01     0.58473E-03     0.73048E-04     0.65778E-03    -0.19853E-33     0.29630E+02
     0.39377E+00     0.78904E+00     0.78936E+00     0.27222E-01     0.59118E-03     0.72986E-04     0.66417E-03    -0.39321E-33     0.30053E+02
     0.40528E+00     0.78588E+00     0.78621E+00     0.27537E-01     0.59733E-03     0.72871E-04     0.67021E-03     0.35702E-33     0.30473E+02
     0.41690E+00     0.78270E+00     0.78305E+00     0.27863E-01     0.60338E-03     0.72590E-04     0.67597E-03     0.45862E-33     0.30891E+02
     0.42861E+00     0.77951E+00     0.77986E+00     0.28207E-01     0.60944E-03     0.72259E-04     0.68170E-03    -0.55538E-33     0.31306E+02
     0.44042E+00     0.77631E+00     0.77667E+00     0.28569E-01     0.61554E-03     0.71860E-04     0.68740E-03     0.57594E-34     0.31717E+02
     0.45232E+00     0.77310E+00     0.77347E+00     0.28951E-01     0.62154E-03     0.71540E-04     0.69308E-03     0.17980E-33     0.32125E+02
     0.46431E+00     0.76988E+00     0.77026E+00     0.29349E-01     0.62732E-03     0.71348E-04     0.69867E-03    -0.29677E-33     0.32528E+02
     0.47639E+00     0.76664E+00     0.76703E+00     0.29764E-01     0.63277E-03     0.71326E-04     0.70410E-03    -0.29230E-33     0.32927E+02
     0.48855E+00     0.76337E+00     0.76377E+00     0.30189E-01     0.63782E-03     0.71511E-04     0.70933E-03     0.40301E-33     0.33322E+02
     0.50081E+00     0.76006E+00     0.76048E+00     0.30625E-01     0.64262E-03     0.71836E-04     0.71445E-03     0.23706E-33     0.33712E+02
     0.51314E+00     0.75672E+00     0.75715E+00     0.31066E-01     0.64720E-03     0.72217E-04     0.71942E-03    -0.41973E-33     0.34098E+02
     0.52555E+00     0.75334E+00     0.75378E+00     0.31510E-01     0.65186E-03     0.72600E-04     0.72446E-03    -0.23464E-33     0.34477E+02
     0.53804E+00     0.74991E+00     0.75037E+00     0.31959E-01     0.65695E-03     0.72897E-04     0.72985E-03     0.44666E-33     0.34850E+02
     0.55061E+00     0.74646E+00     0.74693E+00     0.32417E-01     0.66269E-03     0.73025E-04     0.73571E-03     0.52645E-33     0.35216E+02
     0.56325E+00     0.74298E+00     0.74347E+00     0.32884E-01     0.66908E-03     0.73041E-04     0.74212E-03    -0.63343E-33     0.35575E+02
     0.57596E+00     0.73949E+00     0.73999E+00     0.33356E-01     0.67601E-03     0.72930E-04     0.74894E-03    -0.61669E-34     0.35927E+02
     0.58874E+00     0.73598E+00     0.73650E+00     0.33826E-01     0.68316E-03     0.72769E-04     0.75593E-03     0.21209E-33     0.36274E+02
     0.60158E+00     0.73247E+00     0.73300E+00     0.34288E-01     0.69016E-03     0.72657E-04     0.76282E-03     0.22402E-34     0.36613E+02
     0.61449E+00     0.72893E+00     0.72948E+00     0.34726E-01     0.69662E-03     0.72697E-04     0.76932E-03     0.11331E-33     0.36945E+02
     0.62747E+00     0.72538E+00     0.72594E+00     0.35135E-01     0.70250E-03     0.72870E-04     0.77537E-03    -0.60039E-33     0.37270E+02
     0.64050E+00     0.72180E+00     0.72237E+00     0.35512E-01     0.70781E-03     0.73152E-04     0.78097E-03     0.21982E-33     0.37587E+02
     0.65359E+00     0.71818E+00     0.71877E+00     0.35864E-01     0.71279E-03     0.73612E-04     0.78640E-03     0.44851E-33     0.37896E+02
     0.66673E+00     0.71453E+00     0.71513E+00     0.36210E-01     0.71789E-03     0.74146E-04     0.79203E-03    -0.31011E-33     0.38197E+02
     0.67993E+00     0.71084E+00     0.71145E+00     0.36568E-01     0.72349E-03     0.74633E-04     0.79812E-03     0.36061E-33     0.38489E+02
     0.69318E+00     0.70710E+00     0.70773E+00     0.36949E-01     0.72975E-03     0.75020E-04     0.80477E-03    -0.31352E-33     0.38770E+02
     0.70648E+00     0.70334E+00     0.70398E+00     0.37355E-01     0.73660E-03     0.75312E-04     0.81192E-03    -0.90591E-35     0.39042E+02
     0.71982E+00     0.69955E+00     0.70020E+00     0.37781E-01     0.74386E-03     0.75588E-04     0.81944E-03     0.14139E-33     0.39304E+02
     0.73321E+00     0.69573E+00     0.69640E+00     0.38223E-01     0.75135E-03     0.75928E-04     0.82728E-03     0.31284E-34     0.39556E+02
     0.74665E+00     0.69187E+00     0.69257E+00     0.38683E-01     0.75923E-03     0.76392E-04     0.83562E-03    -0.25432E-33     0.39798E+02
     0.76012E+00     0.68798E+00     0.68869E+00     0.39169E-01     0.76781E-03     0.76801E-04     0.84461E-03    -0.40450E-33     0.40029E+02
     0.77363E+00     0.68407E+00     0.68480E+00     0.39684E-01     0.77727E-03     0.76979E-04     0.85425E-03     0.76176E-33     0.40251E+02
     0.78717E+00     0.68013E+00     0.68089E+00     0.40226E-01     0.78770E-03     0.77039E-04     0.86474E-03    -0.14365E-33     0.40462E+02
     0.80075E+00     0.67619E+00     0.67696E+00     0.40790E-01     0.79898E-03     0.77000E-04     0.87598E-03    -0.11339E-33     0.40662E+02
     0.81436E+00     0.67224E+00     0.67304E+00     0.41366E-01     0.81092E-03     0.76818E-04     0.88774E-03     0.25102E-33     0.40852E+02
     0.82800E+00     0.66829E+00     0.66912E+00     0.41940E-01     0.82330E-03     0.76544E-04     0.89985E-03    -0.23531E-33     0.41032E+02
     0.84166E+00     0.66436E+00     0.66520E+00     0.42502E-01     0.83598E-03     0.76141E-04     0.91212E-03    -0.31096E-33     0.41201E+02
     0.85535E+00     0.66044E+00     0.66131E+00     0.43039E-01     0.84872E-03     0.75615E-04     0.92433E-03     0.25880E-33     0.41358E+02
     0.86906E+00     0.65654E+00     0.65743E+00     0.43548E-01     0.86150E-03     0.75101E-04     0.93660E-03     0.78617E-34     0.41501E+02
     0.88279E+00     0.65267E+00     0.65358E+00     0.44029E-01     0.87428E-03     0.74644E-04     0.94892E-03    -0.84719E-34     0.41631E+02
     0.89654E+00     0.64881E+00     0.64974E+00     0.44483E-01     0.88702E-03     0.74261E-04     0.96128E-03     0.15193E-33     0.41746E+02
     0.91031E+00     0.64496E+00     0.64592E+00     0.44907E-01     0.89962E-03     0.73990E-04     0.97361E-03    -0.11703E-34     0.41847E+02
     0.92408E+00     0.64112E+00     0.64210E+00     0.45300E-01     0.91201E-03     0.73907E-04     0.98591E-03    -0.15187E-34     0.41936E+02
     0.93787E+00     0.63728E+00     0.63827E+00     0.45660E-01     0.92403E-03     0.73972E-04     0.99800E-03     0.21694E-33     0.42012E+02
     0.95167E+00     0.63344E+00     0.63444E+00     0.45992E-01     0.93564E-03     0.74182E-04     0.10098E-02    -0.13601E-33     0.42077E+02
     0.96547E+00     0.62957E+00     0.63059E+00     0.46295E-01     0.94665E-03     0.74527E-04     0.10212E-02    -0.29790E-33     0.42132E+02
     0.97928E+00     0.62569E+00     0.62672E+00     0.46578E-01     0.95712E-03     0.74927E-04     0.10320E-02     0.77321E-35     0.42177E+02
     0.99309E+00     0.62178E+00     0.62283E+00     0.46847E-01     0.96723E-03     0.75347E-04     0.10426E-02     0.36723E-33     0.42213E+02
     0.10069E+01     0.61786E+00     0.61892E+00     0.47103E-01     0.97719E-03     0.75680E-04     0.10529E-02    -0.65546E-34     0.42243E+02
     0.10207E+01     0.61392E+00     0.61499E+00     0.47339E-01     0.98708E-03     0.75971E-04     0.10631E-02    -0.46785E-33     0.42267E+02
     0.10345E+01     0.60997E+00     0.61105E+00     0.47539E-01     0.99675E-03     0.76356E-04     0.10731E-02     0.20245E-33     0.42281E+02
     0.10483E+01     0.60599E+00     0.60708E+00     0.47696E-01     0.10061E-02     0.76950E-04     0.10830E-02     0.16279E-33     0.42287E+02
     0.10621E+01     0.60198E+00     0.60308E+00     0.47810E-01     0.10151E-02     0.77661E-04     0.10928E-02    -0.31639E-34     0.42282E+02
     0.10759E+01     0.59794E+00     0.59905E+00     0.47900E-01     0.10247E-02     0.78378E-04     0.11030E-02    -0.33123E-33     0.42268E+02
     0.10897E+01     0.59387E+00     0.59498E+00     0.47981E-01     0.10353E-02     0.78860E-04     0.11142E-02     0.33112E-33     0.42245E+02
     0.11035E+01     0.58979E+00     0.59091E+00     0.48055E-01     0.10472E-02     0.78897E-04     0.11260E-02     0.14043E-34     0.42210E+02
     0.11172E+01     0.58573E+00     0.58685E+00     0.48123E-01     0.10598E-02     0.78567E-04     0.11384E-02    -0.89066E-34     0.42164E+02
     0.11309E+01     0.58169E+00     0.58282E+00     0.48198E-01     0.10732E-02     0.78055E-04     0.11512E-02     0.18273E-33     0.42106E+02
     0.11447E+01     0.57768E+00     0.57882E+00     0.48288E-01     0.10872E-02     0.77594E-04     0.11648E-02    -0.24563E-33     0.42038E+02
     0.11583E+01     0.57370E+00     0.57484E+00     0.48394E-01     0.11017E-02     0.77359E-04     0.11791E-02    -0.17550E-33     0.41960E+02
     0.11720E+01     0.56973E+00     0.57088E+00     0.48522E-01     0.11167E-02     0.77394E-04     0.11941E-02     0.91009E-34     0.41873E+02
     0.11856E+01     0.56576E+00     0.56692E+00     0.48680E-01     0.11326E-02     0.77463E-04     0.12101E-02     0.50796E-33     0.41778E+02
     0.11993E+01     0.56180E+00     0.56297E+00     0.48855E-01     0.11494E-02     0.77265E-04     0.12267E-02     0.12070E-33     0.41673E+02
     0.12128E+01     0.55787E+00     0.55904E+00     0.49024E-01     0.11666E-02     0.76832E-04     0.12434E-02    -0.45885E-33     0.41559E+02
     0.12264E+01     0.55397E+00     0.55515E+00     0.49176E-01     0.11837E-02     0.76407E-04     0.12601E-02     0.11389E-33     0.41435E+02
     0.12399E+01     0.55010E+00     0.55129E+00     0.49309E-01     0.12003E-02     0.76105E-04     0.12764E-02     0.93831E-34     0.41300E+02
     0.12534E+01     0.54625E+00     0.54745E+00     0.49435E-01     0.12163E-02     0.76046E-04     0.12923E-02    -0.22335E-33     0.41156E+02
     0.12668E+01     0.54240E+00     0.54361E+00     0.49573E-01     0.12318E-02     0.76301E-04     0.13081E-02    -0.29591E-33     0.41004E+02
     0.12802E+01     0.53855E+00     0.53977E+00     0.49744E-01     0.12473E-02     0.76859E-04     0.13241E-02     0.65619E-34     0.40843E+02
     0.12935E+01     0.53467E+00     0.53590E+00     0.49966E-01     0.12632E-02     0.77589E-04     0.13408E-02     0.22770E-33     0.40674E+02
     0.13068E+01     0.53077E+00     0.53202E+00     0.50235E-01     0.12798E-02     0.78229E-04     0.13581E-02    -0.93872E-34     0.40495E+02
     0.13201E+01     0.52686E+00     0.52812E+00     0.50526E-01     0.12967E-02     0.78493E-04     0.13752E-02     0.13914E-33     0.40307E+02
     0.13333E+01     0.52296E+00     0.52424E+00     0.50803E-01     0.13127E-02     0.78273E-04     0.13910E-02     0.23949E-34     0.40110E+02
     0.13464E+01     0.51910E+00     0.52039E+00     0.51033E-01     0.13266E-02     0.77802E-04     0.14044E-02     0.26994E-33     0.39903E+02
     0.13595E+01     0.51528E+00     0.51659E+00     0.51193E-01     0.13374E-02     0.77397E-04     0.14148E-02     0.29727E-34     0.39688E+02
     0.13725E+01     0.51149E+00     0.51281E+00     0.51285E-01     0.13451E-02     0.77285E-04     0.14224E-02    -0.34438E-33     0.39466E+02
     0.13855E+01     0.50772E+00     0.50904E+00     0.51325E-01     0.13502E-02     0.77683E-04     0.14279E-02     0.34333E-33     0.39237E+02
     0.13984E+01     0.50394E+00     0.50526E+00     0.51341E-01     0.13538E-02     0.78415E-04     0.14322E-02    -0.10802E-33     0.39002E+02
     0.14113E+01     0.50014E+00     0.50147E+00     0.51366E-01     0.13570E-02     0.79069E-04     0.14361E-02    -0.69493E-33     0.38758E+02
     0.14240E+01     0.49634E+00     0.49767E+00     0.51405E-01     0.13606E-02     0.79544E-04     0.14401E-02     0.50535E-33     0.38506E+02
     0.14368E+01     0.49253E+00     0.49387E+00     0.51451E-01     0.13644E-02     0.79915E-04     0.14443E-02     0.12062E-33     0.38247E+02
     0.14494E+01     0.48873E+00     0.49007E+00     0.51499E-01     0.13678E-02     0.80398E-04     0.14482E-02    -0.23150E-33     0.37979E+02
     0.14620E+01     0.48492E+00     0.48626E+00     0.51541E-01     0.13703E-02     0.81293E-04     0.14516E-02     0.19961E-33     0.37703E+02
     0.14744E+01     0.48108E+00     0.48243E+00     0.51591E-01     0.13725E-02     0.82520E-04     0.14550E-02     0.81668E-34     0.37419E+02
     0.14869E+01     0.47720E+00     0.47856E+00     0.51658E-01     0.13747E-02     0.83617E-04     0.14583E-02    -0.21901E-33     0.37126E+02
     0.14992E+01     0.47331E+00     0.47467E+00     0.51737E-01     0.13767E-02     0.84468E-04     0.14612E-02     0.40792E-34     0.36826E+02
     0.15114E+01     0.46940E+00     0.47077E+00     0.51813E-01     0.13781E-02     0.85190E-04     0.14633E-02     0.16760E-33     0.36519E+02
     0.15236E+01     0.46549E+00     0.46687E+00     0.51875E-01     0.13791E-02     0.85920E-04     0.14651E-02    -0.23531E-33     0.36203E+02
     0.15357E+01     0.46158E+00     0.46296E+00     0.51932E-01     0.13803E-02     0.86644E-04     0.14669E-02     0.31848E-34     0.35879E+02
     0.15477E+01     0.45766E+00     0.45905E+00     0.52005E-01     0.13817E-02     0.87182E-04     0.14689E-02     0.85660E-34     0.35547E+02
     0.15596E+01     0.45375E+00     0.45515E+00     0.52100E-01     0.13830E-02     0.87755E-04     0.14707E-02    -0.10367E-33     0.35206E+02
     0.15714E+01     0.44984E+00     0.45124E+00     0.52214E-01     0.13839E-02     0.88635E-04     0.14725E-02     0.16095E-33     0.34858E+02
     0.15831E+01     0.44592E+00     0.44733E+00     0.52341E-01     0.13844E-02     0.89753E-04     0.14742E-02    -0.99557E-34     0.34504E+02
     0.15947E+01     0.44197E+00     0.44339E+00     0.52478E-01     0.13849E-02     0.90855E-04     0.14757E-02    -0.33683E-33     0.34143E+02
     0.16062E+01     0.43802E+00     0.43945E+00     0.52613E-01     0.13853E-02     0.91868E-04     0.14772E-02     0.17387E-33     0.33776E+02
     0.16176E+01     0.43405E+00     0.43549E+00     0.52737E-01     0.13856E-02     0.93000E-04     0.14786E-02     0.22645E-33     0.33402E+02
     0.16290E+01     0.43007E+00     0.43152E+00     0.52851E-01     0.13854E-02     0.94396E-04     0.14798E-02     0.17930E-34     0.33021E+02
     0.16402E+01     0.42606E+00     0.42752E+00     0.52958E-01     0.13842E-02     0.96167E-04     0.14804E-02    -0.19247E-33     0.32634E+02
     0.16512E+01     0.42201E+00     0.42348E+00     0.53063E-01     0.13820E-02     0.98360E-04     0.14803E-02     0.39058E-34     0.32240E+02
     0.16622E+01     0.41790E+00     0.41938E+00     0.53170E-01     0.13789E-02     0.10067E-03     0.14796E-02     0.49674E-34     0.31840E+02
     0.16731E+01     0.41374E+00     0.41523E+00     0.53274E-01     0.13751E-02     0.10286E-03     0.14780E-02    -0.11467E-33     0.31433E+02
     0.16839E+01     0.40954E+00     0.41104E+00     0.53373E-01     0.13704E-02     0.10501E-03     0.14754E-02     0.15799E-33     0.31020E+02
     0.16945E+01     0.40530E+00     0.40681E+00     0.53472E-01     0.13649E-02     0.10711E-03     0.14720E-02    -0.19088E-33     0.30598E+02
     0.17050E+01     0.40103E+00     0.40255E+00     0.53566E-01     0.13588E-02     0.10907E-03     0.14678E-02     0.21993E-33     0.30168E+02
     0.17154E+01     0.39674E+00     0.39826E+00     0.53642E-01     0.13515E-02     0.11090E-03     0.14624E-02     0.50823E-34     0.29728E+02
     0.17257E+01     0.39242E+00     0.39395E+00     0.53684E-01     0.13424E-02     0.11290E-03     0.14553E-02    -0.90529E-34     0.29278E+02
     0.17358E+01     0.38808E+00     0.38961E+00     0.53695E-01     0.13306E-02     0.11537E-03     0.14460E-02    -0.19811E-33     0.28816E+02
     0.17458E+01     0.38369E+00     0.38522E+00     0.53687E-01     0.13161E-02     0.11854E-03     0.14346E-02    -0.13792E-34     0.28341E+02
     0.17557E+01     0.37922E+00     0.38076E+00     0.53682E-01     0.12991E-02     0.12246E-03     0.14216E-02     0.42197E-33     0.27851E+02
     0.17655E+01     0.37466E+00     0.37620E+00     0.53700E-01     0.12803E-02     0.12682E-03     0.14071E-02    -0.22724E-33     0.27346E+02
     0.17751E+01     0.37000E+00     0.37155E+00     0.53754E-01     0.12602E-02     0.13127E-03     0.13915E-02    -0.81334E-34     0.26826E+02
     0.17845E+01     0.36525E+00     0.36681E+00     0.53837E-01     0.12391E-02     0.13575E-03     0.13749E-02     0.14541E-33     0.26295E+02
     0.17939E+01     0.36041E+00     0.36197E+00     0.53936E-01     0.12168E-02     0.14048E-03     0.13573E-02    -0.81083E-34     0.25753E+02
     0.18031E+01     0.35546E+00     0.35704E+00     0.54032E-01     0.11928E-02     0.14581E-03     0.13386E-02     0.53059E-34     0.25201E+02
     0.18121E+01     0.35040E+00     0.35199E+00     0.54108E-01     0.11669E-02     0.15187E-03     0.13188E-02    -0.20367E-33     0.24637E+02
     0.18210E+01     0.34521E+00     0.34680E+00     0.54165E-01     0.11394E-02     0.15885E-03     0.12983E-02    -0.11191E-33     0.24061E+02
     0.18298E+01     0.33986E+00     0.34146E+00     0.54209E-01     0.11107E-02     0.16686E-03     0.12775E-02    -0.56842E-35     0.23471E+02
     0.18384E+01     0.33432E+00     0.33593E+00     0.54244E-01     0.10807E-02     0.17610E-03     0.12568E-02     0.31999E-33     0.22864E+02
     0.18468E+01     0.32857E+00     0.33018E+00     0.54266E-01     0.10499E-02     0.18662E-03     0.12365E-02    -0.10917E-33     0.22240E+02
     0.18551E+01     0.32259E+00     0.32420E+00     0.54261E-01     0.10182E-02     0.19832E-03     0.12165E-02    -0.10248E-33     0.21597E+02
     0.18633E+01     0.31633E+00     0.31795E+00     0.54217E-01     0.98551E-03     0.21138E-03     0.11969E-02     0.44236E-33     0.20932E+02
     0.18713E+01     0.30980E+00     0.31141E+00     0.54122E-01     0.95135E-03     0.22611E-03     0.11775E-02    -0.14695E-33     0.20245E+02
     0.18791E+01     0.30293E+00     0.30454E+00     0.53973E-01     0.91491E-03     0.24293E-03     0.11578E-02     0.50154E-34     0.19532E+02
     0.18867E+01     0.29569E+00     0.29730E+00     0.53763E-01     0.87547E-03     0.26221E-03     0.11377E-02    -0.21366E-33     0.18793E+02
     0.18942E+01     0.28804E+00     0.28964E+00     0.53485E-01     0.83272E-03     0.28413E-03     0.11168E-02     0.24893E-33     0.18024E+02
     0.19015E+01     0.27993E+00     0.28151E+00     0.53127E-01     0.78667E-03     0.30908E-03     0.10957E-02    -0.51559E-33     0.17223E+02
     0.19087E+01     0.27129E+00     0.27285E+00     0.52667E-01     0.73733E-03     0.33776E-03     0.10751E-02     0.66538E-34     0.16388E+02
     0.19157E+01     0.26206E+00     0.26360E+00     0.52077E-01     0.68474E-03     0.37094E-03     0.10557E-02     0.35743E-33     0.15517E+02
     0.19225E+01     0.25217E+00     0.25366E+00     0.51320E-01     0.62896E-03     0.40925E-03     0.10382E-02    -0.47078E-33     0.14606E+02
     0.19291E+01     0.24152E+00     0.24297E+00     0.50358E-01     0.57019E-03     0.45325E-03     0.10234E-02     0.39756E-33     0.13654E+02
     0.19355E+01     0.23004E+00     0.23143E+00     0.49151E-01     0.50885E-03     0.50352E-03     0.10124E-02    -0.13375E-33     0.12662E+02
     0.19418E+01     0.21765E+00     0.21896E+00     0.47659E-01     0.44549E-03     0.56049E-03     0.10060E-02    -0.25077E-35     0.11631E+02
     0.19479E+01     0.20426E+00     0.20548E+00     0.45831E-01     0.38082E-03     0.62455E-03     0.10054E-02    -0.14712E-34     0.10565E+02
     0.19537E+01     0.18980E+00     0.19091E+00     0.43609E-01     0.31576E-03     0.69592E-03     0.10117E-02    -0.58513E-34     0.94702E+01
     0.19594E+01     0.17423E+00     0.17522E+00     0.40928E-01     0.25175E-03     0.77444E-03     0.10262E-02     0.23188E-33     0.83558E+01
     0.19650E+01     0.15751E+00     0.15835E+00     0.37727E-01     0.19076E-03     0.85949E-03     0.10503E-02    -0.13216E-33     0.72329E+01
     0.19703E+01     0.13964E+00     0.14033E+00     0.33962E-01     0.13522E-03     0.94993E-03     0.10852E-02     0.49151E-34     0.61149E+01
     0.19754E+01     0.12066E+00     0.12119E+00     0.29621E-01     0.87685E-04     0.10443E-02     0.11320E-02    -0.12355E-33     0.50173E+01
     0.19803E+01     0.10064E+00     0.10102E+00     0.24750E-01     0.50320E-04     0.11413E-02     0.11916E-02     0.24743E-34     0.39565E+01
     0.19850E+01     0.79695E-01     0.79932E-01     0.19462E-01     0.24229E-04     0.12408E-02     0.12650E-02     0.93872E-34     0.29483E+01
     0.19896E+01     0.57903E-01     0.58026E-01     0.13927E-01     0.88708E-05     0.13444E-02     0.13533E-02    -0.61857E-34     0.20066E+01
     0.19939E+01     0.35332E-01     0.35377E-01     0.83201E-02     0.19668E-05     0.14557E-02     0.14577E-02     0.67291E-34     0.11414E+01
     0.19980E+01     0.11987E-01     0.11992E-01     0.27573E-02     0.12497E-06     0.15819E-02     0.15820E-02    -0.19602E-33     0.35916E+00
