     0.20039E-02    -0.12946E-06    -0.64988E-04     0.20020E-01     0.17861E-03     0.35884E-02     0.69120E-02    -0.94962E-07    -0.26966E-02    -0.26967E-02     0.66872E-22
     0.61156E-02    -0.24384E-06    -0.19946E-03     0.61504E-01     0.68840E-03     0.10286E-01     0.21275E-01    -0.15966E-05    -0.26841E-02    -0.26857E-02     0.19985E-21
     0.10434E-01    -0.35374E-06    -0.33968E-03     0.10483E+00     0.14915E-02     0.16351E-01     0.36344E-01    -0.76739E-05    -0.26667E-02    -0.26744E-02     0.33433E-21
     0.14956E-01    -0.44985E-06    -0.48573E-03     0.14985E+00     0.25493E-02     0.21795E-01     0.52010E-01    -0.22543E-04    -0.26404E-02    -0.26629E-02     0.46922E-21
     0.19680E-01    -0.53991E-06    -0.63960E-03     0.19629E+00     0.38242E-02     0.26646E-01     0.68032E-01    -0.50818E-04    -0.26005E-02    -0.26513E-02     0.59507E-21
     0.24604E-01    -0.62733E-06    -0.80654E-03     0.24380E+00     0.52808E-02     0.30944E-01     0.84047E-01    -0.96637E-04    -0.25429E-02    -0.26396E-02     0.70083E-21
     0.29725E-01    -0.71960E-06    -0.99532E-03     0.29192E+00     0.68865E-02     0.34736E-01     0.99618E-01    -0.16280E-03    -0.24649E-02    -0.26277E-02     0.77781E-21
     0.35041E-01    -0.83638E-06    -0.12166E-02     0.34010E+00     0.86112E-02     0.38070E-01     0.11429E+00    -0.25018E-03    -0.23656E-02    -0.26158E-02     0.82009E-21
     0.40551E-01    -0.98405E-06    -0.14802E-02     0.38777E+00     0.10428E-01     0.40993E-01     0.12768E+00    -0.35750E-03    -0.22464E-02    -0.26039E-02     0.82564E-21
     0.46252E-01    -0.11742E-05    -0.17930E-02     0.43436E+00     0.12314E-01     0.43556E-01     0.13946E+00    -0.48147E-03    -0.21107E-02    -0.25921E-02     0.79763E-21
     0.52141E-01    -0.14163E-05    -0.21566E-02     0.47935E+00     0.14251E-01     0.45812E-01     0.14944E+00    -0.61726E-03    -0.19631E-02    -0.25804E-02     0.74364E-21
     0.58216E-01    -0.17172E-05    -0.25670E-02     0.52232E+00     0.16223E-01     0.47819E-01     0.15758E+00    -0.75927E-03    -0.18093E-02    -0.25686E-02     0.67166E-21
     0.64476E-01    -0.20734E-05    -0.30131E-02     0.56296E+00     0.18216E-01     0.49627E-01     0.16393E+00    -0.90189E-03    -0.16547E-02    -0.25566E-02     0.58987E-21
     0.70917E-01    -0.24961E-05    -0.34777E-02     0.60109E+00     0.20217E-01     0.51270E-01     0.16862E+00    -0.10401E-02    -0.15041E-02    -0.25442E-02     0.50458E-21
     0.77539E-01    -0.29870E-05    -0.39388E-02     0.63664E+00     0.22216E-01     0.52769E-01     0.17185E+00    -0.11700E-02    -0.13610E-02    -0.25311E-02     0.42056E-21
     0.84338E-01    -0.35412E-05    -0.43732E-02     0.66961E+00     0.24198E-01     0.54132E-01     0.17383E+00    -0.12889E-02    -0.12281E-02    -0.25170E-02     0.34276E-21
     0.91312E-01    -0.41407E-05    -0.47601E-02     0.70011E+00     0.26150E-01     0.55370E-01     0.17475E+00    -0.13950E-02    -0.11067E-02    -0.25017E-02     0.27331E-21
     0.98459E-01    -0.47776E-05    -0.50836E-02     0.72828E+00     0.28059E-01     0.56500E-01     0.17479E+00    -0.14878E-02    -0.99735E-03    -0.24851E-02     0.21237E-21
     0.10578E+00    -0.54397E-05    -0.53341E-02     0.75428E+00     0.29911E-01     0.57550E-01     0.17408E+00    -0.15673E-02    -0.89991E-03    -0.24672E-02     0.16025E-21
     0.11326E+00    -0.61171E-05    -0.55072E-02     0.77830E+00     0.31692E-01     0.58548E-01     0.17275E+00    -0.16338E-02    -0.81395E-03    -0.24477E-02     0.11547E-21
     0.12092E+00    -0.67881E-05    -0.56031E-02     0.80056E+00     0.33390E-01     0.59511E-01     0.17090E+00    -0.16880E-02    -0.73865E-03    -0.24266E-02     0.76170E-22
     0.12873E+00    -0.74426E-05    -0.56253E-02     0.82122E+00     0.34991E-01     0.60438E-01     0.16862E+00    -0.17308E-02    -0.67287E-03    -0.24037E-02     0.42524E-22
     0.13671E+00    -0.80602E-05    -0.55801E-02     0.84047E+00     0.36481E-01     0.61310E-01     0.16597E+00    -0.17634E-02    -0.61520E-03    -0.23786E-02     0.13886E-22
     0.14485E+00    -0.85933E-05    -0.54766E-02     0.85845E+00     0.37851E-01     0.62098E-01     0.16301E+00    -0.17869E-02    -0.56417E-03    -0.23511E-02    -0.11272E-22
     0.15315E+00    -0.90019E-05    -0.53257E-02     0.87528E+00     0.39093E-01     0.62774E-01     0.15979E+00    -0.18026E-02    -0.51835E-03    -0.23210E-02    -0.33480E-22
     0.16160E+00    -0.92381E-05    -0.51384E-02     0.89103E+00     0.40207E-01     0.63311E-01     0.15638E+00    -0.18118E-02    -0.47658E-03    -0.22884E-02    -0.52850E-22
     0.17021E+00    -0.92793E-05    -0.49248E-02     0.90578E+00     0.41199E-01     0.63684E-01     0.15283E+00    -0.18156E-02    -0.43799E-03    -0.22536E-02    -0.67901E-22
     0.17896E+00    -0.91219E-05    -0.46920E-02     0.91956E+00     0.42080E-01     0.63867E-01     0.14921E+00    -0.18151E-02    -0.40198E-03    -0.22171E-02    -0.78507E-22
     0.18787E+00    -0.87777E-05    -0.44444E-02     0.93241E+00     0.42863E-01     0.63842E-01     0.14558E+00    -0.18112E-02    -0.36812E-03    -0.21793E-02    -0.84509E-22
     0.19692E+00    -0.82873E-05    -0.41848E-02     0.94436E+00     0.43562E-01     0.63612E-01     0.14200E+00    -0.18046E-02    -0.33614E-03    -0.21407E-02    -0.86374E-22
     0.20611E+00    -0.76810E-05    -0.39148E-02     0.95542E+00     0.44194E-01     0.63199E-01     0.13852E+00    -0.17955E-02    -0.30607E-03    -0.21016E-02    -0.87188E-22
     0.21545E+00    -0.69801E-05    -0.36357E-02     0.96565E+00     0.44772E-01     0.62646E-01     0.13515E+00    -0.17840E-02    -0.27827E-03    -0.20623E-02    -0.87499E-22
     0.22493E+00    -0.62055E-05    -0.33462E-02     0.97508E+00     0.45306E-01     0.62004E-01     0.13188E+00    -0.17698E-02    -0.25314E-03    -0.20230E-02    -0.87449E-22
     0.23454E+00    -0.53749E-05    -0.30419E-02     0.98380E+00     0.45804E-01     0.61320E-01     0.12872E+00    -0.17528E-02    -0.23097E-03    -0.19838E-02    -0.87671E-22
     0.24429E+00    -0.45382E-05    -0.27165E-02     0.99188E+00     0.46266E-01     0.60631E-01     0.12566E+00    -0.17330E-02    -0.21171E-03    -0.19447E-02    -0.87419E-22
     0.25418E+00    -0.37413E-05    -0.23643E-02     0.99941E+00     0.46689E-01     0.59974E-01     0.12268E+00    -0.17108E-02    -0.19500E-03    -0.19058E-02    -0.85910E-22
     0.26419E+00    -0.30290E-05    -0.19823E-02     0.10065E+01     0.47068E-01     0.59386E-01     0.11979E+00    -0.16870E-02    -0.18037E-03    -0.18674E-02    -0.82250E-22
     0.27434E+00    -0.24315E-05    -0.15740E-02     0.10131E+01     0.47398E-01     0.58902E-01     0.11703E+00    -0.16623E-02    -0.16739E-03    -0.18297E-02    -0.75833E-22
     0.28460E+00    -0.19716E-05    -0.11514E-02     0.10193E+01     0.47675E-01     0.58545E-01     0.11446E+00    -0.16373E-02    -0.15572E-03    -0.17930E-02    -0.67475E-22
     0.29500E+00    -0.16527E-05    -0.73371E-03     0.10251E+01     0.47898E-01     0.58315E-01     0.11211E+00    -0.16122E-02    -0.14519E-03    -0.17574E-02    -0.58161E-22
     0.30551E+00    -0.14924E-05    -0.34419E-03     0.10307E+01     0.48065E-01     0.58182E-01     0.10997E+00    -0.15873E-02    -0.13574E-03    -0.17230E-02    -0.49048E-22
     0.31615E+00    -0.15306E-05    -0.58988E-05     0.10359E+01     0.48180E-01     0.58098E-01     0.10802E+00    -0.15626E-02    -0.12734E-03    -0.16900E-02    -0.40758E-22
     0.32690E+00    -0.16970E-05     0.26481E-03     0.10409E+01     0.48255E-01     0.58001E-01     0.10622E+00    -0.15386E-02    -0.11992E-03    -0.16585E-02    -0.34113E-22
     0.33777E+00    -0.20030E-05     0.46307E-03     0.10456E+01     0.48292E-01     0.57840E-01     0.10457E+00    -0.15153E-02    -0.11333E-03    -0.16286E-02    -0.28094E-22
     0.34875E+00    -0.25113E-05     0.59817E-03     0.10502E+01     0.48292E-01     0.57612E-01     0.10307E+00    -0.14926E-02    -0.10741E-03    -0.16000E-02    -0.22197E-22
     0.35985E+00    -0.31948E-05     0.68514E-03     0.10545E+01     0.48257E-01     0.57340E-01     0.10169E+00    -0.14704E-02    -0.10209E-03    -0.15725E-02    -0.18880E-22
     0.37105E+00    -0.39673E-05     0.73357E-03     0.10587E+01     0.48195E-01     0.57047E-01     0.10034E+00    -0.14480E-02    -0.97676E-04    -0.15456E-02    -0.19771E-22
     0.38236E+00    -0.47351E-05     0.74701E-03     0.10628E+01     0.48115E-01     0.56754E-01     0.98936E-01    -0.14238E-02    -0.94598E-04    -0.15184E-02    -0.24293E-22
     0.39377E+00    -0.54621E-05     0.72703E-03     0.10668E+01     0.48022E-01     0.56468E-01     0.97422E-01    -0.13963E-02    -0.92894E-04    -0.14892E-02    -0.30259E-22
     0.40528E+00    -0.61720E-05     0.67846E-03     0.10708E+01     0.47914E-01     0.56181E-01     0.95779E-01    -0.13650E-02    -0.92035E-04    -0.14570E-02    -0.34253E-22
     0.41690E+00    -0.69487E-05     0.61537E-03     0.10748E+01     0.47787E-01     0.55871E-01     0.94041E-01    -0.13302E-02    -0.91274E-04    -0.14215E-02    -0.33878E-22
     0.42861E+00    -0.78412E-05     0.56020E-03     0.10788E+01     0.47633E-01     0.55521E-01     0.92267E-01    -0.12931E-02    -0.90136E-04    -0.13833E-02    -0.29923E-22
     0.44042E+00    -0.89117E-05     0.53386E-03     0.10827E+01     0.47446E-01     0.55135E-01     0.90515E-01    -0.12547E-02    -0.88614E-04    -0.13433E-02    -0.25366E-22
     0.45232E+00    -0.10166E-04     0.54612E-03     0.10867E+01     0.47222E-01     0.54752E-01     0.88821E-01    -0.12155E-02    -0.86957E-04    -0.13025E-02    -0.22776E-22
     0.46431E+00    -0.11583E-04     0.59510E-03     0.10905E+01     0.46957E-01     0.54419E-01     0.87188E-01    -0.11760E-02    -0.85379E-04    -0.12613E-02    -0.21919E-22
     0.47639E+00    -0.13122E-04     0.67265E-03     0.10944E+01     0.46654E-01     0.54155E-01     0.85613E-01    -0.11363E-02    -0.83876E-04    -0.12202E-02    -0.23303E-22
     0.48855E+00    -0.14767E-04     0.76853E-03     0.10982E+01     0.46320E-01     0.53935E-01     0.84103E-01    -0.10968E-02    -0.82263E-04    -0.11790E-02    -0.26885E-22
     0.50081E+00    -0.16487E-04     0.87142E-03     0.11019E+01     0.45968E-01     0.53699E-01     0.82680E-01    -0.10578E-02    -0.80325E-04    -0.11382E-02    -0.31378E-22
     0.51314E+00    -0.18282E-04     0.96842E-03     0.11056E+01     0.45613E-01     0.53386E-01     0.81357E-01    -0.10202E-02    -0.77927E-04    -0.10981E-02    -0.35554E-22
     0.52555E+00    -0.20168E-04     0.10457E-02     0.11091E+01     0.45267E-01     0.52977E-01     0.80119E-01    -0.98437E-03    -0.75109E-04    -0.10595E-02    -0.38909E-22
     0.53804E+00    -0.22221E-04     0.10959E-02     0.11126E+01     0.44938E-01     0.52493E-01     0.78905E-01    -0.95064E-03    -0.72124E-04    -0.10228E-02    -0.43269E-22
     0.55061E+00    -0.24471E-04     0.11253E-02     0.11159E+01     0.44630E-01     0.51954E-01     0.77630E-01    -0.91861E-03    -0.69359E-04    -0.98797E-03    -0.50115E-22
     0.56325E+00    -0.26907E-04     0.11467E-02     0.11191E+01     0.44343E-01     0.51377E-01     0.76236E-01    -0.88747E-03    -0.67045E-04    -0.95452E-03    -0.59098E-22
     0.57596E+00    -0.29440E-04     0.11641E-02     0.11223E+01     0.44069E-01     0.50779E-01     0.74728E-01    -0.85655E-03    -0.65037E-04    -0.92158E-03    -0.68142E-22
     0.58874E+00    -0.31955E-04     0.11680E-02     0.11253E+01     0.43802E-01     0.50179E-01     0.73149E-01    -0.82529E-03    -0.62986E-04    -0.88828E-03    -0.76846E-22
     0.60158E+00    -0.34292E-04     0.11428E-02     0.11283E+01     0.43534E-01     0.49590E-01     0.71544E-01    -0.79313E-03    -0.60716E-04    -0.85385E-03    -0.87947E-22
     0.61449E+00    -0.36313E-04     0.10790E-02     0.11312E+01     0.43265E-01     0.49008E-01     0.69935E-01    -0.75944E-03    -0.58324E-04    -0.81777E-03    -0.10063E-21
     0.62747E+00    -0.38016E-04     0.97681E-03     0.11340E+01     0.42998E-01     0.48424E-01     0.68341E-01    -0.72400E-03    -0.55881E-04    -0.77988E-03    -0.11189E-21
     0.64050E+00    -0.39494E-04     0.84044E-03     0.11367E+01     0.42736E-01     0.47832E-01     0.66788E-01    -0.68713E-03    -0.53305E-04    -0.74044E-03    -0.12033E-21
     0.65359E+00    -0.40890E-04     0.67071E-03     0.11392E+01     0.42486E-01     0.47228E-01     0.65298E-01    -0.64944E-03    -0.50490E-04    -0.69993E-03    -0.12518E-21
     0.66673E+00    -0.42370E-04     0.46366E-03     0.11416E+01     0.42254E-01     0.46611E-01     0.63890E-01    -0.61150E-03    -0.47391E-04    -0.65889E-03    -0.12733E-21
     0.67993E+00    -0.43999E-04     0.21531E-03     0.11439E+01     0.42046E-01     0.45990E-01     0.62568E-01    -0.57376E-03    -0.44060E-04    -0.61782E-03    -0.12841E-21
     0.69318E+00    -0.45729E-04    -0.72168E-04     0.11460E+01     0.41870E-01     0.45381E-01     0.61323E-01    -0.53641E-03    -0.40621E-04    -0.57703E-03    -0.13013E-21
     0.70648E+00    -0.47448E-04    -0.38901E-03     0.11479E+01     0.41730E-01     0.44811E-01     0.60126E-01    -0.49929E-03    -0.37228E-04    -0.53652E-03    -0.13310E-21
     0.71982E+00    -0.49067E-04    -0.72212E-03     0.11497E+01     0.41628E-01     0.44307E-01     0.58951E-01    -0.46204E-03    -0.33990E-04    -0.49603E-03    -0.13735E-21
     0.73321E+00    -0.50584E-04    -0.10583E-02     0.11513E+01     0.41562E-01     0.43885E-01     0.57781E-01    -0.42430E-03    -0.30879E-04    -0.45518E-03    -0.14259E-21
     0.74665E+00    -0.52064E-04    -0.13832E-02     0.11528E+01     0.41531E-01     0.43545E-01     0.56623E-01    -0.38584E-03    -0.27774E-04    -0.41362E-03    -0.14832E-21
     0.76012E+00    -0.53567E-04    -0.16779E-02     0.11541E+01     0.41530E-01     0.43271E-01     0.55511E-01    -0.34649E-03    -0.24634E-04    -0.37113E-03    -0.15349E-21
     0.77363E+00    -0.55128E-04    -0.19217E-02     0.11553E+01     0.41554E-01     0.43050E-01     0.54493E-01    -0.30609E-03    -0.21552E-04    -0.32765E-03    -0.15782E-21
     0.78717E+00    -0.56724E-04    -0.21021E-02     0.11563E+01     0.41593E-01     0.42873E-01     0.53606E-01    -0.26448E-03    -0.18666E-04    -0.28315E-03    -0.16235E-21
     0.80075E+00    -0.58268E-04    -0.22196E-02     0.11572E+01     0.41643E-01     0.42734E-01     0.52859E-01    -0.22152E-03    -0.16035E-04    -0.23756E-03    -0.16771E-21
     0.81436E+00    -0.59640E-04    -0.22862E-02     0.11580E+01     0.41702E-01     0.42627E-01     0.52244E-01    -0.17719E-03    -0.13557E-04    -0.19075E-03    -0.17428E-21
     0.82800E+00    -0.60748E-04    -0.23167E-02     0.11586E+01     0.41769E-01     0.42560E-01     0.51766E-01    -0.13177E-03    -0.10976E-04    -0.14274E-03    -0.18145E-21
     0.84166E+00    -0.61546E-04    -0.23221E-02     0.11591E+01     0.41845E-01     0.42554E-01     0.51457E-01    -0.85845E-04    -0.80290E-05    -0.93874E-04    -0.18755E-21
     0.85535E+00    -0.62059E-04    -0.23086E-02     0.11594E+01     0.41930E-01     0.42620E-01     0.51357E-01    -0.40117E-04    -0.46008E-05    -0.44717E-04    -0.19138E-21
     0.86906E+00    -0.62376E-04    -0.22796E-02     0.11595E+01     0.42025E-01     0.42740E-01     0.51493E-01     0.47703E-05    -0.73988E-06     0.40304E-05    -0.19200E-21
     0.88279E+00    -0.62642E-04    -0.22364E-02     0.11595E+01     0.42131E-01     0.42876E-01     0.51862E-01     0.48428E-04     0.33545E-05     0.51782E-04    -0.18948E-21
     0.89654E+00    -0.62935E-04    -0.21769E-02     0.11592E+01     0.42249E-01     0.42996E-01     0.52438E-01     0.90838E-04     0.73896E-05     0.98228E-04    -0.18469E-21
     0.91031E+00    -0.63291E-04    -0.20943E-02     0.11587E+01     0.42379E-01     0.43093E-01     0.53180E-01     0.13214E-03     0.11080E-04     0.14322E-03    -0.17709E-21
     0.92408E+00    -0.63645E-04    -0.19796E-02     0.11581E+01     0.42523E-01     0.43174E-01     0.54035E-01     0.17225E-03     0.14284E-04     0.18654E-03    -0.16540E-21
     0.93787E+00    -0.63930E-04    -0.18270E-02     0.11573E+01     0.42685E-01     0.43245E-01     0.54930E-01     0.21063E-03     0.17033E-04     0.22766E-03    -0.15036E-21
     0.95167E+00    -0.64029E-04    -0.16343E-02     0.11563E+01     0.42869E-01     0.43310E-01     0.55790E-01     0.24674E-03     0.19383E-04     0.26612E-03    -0.13460E-21
     0.96547E+00    -0.63818E-04    -0.13971E-02     0.11553E+01     0.43075E-01     0.43386E-01     0.56568E-01     0.28059E-03     0.21385E-04     0.30197E-03    -0.12185E-21
     0.97928E+00    -0.63288E-04    -0.11055E-02     0.11541E+01     0.43300E-01     0.43514E-01     0.57271E-01     0.31279E-03     0.23119E-04     0.33591E-03    -0.11475E-21
     0.99309E+00    -0.62489E-04    -0.74657E-03     0.11529E+01     0.43539E-01     0.43732E-01     0.57934E-01     0.34425E-03     0.24669E-04     0.36892E-03    -0.11137E-21
     0.10069E+01    -0.61498E-04    -0.31466E-03     0.11515E+01     0.43786E-01     0.44053E-01     0.58584E-01     0.37569E-03     0.26151E-04     0.40184E-03    -0.10790E-21
     0.10207E+01    -0.60350E-04     0.17851E-03     0.11502E+01     0.44034E-01     0.44469E-01     0.59237E-01     0.40751E-03     0.27690E-04     0.43520E-03    -0.10230E-21
     0.10345E+01    -0.58990E-04     0.70286E-03     0.11487E+01     0.44277E-01     0.44961E-01     0.59894E-01     0.43984E-03     0.29350E-04     0.46919E-03    -0.96159E-22
     0.10483E+01    -0.57314E-04     0.12180E-02     0.11471E+01     0.44516E-01     0.45520E-01     0.60538E-01     0.47258E-03     0.31093E-04     0.50367E-03    -0.89937E-22
     0.10621E+01    -0.55460E-04     0.16870E-02     0.11455E+01     0.44756E-01     0.46143E-01     0.61149E-01     0.50543E-03     0.32862E-04     0.53829E-03    -0.82906E-22
     0.10759E+01    -0.53726E-04     0.20886E-02     0.11437E+01     0.45004E-01     0.46832E-01     0.61718E-01     0.53812E-03     0.34732E-04     0.57285E-03    -0.76475E-22
     0.10897E+01    -0.52130E-04     0.24183E-02     0.11419E+01     0.45268E-01     0.47575E-01     0.62251E-01     0.57086E-03     0.36859E-04     0.60772E-03    -0.72739E-22
     0.11035E+01    -0.50437E-04     0.26802E-02     0.11399E+01     0.45554E-01     0.48338E-01     0.62756E-01     0.60444E-03     0.39242E-04     0.64369E-03    -0.74197E-22
     0.11172E+01    -0.48579E-04     0.28773E-02     0.11378E+01     0.45865E-01     0.49084E-01     0.63239E-01     0.63965E-03     0.41637E-04     0.68129E-03    -0.81569E-22
     0.11309E+01    -0.46834E-04     0.30014E-02     0.11356E+01     0.46200E-01     0.49773E-01     0.63717E-01     0.67681E-03     0.43708E-04     0.72051E-03    -0.92828E-22
     0.11447E+01    -0.45431E-04     0.30390E-02     0.11333E+01     0.46549E-01     0.50372E-01     0.64228E-01     0.71567E-03     0.45235E-04     0.76090E-03    -0.10292E-21
     0.11583E+01    -0.44500E-04     0.29835E-02     0.11310E+01     0.46907E-01     0.50862E-01     0.64810E-01     0.75543E-03     0.46281E-04     0.80171E-03    -0.10880E-21
     0.11720E+01    -0.44144E-04     0.28443E-02     0.11286E+01     0.47269E-01     0.51240E-01     0.65476E-01     0.79518E-03     0.47150E-04     0.84233E-03    -0.11085E-21
     0.11856E+01    -0.44259E-04     0.26477E-02     0.11261E+01     0.47632E-01     0.51526E-01     0.66213E-01     0.83441E-03     0.48188E-04     0.88260E-03    -0.11056E-21
     0.11993E+01    -0.44593E-04     0.24279E-02     0.11237E+01     0.47990E-01     0.51749E-01     0.67000E-01     0.87331E-03     0.49581E-04     0.92289E-03    -0.11163E-21
     0.12128E+01    -0.44948E-04     0.22176E-02     0.11211E+01     0.48338E-01     0.51943E-01     0.67832E-01     0.91274E-03     0.51221E-04     0.96396E-03    -0.11727E-21
     0.12264E+01    -0.45252E-04     0.20401E-02     0.11184E+01     0.48667E-01     0.52142E-01     0.68727E-01     0.95369E-03     0.52836E-04     0.10065E-02    -0.12556E-21
     0.12399E+01    -0.45530E-04     0.19050E-02     0.11157E+01     0.48971E-01     0.52388E-01     0.69698E-01     0.99649E-03     0.54233E-04     0.10507E-02    -0.13244E-21
     0.12534E+01    -0.45923E-04     0.18102E-02     0.11130E+01     0.49243E-01     0.52730E-01     0.70740E-01     0.10407E-02     0.55416E-04     0.10961E-02    -0.13675E-21
     0.12668E+01    -0.46667E-04     0.17463E-02     0.11101E+01     0.49486E-01     0.53203E-01     0.71836E-01     0.10856E-02     0.56506E-04     0.11421E-02    -0.13836E-21
     0.12802E+01    -0.48005E-04     0.17034E-02     0.11073E+01     0.49703E-01     0.53806E-01     0.72961E-01     0.11305E-02     0.57732E-04     0.11882E-02    -0.13978E-21
     0.12935E+01    -0.49974E-04     0.16766E-02     0.11043E+01     0.49904E-01     0.54500E-01     0.74091E-01     0.11753E-02     0.59347E-04     0.12346E-02    -0.14417E-21
     0.13068E+01    -0.52189E-04     0.16636E-02     0.11013E+01     0.50099E-01     0.55228E-01     0.75218E-01     0.12201E-02     0.61276E-04     0.12814E-02    -0.15130E-21
     0.13201E+01    -0.53984E-04     0.16601E-02     0.10982E+01     0.50297E-01     0.55938E-01     0.76342E-01     0.12655E-02     0.63139E-04     0.13287E-02    -0.15992E-21
     0.13333E+01    -0.54624E-04     0.16610E-02     0.10951E+01     0.50507E-01     0.56598E-01     0.77470E-01     0.13111E-02     0.64640E-04     0.13757E-02    -0.16566E-21
     0.13464E+01    -0.53569E-04     0.16582E-02     0.10919E+01     0.50732E-01     0.57212E-01     0.78595E-01     0.13561E-02     0.65658E-04     0.14218E-02    -0.16232E-21
     0.13595E+01    -0.50841E-04     0.16302E-02     0.10886E+01     0.50974E-01     0.57813E-01     0.79709E-01     0.13998E-02     0.66165E-04     0.14660E-02    -0.15186E-21
     0.13725E+01    -0.46881E-04     0.15447E-02     0.10854E+01     0.51230E-01     0.58438E-01     0.80808E-01     0.14416E-02     0.66389E-04     0.15080E-02    -0.14167E-21
     0.13855E+01    -0.42222E-04     0.13843E-02     0.10822E+01     0.51496E-01     0.59095E-01     0.81899E-01     0.14808E-02     0.66849E-04     0.15476E-02    -0.13721E-21
     0.13984E+01    -0.37408E-04     0.11646E-02     0.10789E+01     0.51768E-01     0.59765E-01     0.83004E-01     0.15170E-02     0.67867E-04     0.15848E-02    -0.13888E-21
     0.14113E+01    -0.32882E-04     0.92651E-03     0.10756E+01     0.52041E-01     0.60415E-01     0.84131E-01     0.15503E-02     0.69249E-04     0.16195E-02    -0.13922E-21
     0.14240E+01    -0.28800E-04     0.71240E-03     0.10722E+01     0.52313E-01     0.61027E-01     0.85249E-01     0.15810E-02     0.70682E-04     0.16516E-02    -0.13349E-21
     0.14368E+01    -0.25002E-04     0.54529E-03     0.10688E+01     0.52581E-01     0.61611E-01     0.86311E-01     0.16090E-02     0.72065E-04     0.16811E-02    -0.12638E-21
     0.14494E+01    -0.21308E-04     0.42168E-03     0.10654E+01     0.52846E-01     0.62177E-01     0.87276E-01     0.16343E-02     0.73527E-04     0.17078E-02    -0.12281E-21
     0.14620E+01    -0.17831E-04     0.32495E-03     0.10619E+01     0.53105E-01     0.62726E-01     0.88130E-01     0.16570E-02     0.75325E-04     0.17323E-02    -0.12523E-21
     0.14744E+01    -0.14688E-04     0.25117E-03     0.10583E+01     0.53356E-01     0.63262E-01     0.88900E-01     0.16781E-02     0.77396E-04     0.17555E-02    -0.13513E-21
     0.14869E+01    -0.11626E-04     0.21749E-03     0.10547E+01     0.53599E-01     0.63790E-01     0.89654E-01     0.16981E-02     0.79303E-04     0.17774E-02    -0.14628E-21
     0.14992E+01    -0.84213E-05     0.23903E-03     0.10510E+01     0.53835E-01     0.64302E-01     0.90435E-01     0.17167E-02     0.80909E-04     0.17976E-02    -0.15261E-21
     0.15114E+01    -0.51350E-05     0.30283E-03     0.10472E+01     0.54064E-01     0.64772E-01     0.91258E-01     0.17334E-02     0.82503E-04     0.18159E-02    -0.15191E-21
     0.15236E+01    -0.20671E-05     0.37388E-03     0.10434E+01     0.54287E-01     0.65164E-01     0.92113E-01     0.17487E-02     0.84466E-04     0.18332E-02    -0.14567E-21
     0.15357E+01     0.56122E-06     0.42495E-03     0.10395E+01     0.54499E-01     0.65449E-01     0.92979E-01     0.17638E-02     0.86812E-04     0.18506E-02    -0.14432E-21
     0.15477E+01     0.28164E-05     0.44471E-03     0.10356E+01     0.54690E-01     0.65617E-01     0.93866E-01     0.17800E-02     0.89079E-04     0.18691E-02    -0.15154E-21
     0.15596E+01     0.46871E-05     0.42703E-03     0.10315E+01     0.54851E-01     0.65691E-01     0.94795E-01     0.17976E-02     0.90953E-04     0.18885E-02    -0.16235E-21
     0.15714E+01     0.60826E-05     0.36812E-03     0.10275E+01     0.54978E-01     0.65711E-01     0.95777E-01     0.18164E-02     0.92510E-04     0.19089E-02    -0.17464E-21
     0.15831E+01     0.70261E-05     0.26772E-03     0.10234E+01     0.55071E-01     0.65712E-01     0.96815E-01     0.18364E-02     0.93961E-04     0.19303E-02    -0.18669E-21
     0.15947E+01     0.74895E-05     0.12898E-03     0.10193E+01     0.55135E-01     0.65729E-01     0.97899E-01     0.18577E-02     0.95438E-04     0.19531E-02    -0.19566E-21
     0.16062E+01     0.74329E-05    -0.40956E-04     0.10151E+01     0.55171E-01     0.65800E-01     0.99005E-01     0.18808E-02     0.97026E-04     0.19778E-02    -0.20066E-21
     0.16176E+01     0.68484E-05    -0.23430E-03     0.10109E+01     0.55178E-01     0.65969E-01     0.10012E+00     0.19065E-02     0.98918E-04     0.20054E-02    -0.20806E-21
     0.16290E+01     0.58945E-05    -0.45020E-03     0.10067E+01     0.55153E-01     0.66262E-01     0.10127E+00     0.19352E-02     0.10116E-03     0.20363E-02    -0.22204E-21
     0.16402E+01     0.47401E-05    -0.69289E-03     0.10024E+01     0.55094E-01     0.66667E-01     0.10254E+00     0.19667E-02     0.10348E-03     0.20701E-02    -0.23642E-21
     0.16512E+01     0.34306E-05    -0.96050E-03     0.99802E+00     0.55004E-01     0.67125E-01     0.10394E+00     0.19998E-02     0.10574E-03     0.21056E-02    -0.24695E-21
     0.16622E+01     0.20826E-05    -0.12377E-02     0.99362E+00     0.54887E-01     0.67575E-01     0.10546E+00     0.20333E-02     0.10810E-03     0.21414E-02    -0.25203E-21
     0.16731E+01     0.85811E-06    -0.15042E-02     0.98916E+00     0.54744E-01     0.67976E-01     0.10702E+00     0.20656E-02     0.11098E-03     0.21766E-02    -0.25452E-21
     0.16839E+01    -0.24136E-06    -0.17507E-02     0.98461E+00     0.54575E-01     0.68308E-01     0.10856E+00     0.20954E-02     0.11472E-03     0.22102E-02    -0.25960E-21
     0.16945E+01    -0.12679E-05    -0.19822E-02     0.97995E+00     0.54375E-01     0.68564E-01     0.11006E+00     0.21222E-02     0.11922E-03     0.22414E-02    -0.26434E-21
     0.17050E+01    -0.21759E-05    -0.22048E-02     0.97515E+00     0.54144E-01     0.68748E-01     0.11147E+00     0.21452E-02     0.12425E-03     0.22695E-02    -0.26034E-21
     0.17154E+01    -0.27228E-05    -0.24094E-02     0.97020E+00     0.53883E-01     0.68870E-01     0.11281E+00     0.21639E-02     0.13009E-03     0.22940E-02    -0.24619E-21
     0.17257E+01    -0.26098E-05    -0.25750E-02     0.96505E+00     0.53593E-01     0.68950E-01     0.11409E+00     0.21778E-02     0.13747E-03     0.23153E-02    -0.23535E-21
     0.17358E+01    -0.17951E-05    -0.26874E-02     0.95965E+00     0.53275E-01     0.69020E-01     0.11541E+00     0.21874E-02     0.14701E-03     0.23344E-02    -0.24301E-21
     0.17458E+01    -0.48703E-06    -0.27483E-02     0.95391E+00     0.52922E-01     0.69100E-01     0.11689E+00     0.21945E-02     0.15897E-03     0.23534E-02    -0.27568E-21
     0.17557E+01     0.10909E-05    -0.27662E-02     0.94777E+00     0.52526E-01     0.69192E-01     0.11859E+00     0.22010E-02     0.17280E-03     0.23738E-02    -0.33109E-21
     0.17655E+01     0.28138E-05    -0.27428E-02     0.94118E+00     0.52072E-01     0.69291E-01     0.12051E+00     0.22082E-02     0.18724E-03     0.23954E-02    -0.39686E-21
     0.17751E+01     0.45843E-05    -0.26719E-02     0.93418E+00     0.51546E-01     0.69373E-01     0.12262E+00     0.22166E-02     0.20100E-03     0.24176E-02    -0.45773E-21
     0.17845E+01     0.63816E-05    -0.25445E-02     0.92681E+00     0.50937E-01     0.69389E-01     0.12486E+00     0.22264E-02     0.21358E-03     0.24400E-02    -0.50666E-21
     0.17939E+01     0.82244E-05    -0.23526E-02     0.91912E+00     0.50239E-01     0.69286E-01     0.12721E+00     0.22364E-02     0.22598E-03     0.24624E-02    -0.54735E-21
     0.18031E+01     0.10070E-04    -0.21039E-02     0.91109E+00     0.49453E-01     0.69042E-01     0.12968E+00     0.22454E-02     0.23994E-03     0.24853E-02    -0.58771E-21
     0.18121E+01     0.11736E-04    -0.18306E-02     0.90268E+00     0.48578E-01     0.68660E-01     0.13228E+00     0.22529E-02     0.25661E-03     0.25095E-02    -0.63140E-21
     0.18210E+01     0.12984E-04    -0.15718E-02     0.89378E+00     0.47610E-01     0.68182E-01     0.13502E+00     0.22592E-02     0.27658E-03     0.25358E-02    -0.67605E-21
     0.18298E+01     0.13615E-04    -0.13504E-02     0.88433E+00     0.46546E-01     0.67668E-01     0.13789E+00     0.22647E-02     0.30035E-03     0.25650E-02    -0.72171E-21
     0.18384E+01     0.13465E-04    -0.11658E-02     0.87419E+00     0.45383E-01     0.67164E-01     0.14088E+00     0.22691E-02     0.32839E-03     0.25975E-02    -0.76955E-21
     0.18468E+01     0.12428E-04    -0.10057E-02     0.86328E+00     0.44123E-01     0.66672E-01     0.14396E+00     0.22720E-02     0.36124E-03     0.26332E-02    -0.81151E-21
     0.18551E+01     0.10601E-04    -0.85700E-03     0.85146E+00     0.42767E-01     0.66161E-01     0.14708E+00     0.22726E-02     0.39947E-03     0.26720E-02    -0.83864E-21
     0.18633E+01     0.82563E-05    -0.70934E-03     0.83861E+00     0.41318E-01     0.65588E-01     0.15021E+00     0.22696E-02     0.44360E-03     0.27132E-02    -0.84906E-21
     0.18713E+01     0.57316E-05    -0.55809E-03     0.82460E+00     0.39774E-01     0.64922E-01     0.15330E+00     0.22615E-02     0.49438E-03     0.27558E-02    -0.84323E-21
     0.18791E+01     0.33580E-05    -0.40758E-03     0.80927E+00     0.38134E-01     0.64164E-01     0.15632E+00     0.22453E-02     0.55317E-03     0.27985E-02    -0.82368E-21
     0.18867E+01     0.14182E-05    -0.27085E-03     0.79244E+00     0.36395E-01     0.63329E-01     0.15921E+00     0.22184E-02     0.62157E-03     0.28400E-02    -0.78757E-21
     0.18942E+01     0.55423E-07    -0.16228E-03     0.77391E+00     0.34556E-01     0.62416E-01     0.16187E+00     0.21785E-02     0.70086E-03     0.28793E-02    -0.71853E-21
     0.19015E+01    -0.76704E-06    -0.89112E-04     0.75345E+00     0.32617E-01     0.61412E-01     0.16417E+00     0.21237E-02     0.79255E-03     0.29162E-02    -0.59907E-21
     0.19087E+01    -0.11867E-05    -0.48659E-04     0.73083E+00     0.30584E-01     0.60313E-01     0.16599E+00     0.20518E-02     0.89872E-03     0.29505E-02    -0.41802E-21
     0.19157E+01    -0.13760E-05    -0.29496E-04     0.70576E+00     0.28465E-01     0.59131E-01     0.16718E+00     0.19606E-02     0.10215E-02     0.29821E-02    -0.16522E-21
     0.19225E+01    -0.14735E-05    -0.15436E-04     0.67797E+00     0.26268E-01     0.57870E-01     0.16756E+00     0.18482E-02     0.11624E-02     0.30105E-02     0.17037E-21
     0.19291E+01    -0.15520E-05     0.94723E-05     0.64718E+00     0.24005E-01     0.56509E-01     0.16696E+00     0.17138E-02     0.13216E-02     0.30353E-02     0.60013E-21
     0.19355E+01    -0.16048E-05     0.56678E-04     0.61317E+00     0.21687E-01     0.54997E-01     0.16516E+00     0.15585E-02     0.14981E-02     0.30565E-02     0.11289E-20
     0.19418E+01    -0.15927E-05     0.12973E-03     0.57579E+00     0.19329E-01     0.53265E-01     0.16194E+00     0.13849E-02     0.16896E-02     0.30745E-02     0.17594E-20
     0.19479E+01    -0.14871E-05     0.22187E-03     0.53501E+00     0.16951E-01     0.51242E-01     0.15706E+00     0.11967E-02     0.18930E-02     0.30897E-02     0.24899E-20
     0.19537E+01    -0.12758E-05     0.31687E-03     0.49090E+00     0.14579E-01     0.48882E-01     0.15027E+00     0.99927E-03     0.21038E-02     0.31030E-02     0.32993E-20
     0.19594E+01    -0.99778E-06     0.39458E-03     0.44367E+00     0.12240E-01     0.46161E-01     0.14134E+00     0.79939E-03     0.23159E-02     0.31153E-02     0.41353E-20
     0.19650E+01    -0.70756E-06     0.43847E-03     0.39369E+00     0.99657E-02     0.43060E-01     0.13013E+00     0.60562E-03     0.25216E-02     0.31272E-02     0.49108E-20
     0.19703E+01    -0.45381E-06     0.44109E-03     0.34150E+00     0.77923E-02     0.39537E-01     0.11659E+00     0.42768E-03     0.27120E-02     0.31397E-02     0.55063E-20
     0.19754E+01    -0.25531E-06     0.40540E-03     0.28778E+00     0.57621E-02     0.35521E-01     0.10087E+00     0.27534E-03     0.28779E-02     0.31533E-02     0.57761E-20
     0.19803E+01    -0.11732E-06     0.34200E-03     0.23336E+00     0.39276E-02     0.30913E-01     0.83350E-01     0.15642E-03     0.30121E-02     0.31686E-02     0.55876E-20
     0.19850E+01    -0.31305E-07     0.26389E-03     0.17908E+00     0.23529E-02     0.25609E-01     0.64674E-01     0.74426E-04     0.31113E-02     0.31857E-02     0.48894E-20
     0.19896E+01     0.14811E-07     0.18220E-03     0.12571E+00     0.11138E-02     0.19498E-01     0.45592E-01     0.26899E-04     0.31776E-02     0.32045E-02     0.37518E-20
     0.19939E+01     0.29493E-07     0.10422E-03     0.73908E-01     0.29770E-03     0.12473E-01     0.26791E-01     0.58714E-05     0.32180E-02     0.32239E-02     0.23387E-20
     0.19980E+01     0.00000E+00     0.33078E-04     0.24088E-01     0.00000E+00     0.44318E-02     0.87158E-02     0.36281E-06     0.32429E-02     0.32433E-02     0.79459E-21
