  3.2446638E-03  4.5742809E-08  1.4569158E-10  1.4842895E-10
  1.0172446E-02  1.4670178E-07  4.4768728E-10  4.6710469E-10
  1.7962763E-02  2.6933165E-07  8.0981577E-10  8.2907586E-10
  2.6586862E-02  4.1479575E-07  1.1737222E-09  1.2155454E-09
  3.6015995E-02  5.8646407E-07  1.6060299E-09  1.6540146E-09
  4.6221405E-02  7.8730073E-07  2.0354221E-09  2.0484181E-09
  5.7174347E-02  1.0201497E-06  2.5116549E-09  2.6342715E-09
  6.8846062E-02  1.2871437E-06  3.0064602E-09  3.0974534E-09
  8.1207812E-02  1.5913442E-06  3.4808436E-09  3.6139147E-09
  9.4230831E-02  1.9356071E-06  3.8265697E-09  4.0471289E-09
  0.1078864      2.3216380E-06  4.3293453E-09  4.5257833E-09
  0.1221457      2.7495441E-06  4.7351953E-09  4.9384439E-09
  0.1369800      3.2201128E-06  5.1437898E-09  5.2122209E-09
  0.1523606      3.7319726E-06  5.3543006E-09  5.5830274E-09
  0.1682588      4.2839197E-06  5.4925060E-09  5.7092815E-09
  0.1846457      4.8747897E-06  5.5393490E-09  5.8661214E-09
  0.2014926      5.5000260E-06  5.5655938E-09  5.8644143E-09
  0.2187708      6.1520286E-06  5.5525660E-09  5.5897269E-09
  0.2364515      6.8247004E-06  5.2853424E-09  5.4511053E-09
  0.2545060      7.5104435E-06  4.9158535E-09  5.1379176E-09
  0.2729055      8.2044680E-06  4.5500386E-09  4.6797139E-09
  0.2916212      8.8907918E-06  4.0275765E-09  4.2539070E-09
  0.3106245      9.5615014E-06  3.5883969E-09  3.7260821E-09
  0.3298865      1.0206249E-05  3.2236496E-09  3.3457010E-09
  0.3493785      1.0814108E-05  2.8977767E-09  3.0473508E-09
  0.3690718      1.1374628E-05  2.8810669E-09  2.9472225E-09
  0.3889376      1.1875809E-05  2.9905980E-09  3.1213945E-09
  0.4089472      1.2311227E-05  3.3092988E-09  3.3269494E-09
  0.4290717      1.2665333E-05  3.5690515E-09  3.7161205E-09
  0.4492825      1.2941982E-05  3.8913139E-09  3.9749128E-09
  0.4695508      1.3128943E-05  4.1379438E-09  4.1865915E-09
  0.4898479      1.3221190E-05  4.2057255E-09  4.3112158E-09
  0.5101521      1.3221230E-05  4.2164885E-09  4.4064139E-09
  0.5304492      1.3129022E-05  4.1105417E-09  4.1295687E-09
  0.5507175      1.2941889E-05  3.9002566E-09  4.0079189E-09
  0.5709283      1.2665510E-05  3.5726697E-09  3.7473633E-09
  0.5910528      1.2311209E-05  3.2868119E-09  3.3306407E-09
  0.6110624      1.1875840E-05  3.0094103E-09  3.0800766E-09
  0.6309282      1.1374696E-05  2.8765716E-09  2.9341483E-09
  0.6506215      1.0814081E-05  2.9348710E-09  3.0677938E-09
  0.6701135      1.0206260E-05  3.2068304E-09  3.3514167E-09
  0.6893755      9.5614942E-06  3.6317154E-09  3.8179073E-09
  0.7083788      8.8907709E-06  4.0712873E-09  4.2066803E-09
  0.7270945      8.2045954E-06  4.5508899E-09  4.7496083E-09
  0.7454940      7.5103085E-06  4.9289048E-09  5.1607554E-09
  0.7635485      6.8246686E-06  5.2878439E-09  5.4423079E-09
  0.7812291      6.1518372E-06  5.4477471E-09  5.6026370E-09
  0.7985073      5.4998172E-06  5.6038068E-09  5.7098939E-09
  0.8153543      4.8747324E-06  5.6781100E-09  5.8292975E-09
  0.8317412      4.2839756E-06  5.5470029E-09  5.7799068E-09
  0.8476393      3.7320121E-06  5.3117937E-09  5.5395279E-09
  0.8630199      3.2201024E-06  5.1288276E-09  5.2782712E-09
  0.8778543      2.7494600E-06  4.7268349E-09  4.8297708E-09
  0.8921136      2.3215448E-06  4.3457202E-09  4.4090718E-09
  0.9057692      1.9355616E-06  3.8924983E-09  3.9965817E-09
  0.9187922      1.5913777E-06  3.3976357E-09  3.5412235E-09
  0.9311540      1.2871396E-06  2.9768847E-09  3.0850569E-09
  0.9428257      1.0200683E-06  2.4848950E-09  2.5456757E-09
  0.9537786      7.8733484E-07  2.0497510E-09  2.1331150E-09
  0.9639840      5.8648857E-07  1.6187167E-09  1.6278228E-09
  0.9734131      4.1477250E-07  1.1711782E-09  1.2190179E-09
  0.9820372      2.6932659E-07  7.9380624E-10  8.1072721E-10
  0.9898275      1.4670368E-07  4.4680706E-10  4.6003162E-10
  0.9967554      4.5742802E-08  1.4244644E-10  1.4681999E-10
