500.000000 1.900068e+01 1.905873e+01 8.713501e+00
510.000000 1.833594e+01 1.838474e+01 8.572131e+00
520.000000 1.770606e+01 1.774689e+01 8.436126e+00
530.000000 1.710831e+01 1.714217e+01 8.305137e+00
540.000000 1.654029e+01 1.656806e+01 8.178909e+00
550.000000 1.599984e+01 1.602237e+01 8.057183e+00
560.000000 1.548501e+01 1.550295e+01 7.939683e+00
570.000000 1.499404e+01 1.500806e+01 7.826191e+00
580.000000 1.452545e+01 1.453609e+01 7.716524e+00
590.000000 1.407789e+01 1.408560e+01 7.610498e+00
600.000000 1.365006e+01 1.365528e+01 7.507950e+00
610.000000 1.324074e+01 1.324388e+01 7.408671e+00
620.000000 1.284884e+01 1.285012e+01 7.312461e+00
630.000000 1.247336e+01 1.247317e+01 7.219233e+00
640.000000 1.211340e+01 1.211193e+01 7.128787e+00
650.000000 1.176812e+01 1.176560e+01 7.041007e+00
660.000000 1.143677e+01 1.143341e+01 6.955801e+00
670.000000 1.111869e+01 1.111462e+01 6.873076e+00
680.000000 1.081312e+01 1.080852e+01 6.792706e+00
690.000000 1.051942e+01 1.051439e+01 -nan
700.000000 1.023700e+01 1.023165e+01 6.638520e+00
710.000000 9.965271e+00 9.959702e+00 6.564523e+00
720.000000 9.703729e+00 9.698018e+00 -nan
730.000000 9.451875e+00 9.446084e+00 6.422271e+00
740.000000 9.209269e+00 9.203444e+00 6.353864e+00
750.000000 8.975460e+00 8.969695e+00 6.287202e+00
760.000000 8.750007e+00 8.744301e+00 6.222143e+00
770.000000 8.532482e+00 8.526860e+00 6.158616e+00
780.000000 8.322540e+00 8.317075e+00 6.096600e+00
790.000000 8.119849e+00 8.114526e+00 6.036003e+00
800.000000 7.924073e+00 7.918932e+00 5.976795e+00
810.000000 7.734892e+00 7.729930e+00 5.918897e+00
820.000000 7.551980e+00 7.547222e+00 5.862250e+00
830.000000 7.375078e+00 7.370519e+00 5.806805e+00
840.000000 7.203921e+00 7.199580e+00 5.752535e+00
850.000000 7.038248e+00 7.034133e+00 5.699376e+00
860.000000 6.877808e+00 6.873916e+00 5.647273e+00
870.000000 6.722353e+00 6.718679e+00 5.596166e+00
880.000000 6.571684e+00 6.568235e+00 5.546036e+00
890.000000 6.425603e+00 6.422364e+00 5.496834e+00
900.000000 6.283908e+00 6.280884e+00 5.448535e+00
910.000000 6.146404e+00 6.143578e+00 5.401074e+00
920.000000 6.012877e+00 6.010257e+00 5.354403e+00
930.000000 5.883220e+00 5.880794e+00 5.308526e+00
940.000000 5.757315e+00 5.755078e+00 5.263454e+00
950.000000 5.635007e+00 5.632950e+00 5.219151e+00
960.000000 5.516114e+00 5.514236e+00 5.175559e+00
970.000000 5.400447e+00 5.398734e+00 4.900278e+252
980.000000 5.287929e+00 5.286379e+00 5.090273e+00
990.000000 5.178452e+00 5.177063e+00 5.048600e+00
1000.000000 5.071897e+00 5.070654e+00 5.007531e+00
1010.000000 4.968127e+00 4.967029e+00 4.967029e+00
