0 -7.148114e-02 -1.869431e-01 2.295976e-02 1.094003e+00 -8.256773e+00 -8.896062e+00 1.571782e-02 -1.929699e-01
1 -3.527102e-02 -1.486899e-02 2.470426e-01 9.032565e+01 -1.060297e-01 -1.105358e-01 4.440934e-01 9.975284e+01
2 4.623014e-02 -2.177505e-01 3.325077e-01 6.109698e-01 -3.027830e-01 -3.065799e-01 6.101445e-01 2.850285e+01
3 -2.293889e-01 -5.663072e-01 2.193604e-01 1.175825e+01 -1.731199e+00 -1.925538e+00 3.071000e-01 3.432845e+01
4 -6.431961e-02 3.220279e-01 1.914497e-01 2.419506e+00 -3.704903e+00 -3.801069e+00 2.963112e-01 8.091834e+00
5 -7.393961e-02 4.019851e-01 1.319913e-01 1.991664e+00 -9.598132e+00 -9.884202e+00 1.765837e-01 2.781582e+00
6 -6.332710e-02 7.012568e-01 5.008217e-02 2.314441e-01 -2.735942e+01 -2.759208e+01 3.940282e-02 -6.267228e-01
7 -6.008015e-02 4.459926e-01 1.816566e-02 -3.529370e-02 -4.700344e+01 -4.677753e+01 -1.562221e-02 9.125614e-02
8 -6.980645e-02 1.424243e+00 1.049626e-02 -1.264684e-02 -5.748225e+01 -5.748516e+01 -3.170729e-02 -1.297374e-01
9 -7.501145e-02 1.557978e-01 6.576895e-03 1.251718e-02 -7.221208e+01 -7.226336e+01 -5.311399e-02 -1.136698e-01
10 -6.244487e-02 9.065925e-01 4.280747e-03 -3.377571e-02 -7.945030e+01 -7.887878e+01 -5.044648e-02 -2.638335e-01
11 -4.582150e-02 -2.992906e-01 6.416650e-03 1.822284e-02 -6.852264e+01 -6.854849e+01 -1.942129e-02 7.378603e-03
12 -5.573943e-02 -1.256236e-01 3.155356e-02 2.202880e-03 -2.826049e+01 -2.825744e+01 1.572100e-02 -2.030159e-01
13 -4.973275e-02 3.218047e-01 8.072172e-02 2.766282e+00 -8.725374e+00 -9.155669e+00 9.955743e-02 3.344868e+00
14 -4.388108e-02 5.270064e-02 1.222654e-01 6.812347e+00 -3.461092e+00 -3.629746e+00 1.860131e-01 1.949815e+01
15 -6.135597e-02 -3.366868e-01 6.628164e-02 7.065917e-01 -1.154866e+01 -1.175281e+01 6.057191e-02 -9.911270e-01
16 -4.425410e-02 -5.330962e-01 6.535454e-02 3.967199e+00 -7.535925e+00 -8.168397e+00 7.001991e-02 2.474316e+00
17 -5.498221e-02 -6.545058e-02 1.225875e-01 2.058606e+00 -5.767961e+00 -5.890226e+00 1.768013e-01 5.586356e+00
18 -5.721904e-02 1.290265e-01 5.767792e-02 1.181466e-01 -1.952565e+01 -1.959621e+01 5.394883e-02 -6.640768e-01
19 -5.095778e-02 1.591483e+00 2.624834e-02 2.264658e-02 -3.499446e+01 -3.502892e+01 -2.371126e-03 -1.825290e-01
20 -1.074693e-01 6.838535e-01 2.068697e-02 1.152939e-01 -4.999586e+01 -5.035528e+01 -2.637844e-02 -2.675628e-01
21 -6.666949e-02 8.393295e-01 7.833867e-03 2.489457e-02 -6.791761e+01 -6.810948e+01 -3.934523e-02 -1.814648e-01
22 -6.014018e-02 1.726453e-01 4.551946e-03 1.072774e-02 -8.547832e+01 -8.576528e+01 -4.904227e-02 -1.968927e-01
23 -6.674651e-02 1.489285e-01 1.705614e-03 -1.733007e-03 -9.258253e+01 -9.242369e+01 -6.195801e-02 -7.478727e-02
24 -6.617665e-02 1.868908e+00 3.788178e-04 1.578374e-02 -7.518033e+01 -8.214635e+01 -5.342832e-02 -5.337664e-01
25 -1.096304e-01 8.323443e-01 4.357274e-04 6.534420e-03 -8.480939e+01 -9.042442e+01 -1.240242e-01 -5.156179e+00
26 -4.838472e-02 1.913576e-02 2.988191e-05 -1.009726e-05 -9.994492e+01 -9.982113e+01 -4.830241e-02 2.705102e-03
27 -6.031028e-02 1.413878e-01 1.602155e-04 -2.127575e-04 -9.866386e+01 -9.849424e+01 -6.033144e-02 -1.648226e-01
28 -5.325798e-02 6.420215e-01 1.088406e-03 -1.145097e-02 -9.445728e+01 -9.341149e+01 -4.900881e-02 2.977335e-01
29 -4.113422e-02 -2.163027e-01 4.185461e-03 6.501271e-03 -8.051300e+01 -8.046659e+01 -2.813903e-02 -1.238588e-02
30 -4.356540e-02 -1.531985e-01 5.402209e-03 8.685260e-03 -7.935286e+01 -7.931989e+01 -2.531202e-02 7.333316e-02
31 -5.302266e-02 -2.186243e-01 6.492148e-03 3.812083e-02 -7.855106e+01 -7.901046e+01 -3.405066e-02 -3.011754e-01
32 -4.151704e-02 6.644136e-03 1.160996e-02 3.703032e-02 -6.134143e+01 -6.145458e+01 -1.037086e-02 -7.859081e-02
33 -4.744557e-02 1.927269e-01 2.913717e-02 1.771885e-01 -3.787810e+01 -3.814424e+01 1.625042e-02 -3.040760e-01
34 -4.539993e-02 -8.608025e-02 4.152403e-02 1.175105e+00 -1.690738e+01 -1.742068e+01 4.704454e-02 -3.517486e-02
35 -4.488443e-02 -1.462983e-01 8.442464e-02 9.672915e-01 -8.747954e+00 -8.865844e+00 1.133940e-01 9.865241e-01
36 -5.143548e-02 2.390579e-01 8.429135e-02 1.121695e+00 -7.898975e+00 -8.062975e+00 1.044823e-01 9.506640e-01
37 -5.569045e-02 -2.858281e-01 7.422549e-02 1.551157e+00 -1.200489e+01 -1.258061e+01 8.261683e-02 -1.705243e+00
38 -4.119824e-02 -2.416382e-01 9.339260e-02 4.719628e+00 -6.362402e+00 -6.723737e+00 1.326731e-01 1.082118e+01
39 -8.180238e-02 1.485896e-01 6.070433e-02 6.324315e-01 -2.017615e+01 -2.058994e+01 5.825038e-02 -1.222008e+00
40 -6.483341e-02 -1.773415e-02 1.158248e-02 9.975904e-03 -6.336112e+01 -6.334029e+01 -1.828735e-02 -5.995630e-02
41 -8.559879e-02 3.250873e-01 3.732087e-03 -9.692225e-03 -8.820483e+01 -8.782548e+01 -5.902105e-02 -1.037310e-01
42 -5.720641e-02 -6.389911e-01 1.151891e-03 1.180592e-02 -9.354408e+01 -9.444826e+01 -5.234647e-02 -3.286473e-01
43 -4.431890e-02 -5.196781e-02 2.787917e-04 3.317190e-04 -9.836246e+01 -9.838063e+01 -4.345775e-02 -5.600133e-02
44 -7.070746e-02 -8.676298e-01 1.476939e-04 1.790922e-03 -9.938145e+01 -1.009268e+02 -7.042573e-02 -8.042860e-01
45 -3.757468e-02 -7.915001e-02 3.862565e-05 8.177646e-05 -9.985507e+01 -9.993970e+01 -3.753892e-02 -8.145033e-02
46 -5.187349e-02 1.410509e-02 5.736489e-05 -1.437292e-05 -9.983642e+01 -9.970921e+01 -5.169081e-02 7.474175e-03
47 -4.428648e-02 4.157690e-02 1.276031e-04 -1.159226e-04 -9.939523e+01 -9.922994e+01 -4.387573e-02 3.330782e-02
48 -5.866209e-02 5.147389e-01 5.860483e-04 -4.306565e-03 -9.730124e+01 -9.648808e+01 -5.683268e-02 1.038755e-01
49 -6.032265e-02 9.279239e-01 3.666425e-03 -2.057903e-02 -8.484319e+01 -8.450775e+01 -4.833459e-02 -1.729549e-01
50 -5.017674e-02 -1.726270e-01 1.413227e-02 1.126561e-04 -5.492463e+01 -5.502229e+01 -6.824151e-03 -3.726055e-01
51 -3.813179e-02 -8.853659e-01 1.804788e-02 1.419598e-01 -3.958321e+01 -3.983418e+01 -2.269626e-03 -2.254499e-01
52 3.793389e-03 -4.934022e-02 1.969067e-02 1.476242e-01 -4.489187e+01 -4.522231e+01 -3.704376e-03 -3.215182e-01
53 -8.044325e-02 1.089549e-01 3.170413e-02 1.238380e-01 -3.580583e+01 -3.604167e+01 2.048795e-02 -7.196461e-01
54 -6.437143e-02 3.414271e-02 3.091809e-02 -8.403113e-03 -3.761183e+01 -3.752049e+01 1.524942e-02 6.679835e-02
55 -5.145072e-02 9.255353e-02 1.337573e-02 1.742932e-02 -5.605432e+01 -5.617854e+01 -2.033647e-02 -3.593032e-01
56 -5.184001e-02 2.427625e-01 2.165704e-03 -6.595805e-03 -8.915714e+01 -8.890181e+01 -4.432541e-02 -1.234072e-01
57 -6.428510e-02 -1.843561e-02 4.063133e-04 1.450967e-04 -9.817661e+01 -9.810374e+01 -6.279034e-02 -4.214460e-02
58 -5.357170e-02 3.135861e-01 1.591090e-04 -9.171881e-04 -9.908618e+01 -9.837768e+01 -5.285004e-02 2.814548e-01
59 -4.569567e-02 6.613438e-02 6.871617e-05 -9.655357e-05 -9.959754e+01 -9.938251e+01 -4.542844e-02 5.436384e-02
60 -7.125679e-02 4.643003e-01 3.802094e-05 -2.454877e-04 -9.989806e+01 -9.884510e+01 -7.124767e-02 4.391751e-01
61 -5.929260e-02 -2.921651e-01 1.255198e-05 6.178140e-05 -1.000418e+02 -1.005060e+02 -5.926511e-02 -2.900880e-01
62 -4.748950e-02 5.075814e-02 1.619371e-05 -1.719420e-05 -1.000240e+02 -9.982896e+01 -4.743367e-02 4.869844e-02
63 -4.869957e-02 -1.244297e+00 6.493516e-05 1.656009e-03 -9.970761e+01 -1.020803e+02 -4.844589e-02 -1.221800e+00
64 -4.683277e-02 1.676928e-02 2.202502e-04 -4.391706e-05 -9.921467e+01 -9.911761e+01 -4.615882e-02 -2.529335e-02
65 -4.598664e-02 4.376158e-01 8.141777e-04 -6.575824e-03 -9.658526e+01 -9.589118e+01 -4.350773e-02 1.062114e-01
66 -4.090522e-02 -3.349597e-01 2.154778e-03 1.727336e-02 -8.968311e+01 -9.019087e+01 -3.269955e-02 -2.985625e-01
67 -4.163104e-02 1.323437e-01 3.184138e-03 -5.979336e-03 -8.831341e+01 -8.817440e+01 -3.363965e-02 -8.463132e-02
68 -3.661350e-02 1.082871e-01 5.742873e-03 -2.845763e-03 -7.396406e+01 -7.394692e+01 -1.471371e-02 -6.101477e-02
69 -5.038961e-02 -2.726448e-01 1.633361e-02 1.029279e-01 -5.492697e+01 -5.526729e+01 -7.071086e-03 -4.619371e-01
70 -4.355628e-02 -1.642621e-01 1.635993e-02 -5.633252e-02 -4.961678e+01 -4.941362e+01 -4.793097e-04 1.147688e-02
71 -4.772819e-02 9.348554e-03 2.191534e-02 1.322107e-01 -4.303441e+01 -4.332897e+01 1.277718e-03 -3.860682e-01
72 -3.926257e-02 4.687365e-02 1.625383e-02 9.906942e-02 -4.867449e+01 -4.896482e+01 4.285110e-03 -5.102963e-01
73 -4.799652e-02 6.172217e-02 2.074062e-02 1.395745e-01 -4.241694e+01 -4.282959e+01 2.569573e-03 -7.413751e-01
74 -1.346661e-01 -3.749636e+00 7.180340e-03 1.361547e-01 -7.615978e+01 -7.781548e+01 -7.226164e-02 6.847241e-01
75 -5.107151e-02 8.477662e-02 3.416719e-04 -4.393584e-04 -9.852478e+01 -9.832933e+01 -5.018746e-02 -1.621844e-02
76 -4.684017e-02 -1.086374e-01 2.245963e-04 5.160442e-04 -9.902255e+01 -9.914106e+01 -4.633257e-02 -1.015817e-01
77 -5.277652e-02 1.982196e-01 6.127050e-05 -2.286477e-04 -9.981731e+01 -9.932165e+01 -5.259790e-02 1.900182e-01
78 -5.519112e-02 -3.166351e-01 1.470855e-05 8.454986e-05 -1.000310e+02 -1.005560e+02 -5.515780e-02 -3.201387e-01
79 -4.058207e-02 4.874900e-03 1.175099e-05 -1.359295e-06 -1.000236e+02 -9.993348e+01 -4.054576e-02 3.789287e-03
80 -4.124526e-02 -1.531897e-01 2.781850e-05 1.030541e-04 -9.994512e+01 -1.001671e+02 -4.112486e-02 -1.503820e-01
81 -4.064342e-02 -2.583550e-01 5.397627e-05 3.429999e-04 -9.978993e+01 -1.002238e+02 -4.046655e-02 -2.567604e-01
82 -3.529041e-02 -1.718457e-01 6.340380e-05 3.098023e-04 -9.972679e+01 -1.000013e+02 -3.508906e-02 -1.743549e-01
83 -5.005106e-02 -1.864599e-01 1.980382e-04 7.850966e-04 -9.919068e+01 -9.950730e+01 -4.947576e-02 -2.485201e-01
84 -2.447749e-02 -3.414865e-01 3.636723e-04 4.996536e-03 -9.691520e+01 -9.751543e+01 -2.404036e-02 -3.038731e-01
85 -4.965869e-02 -1.310150e-01 1.743619e-03 3.956014e-03 -9.092969e+01 -9.102276e+01 -4.536914e-02 -6.572883e-02
86 -4.250493e-02 4.560172e-01 1.557473e-03 -1.454673e-02 -8.924822e+01 -8.856064e+01 -3.549871e-02 1.013007e-01
87 -5.069712e-02 -3.848934e-01 2.528820e-03 1.846046e-02 -8.519435e+01 -8.571310e+01 -3.912835e-02 -2.395169e-01
88 -3.676999e-02 -1.957453e-01 2.111472e-03 8.771796e-03 -8.581400e+01 -8.595384e+01 -2.609991e-02 -1.402674e-02
89 -6.366707e-02 6.028262e-02 1.685250e-03 -1.387835e-03 -9.371874e+01 -9.351502e+01 -5.711588e-02 1.572631e-02
90 -5.863454e-02 3.069819e-02 1.804130e-04 -8.336049e-05 -9.941214e+01 -9.924888e+01 -5.798511e-02 9.872339e-03
91 -4.804266e-02 -2.676372e-01 2.802131e-05 1.563714e-04 -9.995080e+01 -1.003912e+02 -4.795025e-02 -2.698737e-01
92 -5.485429e-02 2.232932e-01 2.029910e-05 -8.234703e-05 -9.997936e+01 -9.942672e+01 -5.478462e-02 2.184425e-01
93 -5.084089e-02 -3.432989e-01 7.177764e-06 4.845053e-05 -1.000599e+02 -1.006441e+02 -5.080984e-02 -3.423798e-01
94 -4.948984e-02 -1.701234e-01 2.393343e-06 8.224847e-06 -1.000796e+02 -1.003206e+02 -4.948314e-02 -1.698068e-01
95 -5.250812e-02 4.030884e-02 1.192607e-06 -9.140173e-07 -1.000983e+02 -9.991296e+01 -5.250478e-02 3.990776e-02
96 -4.385108e-02 1.632052e-02 2.169860e-06 -8.046977e-07 -1.000764e+02 -9.995627e+01 -4.384349e-02 1.596850e-02
97 -4.132387e-02 -3.006501e-01 3.411340e-06 2.482046e-05 -1.000753e+02 -1.005940e+02 -4.131530e-02 -3.006894e-01
98 -4.245573e-02 -5.046146e-02 1.068149e-05 1.276237e-05 -1.000438e+02 -1.000608e+02 -4.242152e-02 -5.200677e-02
99 -3.723996e-02 1.742747e-01 3.361478e-05 -1.569393e-04 -9.989765e+01 -9.947705e+01 -3.712937e-02 1.712904e-01
100 -3.182291e-02 -1.778320e-01 8.489624e-05 4.776230e-04 -9.961162e+01 -9.990687e+01 -3.153479e-02 -1.833184e-01
101 -4.394130e-02 2.256435e-02 2.436297e-04 -1.208190e-04 -9.893298e+01 -9.880458e+01 -4.315003e-02 1.754515e-02
102 -4.000105e-02 1.463480e-01 4.069752e-04 -1.088890e-03 -9.726660e+01 -9.705357e+01 -3.766862e-02 -6.534568e-02
103 -4.643926e-02 -5.019966e-01 1.031014e-03 1.021997e-02 -9.493795e+01 -9.566010e+01 -4.362061e-02 -2.854440e-01
104 -3.234794e-02 -3.523956e-01 7.466750e-04 7.386728e-03 -9.427042e+01 -9.475180e+01 -2.874187e-02 -1.543180e-01
105 -4.414424e-02 -1.322653e-01 8.474837e-04 2.776852e-03 -9.503586e+01 -9.524595e+01 -4.038523e-02 -1.750932e-01
106 -4.778804e-02 -9.738527e-02 1.659190e-03 3.551870e-03 -9.324263e+01 -9.335255e+01 -4.282174e-02 -1.115951e-01
107 -5.612068e-02 1.812547e-01 1.737317e-04 -5.539445e-04 -9.946162e+01 -9.899953e+01 -5.542667e-02 1.653021e-01
108 -4.417832e-02 -1.320833e-01 1.516584e-04 4.626736e-04 -9.930431e+01 -9.948923e+01 -4.355632e-02 -1.459840e-01
109 -5.637369e-02 -5.187689e-01 1.050369e-04 9.651129e-04 -9.948694e+01 -1.004029e+02 -5.587121e-02 -5.089100e-01
110 -4.274120e-02 1.120745e-01 1.708265e-04 -4.372963e-04 -9.912845e+01 -9.883246e+01 -4.204057e-02 9.474007e-02
111 -7.049453e-02 6.232782e-02 4.341400e-05 -3.799216e-05 -9.979182e+01 -9.952965e+01 -7.011219e-02 5.820428e-02
112 -8.569564e-02 -1.248479e-02 4.822320e-06 7.053642e-07 -1.000808e+02 -9.993464e+01 -8.565311e-02 -1.277815e-02
113 -5.301595e-02 1.891885e-01 1.289985e-06 -4.602470e-06 -1.000945e+02 -9.961029e+01 -5.301114e-02 1.889556e-01
114 -3.544840e-02 5.331732e-01 6.214967e-07 -9.347397e-06 -1.000851e+02 -9.894792e+01 -3.544579e-02 5.329796e-01
115 -3.448724e-02 -4.118775e-03 1.654632e-06 1.981027e-07 -1.000770e+02 -1.000163e+02 -3.448103e-02 -4.179688e-03
116 -4.858311e-02 -1.571340e-01 6.600711e-06 2.136385e-05 -1.000679e+02 -1.002853e+02 -4.855872e-02 -1.577126e-01
117 -5.131301e-02 1.773450e-01 2.550717e-05 -8.751155e-05 -9.996420e+01 -9.951271e+01 -5.120043e-02 1.692292e-01
118 -5.018959e-02 -6.377745e-02 6.001931e-05 7.783483e-05 -9.977035e+01 -9.980263e+01 -4.993948e-02 -7.117806e-02
