0 -7.173176e-02 -3.627994e-01 2.353446e-02 9.752246e-01 -8.594296e+00 -9.236422e+00 1.614444e-02 4.947167e-01
1 -3.590692e-02 1.527208e-01 2.272692e-01 8.776069e+01 -1.395594e-01 -1.471553e-01 4.007355e-01 9.958854e+01
2 4.826877e-02 9.340973e-02 3.200594e-01 4.383070e+00 -3.259135e-01 -3.315630e-01 5.786386e-01 3.548069e+01
3 -2.244525e-01 -7.039628e-01 2.184596e-01 1.854971e+01 -1.703412e+00 -1.951508e+00 2.965411e-01 4.553330e+01
4 -6.449409e-02 7.633018e-02 2.014646e-01 3.313524e+00 -3.378760e+00 -3.480910e+00 3.167254e-01 1.098227e+01
5 -7.366771e-02 4.883955e-02 1.376583e-01 1.795015e+00 -8.725902e+00 -8.979356e+00 1.854339e-01 2.826331e+00
6 -6.446263e-02 7.830550e-01 5.526509e-02 1.554269e-01 -2.579764e+01 -2.596736e+01 4.731487e-02 -7.608297e-01
7 -6.010007e-02 6.579873e-01 1.945095e-02 8.534841e-03 -4.585514e+01 -4.578157e+01 -1.357435e-02 1.239944e-01
8 -6.926486e-02 1.949310e+00 1.144436e-02 -2.739050e-02 -5.567736e+01 -5.557832e+01 -2.920276e-02 -2.199480e-01
9 -7.530300e-02 7.450222e-01 7.480521e-03 8.394659e-03 -6.993415e+01 -6.997232e+01 -5.116568e-02 -1.532097e-01
10 -6.337368e-02 -6.920173e-02 4.816290e-03 8.365889e-03 -7.789395e+01 -7.794883e+01 -5.038477e-02 1.394889e-03
11 -4.488059e-02 -2.027776e-01 7.016974e-03 -3.742119e-03 -6.672377e+01 -6.648925e+01 -1.722143e-02 2.100073e-01
12 -5.596159e-02 -3.196593e-01 3.407538e-02 2.076171e-01 -2.744777e+01 -2.765916e+01 1.957207e-02 -4.211808e-01
13 -4.963533e-02 1.025458e-01 8.161778e-02 2.978450e+00 -8.561299e+00 -8.977040e+00 1.007211e-01 3.699700e+00
14 -4.356083e-02 1.277052e-01 1.188797e-01 6.195253e+00 -3.551614e+00 -3.708849e+00 1.811426e-01 1.754002e+01
15 -6.054301e-02 -3.783296e-01 6.534628e-02 9.648516e-01 -1.194353e+01 -1.227548e+01 5.911123e-02 -1.195263e+00
16 -4.410560e-02 -5.735031e-01 6.354159e-02 2.986971e+00 -8.080542e+00 -8.666267e+00 6.702915e-02 -8.947508e-03
17 -5.524921e-02 5.649509e-02 1.192662e-01 1.605141e+00 -6.138268e+00 -6.257954e+00 1.724831e-01 4.674591e+00
18 -5.860725e-02 3.479343e-01 5.873384e-02 7.858222e-02 -1.962589e+01 -1.968294e+01 5.604265e-02 -7.794763e-01
19 -4.976815e-02 1.348648e+00 2.673588e-02 -1.874892e-02 -3.489633e+01 -3.488412e+01 -9.680357e-04 -3.144419e-01
20 -1.042394e-01 8.794358e-01 2.111975e-02 5.017517e-02 -5.024067e+01 -5.027822e+01 -2.554918e-02 -5.171043e-02
21 -6.700746e-02 1.395605e+00 8.174009e-03 3.089739e-03 -6.763843e+01 -6.765388e+01 -3.853187e-02 -1.673420e-01
22 -5.997424e-02 3.300580e-01 4.937907e-03 5.549530e-03 -8.458852e+01 -8.479778e+01 -4.767029e-02 -2.266290e-01
23 -6.671395e-02 2.000723e-01 1.950843e-03 -2.407313e-03 -9.180715e+01 -9.167091e+01 -6.114876e-02 -1.547492e-01
24 -6.600496e-02 2.214910e+00 4.343074e-04 2.203911e-02 -7.229249e+01 -7.930969e+01 -5.025803e-02 1.698954e+00
25 -1.082389e-01 1.253668e+00 5.102221e-04 8.253779e-03 -8.250922e+01 -8.852290e+01 -1.272585e-01 -4.706418e+00
26 -4.834243e-02 8.615083e-02 3.422249e-05 -5.839411e-05 -9.991981e+01 -9.966576e+01 -4.825665e-02 6.450334e-02
27 -6.043519e-02 -4.412382e-01 1.858627e-04 1.510393e-03 -9.846722e+01 -9.940807e+01 -6.044642e-02 -6.735272e-01
28 -5.220893e-02 3.980339e-01 1.168792e-03 -7.276900e-03 -9.423618e+01 -9.362205e+01 -4.811018e-02 1.179110e-01
29 -4.107829e-02 -2.820041e-01 4.241032e-03 1.676019e-02 -8.081785e+01 -8.094590e+01 -2.884155e-02 -7.981856e-02
30 -4.388241e-02 -7.552314e-02 5.422470e-03 7.693345e-03 -7.971998e+01 -7.973165e+01 -2.637583e-02 6.273646e-03
31 -5.357000e-02 -8.253851e-02 6.804575e-03 3.053921e-02 -7.784358e+01 -7.820996e+01 -3.409051e-02 -2.911092e-01
32 -4.194734e-02 -6.912153e-02 1.220684e-02 3.772367e-02 -6.054689e+01 -6.067400e+01 -9.550226e-03 -1.409153e-01
33 -4.836000e-02 1.466301e-02 3.092072e-02 7.001476e-02 -3.674758e+01 -3.686770e+01 1.885794e-02 -3.817370e-01
34 -4.517597e-02 8.027225e-02 4.202465e-02 9.511136e-01 -1.676858e+01 -1.720345e+01 4.768862e-02 -5.850692e-02
35 -4.490779e-02 -4.335136e-02 8.286681e-02 1.186552e+00 -9.158821e+00 -9.302704e+00 1.108165e-01 1.320748e+00
36 -5.127701e-02 1.994305e-01 8.452236e-02 9.495500e-01 -8.203029e+00 -8.393809e+00 1.038157e-01 7.893046e-01
37 -5.551271e-02 -4.821236e-01 7.214756e-02 1.946839e+00 -1.278443e+01 -1.347507e+01 8.017917e-02 -1.127333e+00
38 -4.101685e-02 -2.863786e-01 9.056364e-02 3.964028e+00 -6.826458e+00 -7.168255e+00 1.273432e-01 8.649430e+00
39 -8.045002e-02 1.442604e-01 6.151350e-02 5.156283e-01 -2.003074e+01 -2.037825e+01 5.981104e-02 -1.374326e+00
40 -6.635020e-02 -3.380897e-01 1.260510e-02 8.055367e-02 -6.208335e+01 -6.243744e+01 -1.760022e-02 -1.199242e-01
41 -8.409804e-02 2.597598e-01 3.712984e-03 -7.831110e-03 -8.828705e+01 -8.795895e+01 -5.893631e-02 -1.006217e-01
42 -5.719519e-02 -7.160225e-01 1.198923e-03 1.388985e-02 -9.340499e+01 -9.445096e+01 -5.232716e-02 -3.954518e-01
43 -4.268491e-02 -4.610738e-02 2.933548e-04 3.467119e-04 -9.824802e+01 -9.827151e+01 -4.184901e-02 -6.929779e-02
44 -7.311607e-02 -7.249055e-01 1.664750e-04 1.621965e-03 -9.931925e+01 -1.005660e+02 -7.274614e-02 -6.486009e-01
45 -3.623437e-02 -1.616459e-01 3.921569e-05 1.751396e-04 -9.983978e+01 -1.000911e+02 -3.625707e-02 -1.627740e-01
46 -5.392284e-02 -8.230697e-02 6.479524e-05 9.912381e-05 -9.981176e+01 -9.986910e+01 -5.370815e-02 -8.306661e-02
47 -4.439760e-02 -1.206650e-01 1.362921e-04 3.742316e-04 -9.935508e+01 -9.951150e+01 -4.398716e-02 -1.268534e-01
48 -5.929759e-02 2.546725e-01 6.495204e-04 -1.824161e-03 -9.695249e+01 -9.665670e+01 -5.757442e-02 -1.431604e-01
49 -6.040621e-02 5.348321e-01 4.014629e-03 -2.176214e-03 -8.382284e+01 -8.392524e+01 -4.690522e-02 -2.679083e-01
50 -4.948429e-02 -3.495437e-01 1.459990e-02 1.065696e-02 -5.469868e+01 -5.482368e+01 -6.587946e-03 -3.255877e-01
51 -3.915995e-02 -7.139692e-01 1.770522e-02 7.206000e-02 -4.036249e+01 -4.047660e+01 -3.071121e-03 -1.652320e-01
52 3.834349e-03 5.741835e-02 1.908196e-02 1.140213e-01 -4.620693e+01 -4.645713e+01 -4.929738e-03 -2.101605e-01
53 -8.072582e-02 2.422263e-01 3.149056e-02 9.229842e-02 -3.686787e+01 -3.701906e+01 1.982273e-02 -5.555192e-01
54 -6.353472e-02 1.163905e-01 3.023480e-02 -4.600801e-02 -3.839521e+01 -3.823086e+01 1.407480e-02 7.143439e-02
55 -5.065483e-02 1.819014e-01 1.347885e-02 -1.549114e-02 -5.595389e+01 -5.590584e+01 -1.982659e-02 -2.147661e-01
56 -5.216108e-02 7.045485e-02 2.349667e-03 2.424872e-03 -8.838824e+01 -8.855325e+01 -4.407311e-02 -3.560520e-01
57 -6.506062e-02 1.497994e-01 4.261018e-04 -9.552717e-04 -9.817928e+01 -9.777195e+01 -6.354580e-02 1.259410e-01
58 -5.415095e-02 2.231680e-01 1.635196e-04 -6.604404e-04 -9.908722e+01 -9.855544e+01 -5.341903e-02 1.941803e-01
59 -4.480849e-02 1.395882e-01 7.074401e-05 -2.167559e-04 -9.957388e+01 -9.921590e+01 -4.452944e-02 1.251705e-01
60 -7.248689e-02 3.861206e-01 4.208942e-05 -2.216949e-04 -9.987977e+01 -9.898101e+01 -7.246866e-02 3.604184e-01
61 -5.951122e-02 -3.483139e-01 1.410037e-05 8.241843e-05 -1.000344e+02 -1.006098e+02 -5.948266e-02 -3.453721e-01
62 -4.834240e-02 1.807697e-01 1.845593e-05 -6.889608e-05 -1.000161e+02 -9.955949e+01 -4.828008e-02 1.787016e-01
63 -4.962909e-02 -9.807226e-01 7.356100e-05 1.450972e-03 -9.965352e+01 -1.015000e+02 -4.931958e-02 -9.609638e-01
64 -4.718001e-02 1.406475e-01 2.433028e-04 -6.781633e-04 -9.912327e+01 -9.878691e+01 -4.647271e-02 8.706808e-02
65 -4.596489e-02 5.147257e-01 8.585761e-04 -8.436447e-03 -9.644743e+01 -9.559557e+01 -4.322263e-02 1.916127e-01
66 -4.052247e-02 -5.824329e-01 2.147188e-03 3.045858e-02 -8.987957e+01 -9.082451e+01 -3.265230e-02 -4.859654e-01
67 -4.149979e-02 1.502088e-01 3.208834e-03 -5.841503e-03 -8.831253e+01 -8.821086e+01 -3.365027e-02 -1.647290e-01
68 -3.597446e-02 4.025558e-01 5.749574e-03 -4.761791e-02 -7.377090e+01 -7.337957e+01 -1.473757e-02 3.202749e-02
69 -5.056123e-02 -1.719648e-01 1.616906e-02 7.820210e-02 -5.535343e+01 -5.566661e+01 -7.865765e-03 -5.782309e-01
70 -4.333981e-02 -6.591285e-02 1.585635e-02 -5.968454e-02 -5.072417e+01 -5.047684e+01 -1.554094e-03 2.712517e-02
71 -4.696980e-02 -2.025588e-02 2.092718e-02 1.209381e-01 -4.438748e+01 -4.464941e+01 -3.123082e-04 -2.572450e-01
72 -3.964535e-02 -1.374078e-02 1.560124e-02 8.700065e-02 -5.028375e+01 -5.053747e+01 2.981174e-03 -4.839697e-01
73 -4.724841e-02 4.270617e-02 2.012624e-02 1.393044e-01 -4.306941e+01 -4.345974e+01 1.417348e-03 -6.618671e-01
74 -1.328398e-01 -3.098504e+00 7.658317e-03 8.942118e-02 -7.478178e+01 -7.546391e+01 -7.336666e-02 4.494986e-01
75 -5.210144e-02 2.364938e-01 3.387349e-04 -1.397354e-03 -9.855799e+01 -9.807009e+01 -5.132127e-02 1.198767e-01
76 -4.639680e-02 4.428611e-02 2.226072e-04 -2.139213e-04 -9.903586e+01 -9.885482e+01 -4.595878e-02 4.563398e-02
77 -5.245386e-02 4.971758e-02 6.449238e-05 -5.991333e-05 -9.980374e+01 -9.960385e+01 -5.228110e-02 4.371295e-02
78 -5.539866e-02 -4.461481e-01 1.573086e-05 1.268338e-04 -1.000269e+02 -1.008099e+02 -5.536209e-02 -4.489032e-01
79 -3.998591e-02 1.546857e-03 1.226488e-05 -4.155981e-07 -1.000202e+02 -9.993792e+01 -3.994941e-02 3.959430e-04
80 -4.106310e-02 -4.577672e-01 2.805255e-05 3.121303e-04 -9.994439e+01 -1.007730e+02 -4.094583e-02 -4.512525e-01
81 -4.020499e-02 -2.489413e-01 5.221661e-05 3.232204e-04 -9.979968e+01 -1.002157e+02 -4.003965e-02 -2.474959e-01
82 -3.662993e-02 1.802447e-01 6.511902e-05 -3.155509e-04 -9.973794e+01 -9.931659e+01 -3.643250e-02 1.630726e-01
83 -5.011670e-02 1.944166e-01 2.076861e-04 -7.400531e-04 -9.913473e+01 -9.871078e+01 -4.960212e-02 1.066839e-01
84 -2.522100e-02 -2.364329e-01 3.868364e-04 3.666443e-03 -9.681688e+01 -9.723916e+01 -2.468013e-02 -2.431888e-01
85 -4.965820e-02 -1.855278e-01 1.704596e-03 5.765735e-03 -9.118207e+01 -9.137647e+01 -4.573873e-02 -1.034370e-01
86 -4.244641e-02 3.410598e-01 1.474461e-03 -1.017916e-02 -8.985262e+01 -8.933028e+01 -3.589255e-02 5.282153e-02
87 -4.992236e-02 -3.588626e-01 2.387807e-03 1.662505e-02 -8.592112e+01 -8.641413e+01 -3.928629e-02 -2.387415e-01
88 -3.663939e-02 -2.251029e-01 1.986770e-03 9.781913e-03 -8.648537e+01 -8.666486e+01 -2.656154e-02 -2.101457e-03
89 -6.293804e-02 2.076101e-01 1.659067e-03 -4.963781e-03 -9.379345e+01 -9.335691e+01 -5.668919e-02 8.663981e-02
90 -5.889484e-02 9.092287e-02 1.885554e-04 -2.755578e-04 -9.937227e+01 -9.909390e+01 -5.821196e-02 6.237116e-02
91 -4.725822e-02 -2.974432e-02 2.700670e-05 1.719128e-05 -9.995494e+01 -9.992130e+01 -4.717455e-02 -3.170752e-02
92 -5.482516e-02 3.355538e-01 2.009285e-05 -1.226168e-04 -9.998365e+01 -9.920763e+01 -5.475725e-02 3.292792e-01
93 -5.053676e-02 -2.013858e-01 7.384228e-06 2.941490e-05 -1.000586e+02 -1.003599e+02 -5.050701e-02 -2.008258e-01
94 -5.015091e-02 -2.308179e-01 2.578864e-06 1.186660e-05 -1.000798e+02 -1.004409e+02 -5.014348e-02 -2.304879e-01
95 -5.250965e-02 -1.160385e-01 1.229774e-06 2.718326e-06 -1.000982e+02 -1.002254e+02 -5.250621e-02 -1.162127e-01
96 -4.460511e-02 -1.393566e-02 2.202534e-06 6.910702e-07 -1.000782e+02 -1.000171e+02 -4.459767e-02 -1.429125e-02
97 -4.256635e-02 -1.095260e-01 3.699212e-06 9.522871e-06 -1.000764e+02 -1.002105e+02 -4.255774e-02 -1.098181e-01
98 -4.243260e-02 -1.382610e-01 1.133371e-05 3.700063e-05 -1.000410e+02 -1.002336e+02 -4.239607e-02 -1.397373e-01
99 -3.697164e-02 2.221379e-01 3.534239e-05 -2.118393e-04 -9.988885e+01 -9.937374e+01 -3.686466e-02 2.182993e-01
100 -3.174355e-02 -2.942615e-01 8.615397e-05 8.001311e-04 -9.961470e+01 -1.001392e+02 -3.146188e-02 -2.948674e-01
101 -4.381240e-02 -1.213881e-01 2.432718e-04 6.714852e-04 -9.891084e+01 -9.906246e+01 -4.307450e-02 -1.168525e-01
102 -4.026408e-02 7.603629e-02 4.061220e-04 -4.048707e-04 -9.727451e+01 -9.718378e+01 -3.802060e-02 -1.132879e-01
103 -4.655805e-02 -5.700429e-01 9.923377e-04 1.116658e-02 -9.515838e+01 -9.599437e+01 -4.384081e-02 -3.226065e-01
104 -3.278357e-02 -3.742564e-01 7.139790e-04 7.453204e-03 -9.457771e+01 -9.510180e+01 -2.925713e-02 -1.760844e-01
105 -4.503974e-02 -6.540463e-02 8.088325e-04 1.482672e-03 -9.542019e+01 -9.551979e+01 -4.134663e-02 -1.379394e-01
106 -4.733777e-02 1.786483e-02 1.574817e-03 -8.318031e-05 -9.358612e+01 -9.351906e+01 -4.267445e-02 -5.957964e-02
107 -5.617422e-02 2.702487e-01 1.702799e-04 -8.087105e-04 -9.947669e+01 -9.884231e+01 -5.547747e-02 2.464358e-01
108 -4.469178e-02 -1.206430e-01 1.445984e-04 3.984521e-04 -9.934915e+01 -9.950973e+01 -4.411392e-02 -1.337583e-01
109 -5.729490e-02 -3.661880e-01 9.933624e-05 6.351713e-04 -9.953552e+01 -1.001502e+02 -5.679163e-02 -3.633547e-01
110 -4.302648e-02 8.087144e-02 1.627898e-04 -2.985362e-04 -9.917629e+01 -9.893860e+01 -4.237405e-02 6.823221e-02
111 -7.110159e-02 4.124894e-01 4.403482e-05 -2.542630e-04 -9.979114e+01 -9.883513e+01 -7.071298e-02 3.987189e-01
112 -8.677532e-02 1.715227e-01 4.708924e-06 -9.304855e-06 -1.000826e+02 -9.956657e+01 -8.673368e-02 1.711152e-01
113 -5.260801e-02 1.829993e-01 1.282939e-06 -4.461615e-06 -1.000939e+02 -9.962293e+01 -5.260376e-02 1.827007e-01
114 -3.605261e-02 4.355565e-01 6.394813e-07 -7.725293e-06 -1.000856e+02 -9.914240e+01 -3.605004e-02 4.353944e-01
115 -3.444027e-02 -1.319531e-01 1.616751e-06 6.194451e-06 -1.000769e+02 -1.002720e+02 -3.443448e-02 -1.319423e-01
116 -4.891516e-02 -4.507202e-01 6.885897e-06 6.344149e-05 -1.000661e+02 -1.008693e+02 -4.889002e-02 -4.501711e-01
117 -5.146510e-02 1.831997e-01 2.615533e-05 -9.240105e-05 -9.996170e+01 -9.949856e+01 -5.135427e-02 1.745569e-01
118 -4.992928e-02 -1.614514e-02 5.795528e-05 2.105457e-05 -9.978155e+01 -9.972212e+01 -4.969370e-02 -2.785645e-02
