0 -7.153852e-02 5.239402e-02 2.280864e-02 6.591801e-01 -9.160063e+00 -9.783043e+00 1.422786e-02 3.201913e-01
1 -3.750917e-02 6.473054e-02 2.149478e-01 8.347305e+01 -2.034109e-01 -2.188337e-01 3.697759e-01 9.921110e+01
2 4.960879e-02 1.516221e-01 3.178357e-01 1.157760e+01 -3.520686e-01 -3.609013e-01 5.717205e-01 4.617714e+01
3 -2.168148e-01 -6.255966e-01 2.260100e-01 2.231009e+01 -1.631508e+00 -1.910610e+00 2.935416e-01 5.433951e+01
4 -6.385022e-02 -1.044437e-01 2.123095e-01 3.879062e+00 -2.909818e+00 -2.997616e+00 3.411604e-01 1.338914e+01
5 -7.371208e-02 -1.173797e-01 1.477439e-01 2.258140e+00 -7.529354e+00 -7.790039e+00 2.005798e-01 4.268244e+00
6 -6.689963e-02 1.163254e+00 6.396529e-02 1.977299e-01 -2.322745e+01 -2.338574e+01 5.941860e-02 -7.239671e-01
7 -5.996618e-02 6.288830e-01 2.152117e-02 2.808851e-02 -4.385260e+01 -4.388400e+01 -9.937853e-03 -6.709062e-02
8 -6.743757e-02 2.864443e-01 1.273130e-02 5.855212e-03 -5.308455e+01 -5.304199e+01 -2.540104e-02 -1.944519e-02
9 -7.657384e-02 6.729375e-01 9.025484e-03 5.143820e-02 -6.659466e+01 -6.697713e+01 -4.840410e-02 -1.095569e-01
10 -6.570618e-02 -6.320822e-01 5.828056e-03 3.428882e-02 -7.530876e+01 -7.558457e+01 -5.058769e-02 1.225804e-01
11 -4.600781e-02 1.091848e-01 8.483674e-03 -2.463751e-03 -6.366196e+01 -6.361535e+01 -1.441371e-02 1.982312e-02
12 -5.580611e-02 -5.315126e-01 3.781646e-02 1.360635e-01 -2.621328e+01 -2.633527e+01 2.554623e-02 -5.343197e-01
13 -4.966518e-02 -6.635198e-02 8.213648e-02 1.973368e+00 -8.375027e+00 -8.680827e+00 1.014595e-01 2.222957e+00
14 -4.290688e-02 1.340215e-02 1.147955e-01 4.490223e+00 -3.689703e+00 -3.815236e+00 1.751859e-01 1.302296e+01
15 -6.085250e-02 -3.098290e-01 6.416383e-02 1.599022e-01 -1.258359e+01 -1.265106e+01 5.726600e-02 -1.491461e+00
16 -4.359106e-02 -3.709617e-01 6.320066e-02 2.527880e+00 -8.978751e+00 -9.577961e+00 6.695312e-02 -1.592823e+00
17 -5.673588e-02 1.276379e-01 1.149464e-01 2.006517e+00 -6.761816e+00 -6.918761e+00 1.656913e-01 5.181656e+00
18 -5.897083e-02 4.244169e-01 6.081976e-02 1.027947e-01 -1.980576e+01 -1.987611e+01 5.977141e-02 -7.146619e-01
19 -5.092315e-02 6.976763e-01 2.763349e-02 2.125942e-02 -3.471902e+01 -3.475941e+01 1.583820e-03 -1.886099e-01
20 -1.001663e-01 7.843630e-01 2.170334e-02 2.275593e-02 -5.062877e+01 -5.057670e+01 -2.449350e-02 -8.109980e-02
21 -6.487072e-02 2.281236e+00 8.552632e-03 -3.431633e-02 -6.729640e+01 -6.704367e+01 -3.685877e-02 -1.810358e-01
22 -5.881755e-02 2.984348e-02 5.484007e-03 1.987091e-02 -8.322509e+01 -8.350799e+01 -4.537797e-02 -3.304201e-02
23 -6.584023e-02 2.980109e-01 2.343640e-03 -5.076402e-03 -9.056395e+01 -9.035628e+01 -5.938061e-02 -1.480066e-01
24 -6.776190e-02 2.778415e+00 5.387285e-04 3.388388e-02 -6.875810e+01 -7.515821e+01 -4.757104e-02 4.539474e+00
25 -1.133127e-01 1.957532e+00 6.585616e-04 1.185397e-02 -7.904149e+01 -8.554616e+01 -1.302933e-01 -3.438320e+00
26 -4.896580e-02 -1.186769e-01 4.242646e-05 1.073112e-04 -9.987467e+01 -1.000344e+02 -4.887450e-02 -1.486152e-01
27 -6.104222e-02 -5.391066e-01 2.337174e-04 2.286896e-03 -9.813342e+01 -9.929366e+01 -6.097583e-02 -7.976040e-01
28 -5.122197e-02 5.376728e-02 1.308166e-03 -3.001528e-04 -9.389292e+01 -9.382469e+01 -4.667077e-02 -6.296660e-02
29 -4.112598e-02 -1.970852e-01 4.343095e-03 1.391646e-02 -8.127386e+01 -8.137370e+01 -2.972642e-02 -4.380648e-02
30 -4.550893e-02 7.410002e-02 5.613510e-03 8.193313e-03 -8.009214e+01 -8.024611e+01 -2.796403e-02 -2.305219e-01
31 -5.484119e-02 3.163060e-01 7.362288e-03 1.333727e-02 -7.675872e+01 -7.704573e+01 -3.441381e-02 -3.849910e-01
32 -4.157570e-02 -1.543899e-01 1.295232e-02 3.290319e-02 -5.910782e+01 -5.915064e+01 -7.955022e-03 -2.657753e-02
33 -4.962496e-02 -3.264958e-01 3.364366e-02 1.192922e-01 -3.510165e+01 -3.524760e+01 2.255648e-02 -3.468986e-01
34 -4.511993e-02 2.157039e-01 4.332399e-02 5.648373e-01 -1.663062e+01 -1.691271e+01 4.913735e-02 -1.000680e-01
35 -4.551038e-02 -1.131395e-02 8.012055e-02 1.639863e+00 -9.866922e+00 -1.008925e+01 1.064775e-01 2.279864e+00
36 -5.181914e-02 3.506113e-01 8.350101e-02 1.120868e+00 -8.677637e+00 -8.915554e+00 1.007934e-01 5.575706e-01
37 -5.574536e-02 -4.469919e-01 6.988286e-02 1.501410e+00 -1.409348e+01 -1.472278e+01 7.697778e-02 -1.462426e+00
38 -4.086161e-02 -5.347842e-02 8.772151e-02 2.726964e+00 -7.611846e+00 -7.904097e+00 1.220744e-01 5.457190e+00
39 -7.821003e-02 5.927415e-01 6.239835e-02 4.010988e-01 -1.987935e+01 -2.016255e+01 6.160690e-02 -1.515050e+00
40 -6.736225e-02 1.938557e-01 1.408323e-02 5.711870e-02 -6.006724e+01 -6.030865e+01 -1.603712e-02 -1.376112e-01
41 -8.218195e-02 2.858409e-02 3.697128e-03 1.098696e-03 -8.844683e+01 -8.841550e+01 -5.881239e-02 -1.406941e-01
42 -5.702459e-02 -5.520311e-01 1.262483e-03 1.114965e-02 -9.322454e+01 -9.398487e+01 -5.208586e-02 -2.937717e-01
43 -4.072589e-02 -2.527763e-01 3.182911e-04 1.959578e-03 -9.806534e+01 -9.847462e+01 -3.994620e-02 -2.362804e-01
44 -7.813422e-02 -4.680486e-01 2.030963e-04 1.193529e-03 -9.921541e+01 -9.995479e+01 -7.758103e-02 -4.128856e-01
45 -3.419741e-02 1.372366e-01 4.041956e-05 -1.605297e-04 -9.980749e+01 -9.947024e+01 -3.433507e-02 1.294067e-01
46 -5.748866e-02 -1.245141e-01 7.834733e-05 1.690221e-04 -9.977026e+01 -9.990189e+01 -5.718832e-02 -1.209346e-01
47 -4.502154e-02 -1.472441e-01 1.515490e-04 5.001668e-04 -9.929536e+01 -9.950369e+01 -4.461376e-02 -1.537714e-01
48 -6.154498e-02 1.360018e-01 7.804860e-04 -6.559386e-04 -9.627312e+01 -9.617760e+01 -5.982057e-02 -1.832193e-01
49 -6.021255e-02 7.113687e-01 4.609655e-03 -1.771046e-02 -8.223006e+01 -8.196802e+01 -4.481683e-02 -1.230614e-01
50 -4.953352e-02 -3.912185e-01 1.516049e-02 -1.803968e-02 -5.444571e+01 -5.440008e+01 -6.126415e-03 -1.962035e-01
51 -4.017378e-02 -7.960641e-01 1.723893e-02 7.375309e-02 -4.167771e+01 -4.180452e+01 -4.400558e-03 -2.509868e-01
52 4.266656e-03 2.636275e-02 1.796728e-02 1.288271e-01 -4.828994e+01 -4.862326e+01 -7.174295e-03 -2.510741e-01
53 -8.095028e-02 -7.054335e-03 3.092470e-02 9.345742e-02 -3.854569e+01 -3.872469e+01 1.799691e-02 -6.058071e-01
54 -6.233530e-02 1.470332e-01 2.901671e-02 -2.018268e-02 -3.968112e+01 -3.958048e+01 1.196359e-02 5.646006e-02
55 -5.060389e-02 1.017803e-01 1.373606e-02 2.084501e-02 -5.593583e+01 -5.606034e+01 -1.920906e-02 -2.027978e-01
56 -5.152928e-02 4.066808e-01 2.603872e-03 -1.377528e-02 -8.721251e+01 -8.680093e+01 -4.355758e-02 -6.296232e-02
57 -6.545492e-02 -1.735393e-01 4.563006e-04 1.239730e-03 -9.815880e+01 -9.838690e+01 -6.388751e-02 -1.891044e-01
58 -5.414284e-02 4.297840e-02 1.668108e-04 -1.271470e-04 -9.909385e+01 -9.890812e+01 -5.346482e-02 3.251549e-02
59 -4.417415e-02 2.349140e-01 7.462989e-05 -3.912823e-04 -9.954238e+01 -9.900006e+01 -4.388354e-02 2.138859e-01
60 -7.376440e-02 2.211985e-01 4.835520e-05 -1.431388e-04 -9.984976e+01 -9.927206e+01 -7.375107e-02 2.043217e-01
61 -5.964284e-02 -4.410254e-01 1.668304e-05 1.232165e-04 -1.000213e+02 -1.007815e+02 -5.961392e-02 -4.377022e-01
62 -4.926021e-02 1.501514e-01 2.228485e-05 -6.770866e-05 -1.000010e+02 -9.960446e+01 -4.918777e-02 1.470495e-01
63 -5.110178e-02 -9.629877e-01 8.860395e-05 1.667454e-03 -9.956074e+01 -1.013691e+02 -5.072344e-02 -9.434759e-01
64 -4.762417e-02 -1.034214e-01 2.820743e-04 6.419463e-04 -9.896457e+01 -9.909403e+01 -4.680925e-02 -1.285279e-01
65 -4.464050e-02 2.121884e-01 9.040388e-04 -3.240800e-03 -9.623770e+01 -9.593078e+01 -4.205927e-02 -3.913700e-02
66 -3.982390e-02 -4.135042e-01 2.133857e-03 2.166743e-02 -9.017368e+01 -9.081968e+01 -3.268387e-02 -3.436164e-01
67 -4.120573e-02 -5.898026e-02 3.261804e-03 8.552176e-03 -8.816406e+01 -8.835465e+01 -3.367780e-02 -2.506422e-01
68 -3.577309e-02 2.350657e-01 5.847795e-03 -1.461994e-02 -7.349868e+01 -7.339947e+01 -1.452281e-02 -5.837501e-02
69 -5.010527e-02 -2.739656e-01 1.577439e-02 7.621449e-02 -5.614231e+01 -5.644999e+01 -9.039381e-03 -6.218265e-01
70 -4.318581e-02 -3.327205e-02 1.521859e-02 1.953436e-02 -5.250418e+01 -5.247672e+01 -3.399138e-03 2.942684e-02
71 -4.679720e-02 2.248526e-01 1.951090e-02 2.261027e-02 -4.658657e+01 -4.662923e+01 -2.670694e-03 -2.013458e-01
72 -3.912341e-02 -2.966297e-02 1.440793e-02 9.729444e-02 -5.282686e+01 -5.309703e+01 5.132750e-04 -3.331787e-01
73 -4.659918e-02 2.933285e-01 1.941150e-02 2.866477e-02 -4.418326e+01 -4.435484e+01 -7.028798e-04 -5.900427e-01
74 -1.250804e-01 -2.709082e+00 8.298735e-03 5.754942e-02 -7.282205e+01 -7.334590e+01 -7.312650e-02 1.044143e-02
75 -5.341835e-02 2.483935e-01 3.311208e-04 -1.402410e-03 -9.861404e+01 -9.810173e+01 -5.269001e-02 1.296096e-01
76 -4.657036e-02 6.983023e-02 2.224319e-04 -3.284948e-04 -9.906230e+01 -9.883543e+01 -4.619714e-02 6.318563e-02
77 -5.237905e-02 -1.683024e-01 6.989594e-05 2.249029e-04 -9.978428e+01 -1.000164e+02 -5.220019e-02 -1.690979e-01
78 -5.598848e-02 -4.664461e-01 1.745522e-05 1.455939e-04 -1.000202e+02 -1.008428e+02 -5.595115e-02 -4.693866e-01
79 -3.911928e-02 7.209959e-02 1.302238e-05 -2.395837e-05 -1.000149e+02 -9.979309e+01 -3.908332e-02 7.126220e-02
80 -4.098196e-02 -4.767248e-01 2.848612e-05 3.308503e-04 -9.994399e+01 -1.008111e+02 -4.086766e-02 -4.709701e-01
81 -3.963265e-02 -2.792140e-01 4.962138e-05 3.498412e-04 -9.981509e+01 -1.002938e+02 -3.948287e-02 -2.793821e-01
82 -3.873233e-02 6.196585e-01 6.827119e-05 -1.082218e-03 -9.974710e+01 -9.845705e+01 -3.855372e-02 5.833684e-01
83 -5.082957e-02 6.857082e-01 2.272572e-04 -2.938440e-03 -9.903699e+01 -9.768728e+01 -5.028027e-02 5.213765e-01
84 -2.616948e-02 -2.252698e-02 4.192813e-04 4.475543e-04 -9.667751e+01 -9.669109e+01 -2.550111e-02 -5.226288e-02
85 -4.979679e-02 -5.554958e-02 1.638588e-03 1.497017e-03 -9.160673e+01 -9.158791e+01 -4.611978e-02 -3.308873e-02
86 -4.241901e-02 1.503715e-01 1.357111e-03 -3.531124e-03 -9.076863e+01 -9.055810e+01 -3.673205e-02 -6.782744e-02
87 -4.918872e-02 1.639015e-01 2.198376e-03 -5.259073e-03 -8.700738e+01 -8.678596e+01 -3.957453e-02 -6.285482e-02
88 -3.653933e-02 -1.064323e-01 1.809283e-03 3.973414e-03 -8.752791e+01 -8.756145e+01 -2.747268e-02 3.291198e-02
89 -6.314831e-02 1.810998e-01 1.643416e-03 -3.963203e-03 -9.394341e+01 -9.358901e+01 -5.714706e-02 1.846123e-02
90 -5.831524e-02 1.782830e-01 1.983574e-04 -5.825008e-04 -9.930749e+01 -9.886554e+01 -5.763204e-02 1.364050e-01
91 -4.660058e-02 -1.357708e-01 2.578367e-05 7.518989e-05 -9.996204e+01 -1.001407e+02 -4.652463e-02 -1.362973e-01
92 -5.487849e-02 3.232014e-01 1.971495e-05 -1.157310e-04 -9.999066e+01 -9.923938e+01 -5.482780e-02 3.166267e-01
93 -4.986270e-02 -3.714476e-02 7.615450e-06 5.676022e-06 -1.000566e+02 -1.000312e+02 -4.983395e-02 -3.723980e-02
94 -5.063365e-02 -1.825840e-02 2.836643e-06 1.020802e-06 -1.000792e+02 -1.000143e+02 -5.062596e-02 -1.803206e-02
95 -5.164091e-02 -1.948767e-01 1.263512e-06 4.768190e-06 -1.000963e+02 -1.003827e+02 -5.163752e-02 -1.948867e-01
96 -4.596809e-02 -2.178821e-01 2.266163e-06 1.074331e-05 -1.000813e+02 -1.004253e+02 -4.596050e-02 -2.180930e-01
97 -4.471649e-02 -1.150407e-01 4.210636e-06 1.084276e-05 -1.000782e+02 -1.002193e+02 -4.470705e-02 -1.156646e-01
98 -4.218101e-02 -7.245099e-02 1.233942e-05 2.125852e-05 -1.000358e+02 -1.000971e+02 -4.214397e-02 -7.369649e-02
99 -3.671704e-02 1.371924e-01 3.813464e-05 -1.416510e-04 -9.987569e+01 -9.953177e+01 -3.660995e-02 1.319734e-01
100 -3.135972e-02 -1.480800e-01 8.716841e-05 4.135908e-04 -9.961818e+01 -9.985330e+01 -3.110150e-02 -1.510979e-01
101 -4.428790e-02 -3.709010e-01 2.460280e-04 2.034918e-03 -9.887736e+01 -9.950521e+01 -4.356918e-02 -3.385962e-01
102 -4.128859e-02 8.304850e-02 4.088102e-04 -5.599920e-04 -9.730958e+01 -9.716853e+01 -3.904219e-02 -6.069928e-02
103 -4.649239e-02 -6.417649e-01 9.271068e-04 1.192981e-02 -9.550639e+01 -9.649243e+01 -4.421263e-02 -3.986456e-01
104 -3.213164e-02 -5.571029e-01 6.388218e-04 1.060807e-02 -9.504429e+01 -9.595104e+01 -2.935842e-02 -3.865295e-01
105 -4.570417e-02 6.941912e-02 7.402340e-04 -7.346166e-04 -9.597725e+01 -9.584473e+01 -4.242428e-02 -5.230524e-02
106 -4.557342e-02 -5.638769e-02 1.414466e-03 2.431195e-03 -9.410007e+01 -9.419887e+01 -4.164141e-02 -1.567808e-01
107 -5.649369e-02 -1.956153e-02 1.652607e-04 6.059187e-05 -9.950118e+01 -9.943240e+01 -5.580914e-02 -2.611871e-02
108 -4.528114e-02 1.679235e-01 1.330954e-04 -4.828405e-04 -9.941645e+01 -9.900747e+01 -4.478389e-02 1.446584e-01
109 -5.724703e-02 6.815229e-02 8.856961e-05 -1.031752e-04 -9.960393e+01 -9.936005e+01 -5.684117e-02 5.963180e-02
110 -4.361178e-02 -4.902366e-02 1.508036e-04 1.719036e-04 -9.924924e+01 -9.926267e+01 -4.303123e-02 -5.232640e-02
111 -7.082491e-02 8.412258e-01 4.390452e-05 -5.195317e-04 -9.979012e+01 -9.798487e+01 -7.045720e-02 8.182109e-01
112 -8.818100e-02 3.241801e-01 4.492399e-06 -1.651038e-05 -1.000850e+02 -9.926121e+01 -8.814063e-02 3.234380e-01
113 -5.245143e-02 2.521568e-01 1.273022e-06 -6.118764e-06 -1.000940e+02 -9.948502e+01 -5.244724e-02 2.518364e-01
114 -3.661987e-02 3.187851e-02 6.562113e-07 -5.709928e-07 -1.000856e+02 -9.994868e+01 -3.661732e-02 3.178958e-02
115 -3.578105e-02 -1.984224e-01 1.615526e-06 8.958615e-06 -1.000796e+02 -1.004049e+02 -3.577562e-02 -1.983617e-01
116 -5.060583e-02 -3.929949e-01 7.517253e-06 5.833916e-05 -1.000654e+02 -1.007489e+02 -5.057531e-02 -3.912099e-01
117 -5.162267e-02 2.494618e-01 2.695365e-05 -1.296652e-04 -9.995873e+01 -9.936189e+01 -5.151406e-02 2.422592e-01
118 -4.976891e-02 2.122902e-01 5.481602e-05 -2.304569e-04 -9.980054e+01 -9.929004e+01 -4.957170e-02 1.933572e-01
