0 -6.972573e-02 -2.601500e-01 2.329318e-02 1.424181e+00 -6.029293e+00 -6.781487e+00 2.056296e-02 -1.231030e+01
1 -2.586273e-02 -2.065326e-01 4.303917e-01 9.879355e+01 -3.266760e-03 -3.272099e-03 8.467888e-01 9.999704e+01
2 2.888616e-02 5.916754e-02 4.545491e-01 1.451199e+01 -7.740282e-02 -7.774833e-02 8.458102e-01 4.569902e+01
3 -2.632164e-01 1.138196e+00 2.352448e-01 -5.239450e+00 -1.674560e+00 -1.677841e+00 3.592865e-01 -7.057600e-01
4 -6.347972e-02 -1.684665e+00 1.356561e-01 -3.087050e-01 -7.017040e+00 -7.033243e+00 1.942145e-01 -9.218371e-01
5 -6.960754e-02 -1.347319e-01 7.989098e-02 3.199733e-01 -1.817476e+01 -1.828392e+01 8.793717e-02 -1.584418e-02
6 -5.714923e-02 -2.394689e-02 2.568078e-02 4.834304e-02 -3.693090e+01 -3.702677e+01 1.802700e-03 -2.324179e-01
7 -6.575924e-02 1.313644e+00 1.124367e-02 4.154907e-02 -5.802322e+01 -5.826844e+01 -2.987549e-02 -1.327813e-01
8 -7.001482e-02 -1.781179e+00 4.238938e-03 5.846205e-02 -7.339335e+01 -7.436575e+01 -5.251573e-02 -8.479291e-02
9 -6.843367e-02 -2.637894e-01 1.785886e-03 4.689319e-03 -9.012441e+01 -9.022261e+01 -6.578356e-02 3.152835e-02
10 -5.905315e-02 3.947529e-01 1.749105e-03 -7.760305e-03 -8.821672e+01 -8.780850e+01 -5.097328e-02 -8.170767e-02
11 -5.047692e-02 -3.515508e-01 3.119262e-03 6.429883e-03 -7.642101e+01 -7.638435e+01 -3.096631e-02 -5.109753e-03
12 -5.439762e-02 -1.231276e-01 1.813093e-02 6.465789e-02 -3.626484e+01 -3.624235e+01 -4.763896e-04 4.072201e-01
13 -5.194530e-02 1.507228e-01 6.941804e-02 1.614791e+00 -1.104520e+01 -1.137596e+01 8.155268e-02 5.331507e-01
14 -4.579570e-02 -1.088613e-02 1.337101e-01 9.786555e+00 -2.807823e+00 -3.007198e+00 1.888467e-01 2.876801e+01
15 -6.053878e-02 -1.032032e-01 7.004352e-02 -1.554599e+00 -8.739073e+00 -8.452006e+00 6.349211e-02 -1.841136e+00
16 -4.368772e-02 -1.357664e-01 8.494603e-02 9.018063e+00 -3.663253e+00 -3.976691e+00 1.092924e-01 2.660296e+01
17 -5.449151e-02 1.055234e-01 1.558568e-01 4.216403e+00 -3.686678e+00 -3.825624e+00 2.320795e-01 1.183014e+01
18 -5.721737e-02 7.574096e-02 5.096924e-02 4.581341e-02 -1.932875e+01 -1.934248e+01 4.159445e-02 -1.700818e-01
19 -5.178360e-02 1.401328e+00 2.291946e-02 3.939115e-02 -3.488898e+01 -3.490414e+01 -1.334806e-02 -1.307064e-01
20 -1.316429e-01 1.828690e+00 1.765696e-02 5.761748e-03 -4.896918e+01 -4.902764e+01 -3.213906e-02 -2.871787e-01
21 -6.786025e-02 1.180004e+00 5.097090e-03 1.214682e-02 -7.185347e+01 -7.171968e+01 -4.793162e-02 1.651595e-01
22 -6.523622e-02 1.327304e-01 2.073464e-03 6.514084e-04 -9.249234e+01 -9.256599e+01 -6.051160e-02 -2.373053e-01
23 -6.878202e-02 -5.223376e-01 4.758156e-04 3.623922e-03 -9.743669e+01 -9.832578e+01 -6.703099e-02 -4.980302e-01
24 -6.656833e-02 -9.728640e-01 7.243073e-05 1.508490e-03 -9.654817e+01 -9.987183e+01 -6.746009e-02 -2.989161e+00
25 -9.513231e-02 -1.411909e+00 7.624711e-05 1.329087e-03 -9.763242e+01 -1.011999e+02 -9.829310e-02 -2.736616e+00
26 -5.091692e-02 2.634379e-01 9.598854e-06 -4.956969e-05 -1.000454e+02 -9.941906e+01 -5.087731e-02 2.602609e-01
27 -5.896852e-02 1.580567e+00 4.749410e-05 -1.245058e-03 -9.965734e+01 -9.652672e+01 -5.875189e-02 1.373527e+00
28 -6.075122e-02 2.892310e-01 5.579149e-04 -1.986255e-03 -9.629818e+01 -9.588192e+01 -5.699829e-02 -3.420776e-02
29 -4.459560e-02 -6.237862e-01 4.090411e-03 3.180282e-02 -7.846309e+01 -7.872101e+01 -2.487762e-02 2.855644e-02
30 -4.310212e-02 -4.399202e-01 6.174755e-03 4.620730e-02 -7.383905e+01 -7.412437e+01 -1.855184e-02 2.938920e-02
31 -4.550650e-02 -2.517809e-02 4.391561e-03 5.731655e-03 -8.151278e+01 -8.159334e+01 -3.008805e-02 -2.088788e-01
32 -4.193984e-02 2.694476e-01 9.666496e-03 2.146556e-02 -6.564122e+01 -6.584500e+01 -1.264839e-02 -2.735327e-01
33 -4.500184e-02 1.631883e-01 1.921660e-02 2.186391e-02 -4.705796e+01 -4.712392e+01 1.876487e-03 -2.169794e-01
34 -4.277555e-02 -2.225493e-01 3.458337e-02 3.245405e-01 -1.957175e+01 -1.977735e+01 3.687107e-02 -6.118999e-01
35 -4.416472e-02 -1.107669e-01 9.555444e-02 2.728430e+00 -6.437075e+00 -6.693026e+00 1.300759e-01 5.554095e+00
36 -5.093208e-02 2.459782e-01 9.928074e-02 3.487567e+00 -5.414138e+00 -5.640174e+00 1.413480e-01 9.032307e+00
37 -5.426681e-02 -5.602919e-01 8.704497e-02 -1.391965e-01 -7.156211e+00 -7.291946e+00 9.897590e-02 -2.577403e+00
38 -4.522232e-02 -1.871746e-02 1.103755e-01 9.816084e+00 -3.632457e+00 -3.955454e+00 1.546344e-01 2.509854e+01
39 -9.150366e-02 -2.002614e-01 5.361830e-02 4.854508e-01 -2.267260e+01 -2.318076e+01 4.625772e-02 -1.616436e+00
40 -5.353860e-02 3.147291e-01 6.277632e-03 -7.922932e-04 -7.110897e+01 -7.122847e+01 -2.589922e-02 -2.655697e-01
41 -9.295183e-02 -6.076688e-01 3.635909e-03 2.156661e-02 -8.846089e+01 -8.913067e+01 -6.033295e-02 -1.948405e-01
42 -5.575384e-02 1.773296e-01 7.244406e-04 -1.752387e-03 -9.511652e+01 -9.482131e+01 -5.167767e-02 -1.436276e-02
43 -5.559168e-02 -1.377942e-01 1.508454e-04 3.886201e-04 -9.911381e+01 -9.929786e+01 -5.488190e-02 -1.666520e-01
44 -5.689579e-02 4.647849e-01 6.247862e-05 -5.034848e-04 -9.972380e+01 -9.870882e+01 -5.666228e-02 4.260081e-01
45 -4.654050e-02 2.476455e-01 3.984280e-05 -2.110971e-04 -9.986131e+01 -9.927868e+01 -4.634202e-02 2.402786e-01
46 -3.819222e-02 -1.955824e-01 2.322799e-05 1.186975e-04 -9.995659e+01 -1.002693e+02 -3.810761e-02 -1.926649e-01
47 -3.879987e-02 -9.067263e-02 6.351695e-05 1.494239e-04 -9.969129e+01 -9.979697e+01 -3.852275e-02 -9.352870e-02
48 -4.760387e-02 -9.907556e-02 2.523462e-04 5.328816e-04 -9.860091e+01 -9.870781e+01 -4.627150e-02 -1.048014e-01
49 -5.808244e-02 4.731365e-01 1.655465e-03 -4.044336e-03 -9.199357e+01 -9.198050e+01 -5.187589e-02 -3.955245e-01
50 -5.203984e-02 -8.584762e-01 1.078206e-02 4.632835e-02 -5.846476e+01 -5.867617e+01 -1.232134e-02 -2.741587e-01
51 -3.541261e-02 -7.482768e-01 2.180365e-02 1.898305e-01 -3.486033e+01 -3.520922e+01 5.613190e-03 -5.700441e-01
52 -2.195947e-03 3.656638e-01 2.516809e-02 1.602030e-01 -3.518977e+01 -3.552731e+01 7.231857e-03 -5.935509e-01
53 -7.493340e-02 7.614608e-02 3.447322e-02 2.337462e-01 -2.790937e+01 -2.816538e+01 2.679781e-02 -6.671881e-01
54 -6.925442e-02 -2.298091e-01 3.539421e-02 7.240272e-02 -3.247753e+01 -3.253480e+01 2.337990e-02 6.357094e-02
55 -5.648136e-02 -1.673786e-01 1.151932e-02 2.433031e-02 -5.892772e+01 -5.902851e+01 -2.573984e-02 -2.387458e-01
56 -4.871073e-02 -8.829996e-03 1.073600e-03 3.076807e-04 -9.437687e+01 -9.432021e+01 -4.373712e-02 -3.126269e-02
57 -6.255946e-02 -2.710948e-01 3.270658e-04 1.400452e-03 -9.815503e+01 -9.855206e+01 -6.104456e-02 -2.457398e-01
58 -5.470427e-02 -2.832406e-02 1.290339e-04 6.963140e-05 -9.920090e+01 -9.915331e+01 -5.392879e-02 -3.476111e-02
59 -4.878510e-02 5.981814e-02 4.395974e-05 -5.228904e-05 -9.980559e+01 -9.959607e+01 -4.861115e-02 4.905291e-02
60 -6.490209e-02 5.555425e-01 1.546800e-05 -1.320800e-04 -1.000245e+02 -9.878983e+01 -6.487805e-02 5.472806e-01
61 -5.530012e-02 -5.291733e-01 4.487283e-06 4.293136e-05 -1.000754e+02 -1.010225e+02 -5.528551e-02 -5.284437e-01
62 -4.088784e-02 -7.853890e-02 5.793916e-06 1.113364e-05 -1.000549e+02 -1.001303e+02 -4.086661e-02 -7.868702e-02
63 -3.994821e-02 -4.711869e-01 2.102809e-05 2.477785e-04 -9.997187e+01 -1.008313e+02 -3.984651e-02 -4.671144e-01
64 -4.202457e-02 3.758858e-01 9.330810e-05 -8.262258e-04 -9.966764e+01 -9.885100e+01 -4.164490e-02 3.503047e-01
65 -4.872352e-02 -2.278375e-01 5.431236e-04 2.814264e-03 -9.769004e+01 -9.812844e+01 -4.663864e-02 -3.301307e-01
66 -4.325626e-02 -2.329913e-01 2.179424e-03 1.399202e-02 -8.814519e+01 -8.860808e+01 -3.195405e-02 -3.520989e-01
67 -4.433323e-02 1.025977e-01 3.494994e-03 -3.096936e-03 -8.606852e+01 -8.600352e+01 -3.358302e-02 -1.166704e-01
68 -3.567917e-02 -5.775134e-02 5.019983e-03 1.801778e-02 -7.463887e+01 -7.482104e+01 -1.456803e-02 -1.814638e-01
69 -4.988617e-02 -4.158672e-01 1.702095e-02 8.179078e-02 -5.368926e+01 -5.390031e+01 -3.249015e-03 -3.192628e-01
70 -4.334280e-02 -5.979547e-01 1.870243e-02 1.087462e-01 -4.185375e+01 -4.208866e+01 5.171585e-03 -3.462275e-01
71 -4.794872e-02 -2.821035e-01 2.903676e-02 2.236993e-01 -3.378167e+01 -3.406216e+01 1.470498e-02 -3.825446e-01
72 -3.865952e-02 -2.868845e-01 2.201181e-02 2.630698e-01 -3.676741e+01 -3.712985e+01 1.521636e-02 -7.215649e-01
73 -5.829932e-02 -1.301239e-01 2.592861e-02 1.181711e-01 -3.866386e+01 -3.887838e+01 1.207205e-02 -4.112777e-01
74 -1.364384e-01 -2.515963e-01 4.024674e-03 6.631246e-03 -9.010033e+01 -9.019342e+01 -6.586336e-02 -4.272414e-02
75 -4.495810e-02 2.682867e-01 3.633757e-04 -2.105516e-03 -9.831789e+01 -9.773275e+01 -4.371433e-02 2.171831e-01
76 -4.853401e-02 -2.519728e-01 2.134142e-04 1.093231e-03 -9.898496e+01 -9.937418e+01 -4.773301e-02 -2.283415e-01
77 -5.309193e-02 -2.866556e-01 3.547019e-05 1.911241e-04 -9.991999e+01 -1.003840e+02 -5.295338e-02 -2.824420e-01
78 -5.266027e-02 -1.990932e-01 8.066631e-06 3.048420e-05 -1.000453e+02 -1.003377e+02 -5.263387e-02 -1.984703e-01
79 -4.795368e-02 1.801142e-01 7.889137e-06 -2.961417e-05 -1.000539e+02 -9.959843e+01 -4.792152e-02 1.793589e-01
80 -3.998014e-02 -7.635211e-02 2.398502e-05 4.559266e-05 -9.994820e+01 -1.000194e+02 -3.984020e-02 -7.397952e-02
81 -4.230492e-02 4.307133e-01 6.556874e-05 -6.630437e-04 -9.971590e+01 -9.878540e+01 -4.200781e-02 4.104639e-01
82 -3.781012e-02 -2.540002e-01 8.279668e-05 5.553313e-04 -9.957962e+01 -1.000079e+02 -3.743843e-02 -2.492187e-01
83 -4.565505e-02 -2.208646e-01 1.506827e-04 7.102247e-04 -9.930733e+01 -9.963262e+01 -4.502407e-02 -1.859889e-01
84 -2.006137e-02 4.866887e-01 2.159756e-04 -4.963832e-03 -9.780616e+01 -9.689884e+01 -2.030346e-02 3.493722e-01
85 -5.225183e-02 1.211796e-01 2.014715e-03 -4.786248e-03 -8.963267e+01 -8.931323e+01 -4.543558e-02 9.749250e-02
86 -4.208493e-02 1.151496e-01 2.304627e-03 -3.475934e-03 -8.439057e+01 -8.429000e+01 -2.980554e-02 -1.178455e-01
87 -5.249842e-02 -8.124515e-01 3.616993e-03 4.771222e-02 -7.894740e+01 -7.979387e+01 -3.549745e-02 -1.676113e-01
88 -4.010706e-02 8.945266e-02 3.446139e-03 -3.200683e-03 -8.052680e+01 -8.047450e+01 -2.311516e-02 -1.324780e-01
89 -6.151544e-02 7.786234e-02 1.534894e-03 -1.596590e-03 -9.367890e+01 -9.346665e+01 -5.511122e-02 9.469695e-03
90 -5.827236e-02 -4.029223e-01 1.381853e-04 9.501663e-04 -9.963873e+01 -1.003153e+02 -5.770520e-02 -3.857904e-01
91 -5.191522e-02 -3.071572e-01 3.551612e-05 2.091538e-04 -9.990636e+01 -1.004101e+02 -5.175464e-02 -2.977042e-01
92 -5.513957e-02 1.537782e-01 2.037761e-05 -5.688476e-05 -9.995158e+01 -9.953381e+01 -5.501715e-02 1.542729e-01
93 -5.468669e-02 2.655001e-01 5.077379e-06 -2.462414e-05 -1.000766e+02 -9.943754e+01 -5.465939e-02 2.636773e-01
94 -4.507010e-02 -2.018990e-01 1.162160e-06 5.205678e-06 -1.000795e+02 -1.003931e+02 -4.506626e-02 -2.017870e-01
95 -5.517325e-02 -1.678412e-01 9.515049e-07 2.894654e-06 -1.001049e+02 -1.003303e+02 -5.516939e-02 -1.678664e-01
96 -4.149847e-02 -7.875609e-03 2.210822e-06 4.201179e-07 -1.000681e+02 -1.000009e+02 -4.148751e-02 -7.935013e-03
97 -3.780912e-02 -1.911249e-01 2.320092e-06 1.172922e-05 -1.000739e+02 -1.003806e+02 -3.779898e-02 -1.911878e-01
98 -4.283511e-02 -1.144607e-01 7.197246e-06 1.922369e-05 -1.000551e+02 -1.001981e+02 -4.280657e-02 -1.140920e-01
99 -4.094462e-02 -1.259206e-01 2.175623e-05 6.729426e-05 -9.996740e+01 -1.001400e+02 -4.084697e-02 -1.299336e-01
100 -3.455917e-02 -2.583859e-01 7.772641e-05 5.855989e-04 -9.958940e+01 -1.000420e+02 -3.413844e-02 -2.668005e-01
101 -4.123135e-02 7.031753e-02 2.296395e-04 -3.661573e-04 -9.899290e+01 -9.879036e+01 -4.043404e-02 4.265007e-02
102 -3.455736e-02 -4.541518e-01 3.563316e-04 4.726425e-03 -9.749125e+01 -9.831600e+01 -3.229651e-02 -4.426270e-01
103 -4.756936e-02 2.028897e-01 1.361643e-03 -4.848251e-03 -9.341045e+01 -9.306270e+01 -4.284125e-02 2.013488e-02
104 -3.173681e-02 -1.698686e-01 1.088699e-03 5.611841e-03 -9.170501e+01 -9.193235e+01 -2.560437e-02 -1.189625e-01
105 -4.107222e-02 -4.518591e-01 1.316418e-03 1.488014e-02 -9.134008e+01 -9.212401e+01 -3.446806e-02 -4.456029e-01
106 -5.548085e-02 2.671258e-03 2.543778e-03 8.724067e-04 -9.021616e+01 -9.018594e+01 -4.599229e-02 -9.825113e-02
107 -5.327162e-02 1.547304e-01 1.879904e-04 -5.377798e-04 -9.935589e+01 -9.895264e+01 -5.254122e-02 1.385824e-01
108 -4.143193e-02 -2.391838e-01 2.147762e-04 1.248407e-03 -9.892054e+01 -9.931696e+01 -4.041463e-02 -2.429198e-01
109 -5.561701e-02 -1.911083e-01 1.778018e-04 6.081391e-04 -9.904227e+01 -9.930652e+01 -5.457965e-02 -1.817192e-01
110 -4.104555e-02 -4.287197e-02 2.363674e-04 2.541436e-04 -9.871267e+01 -9.872120e+01 -3.991654e-02 -4.902271e-02
111 -6.843889e-02 2.024528e-01 3.603278e-05 -1.065894e-04 -9.983658e+01 -9.929648e+01 -6.811958e-02 2.014239e-01
112 -8.022424e-02 -1.463043e-01 5.409448e-06 9.863899e-06 -1.000739e+02 -1.002059e+02 -8.017736e-02 -1.461059e-01
113 -5.331489e-02 -4.403436e-01 1.115395e-06 9.211645e-06 -1.000939e+02 -1.008678e+02 -5.331027e-02 -4.400903e-01
114 -3.209922e-02 -3.041247e-01 4.545449e-07 4.306533e-06 -1.000860e+02 -1.006301e+02 -3.209694e-02 -3.040725e-01
115 -3.655946e-02 -2.930486e-01 1.939760e-06 1.554765e-05 -1.000804e+02 -1.005933e+02 -3.654996e-02 -2.928775e-01
116 -4.067787e-02 -6.972183e-02 4.441563e-06 7.622509e-06 -1.000606e+02 -1.001191e+02 -4.066060e-02 -7.022314e-02
117 -4.820355e-02 -7.226235e-02 1.826201e-05 2.745745e-05 -9.999256e+01 -1.000415e+02 -4.811100e-02 -7.338958e-02
118 -5.090070e-02 -4.072762e-01 6.974110e-05 5.546160e-04 -9.970595e+01 -1.004057e+02 -5.054140e-02 -3.897455e-01
