0 -6.951712e-02 -1.956231e-01 2.297458e-02 1.352875e+00 -6.252130e+00 -6.910663e+00 1.551066e-02 -1.140401e+01
1 -2.732302e-02 -2.185249e-01 3.990686e-01 9.854559e+01 -5.844590e-03 -5.860940e-03 7.608097e-01 9.999551e+01
2 3.234644e-02 5.221794e-02 4.354876e-01 1.524741e+01 -9.821648e-02 -9.881920e-02 8.158329e-01 4.760245e+01
3 -2.595136e-01 5.549763e-01 2.307795e-01 -3.434789e+00 -1.678154e+00 -1.703817e+00 3.523650e-01 4.248676e+00
4 -6.409941e-02 -9.885829e-01 1.447540e-01 -2.934642e-01 -6.502404e+00 -6.521453e+00 2.083483e-01 -7.955797e-01
5 -7.055263e-02 2.868335e-01 8.570637e-02 8.734684e-01 -1.702302e+01 -1.735922e+01 9.836737e-02 3.817711e-01
6 -5.685692e-02 -2.199489e-02 2.788237e-02 4.476931e-02 -3.583246e+01 -3.590592e+01 4.822080e-03 -2.297031e-01
7 -6.523414e-02 1.273544e+00 1.201071e-02 3.449541e-03 -5.627273e+01 -5.622993e+01 -2.726182e-02 -7.592962e-02
8 -6.956636e-02 -1.555740e+00 4.804266e-03 5.480939e-02 -7.134880e+01 -7.203359e+01 -5.027294e-02 1.875072e-01
9 -6.873152e-02 -4.700031e-01 2.128275e-03 8.266545e-03 -8.827868e+01 -8.841385e+01 -6.520481e-02 1.325504e-01
10 -5.914219e-02 3.596585e-01 1.946066e-03 -6.863884e-03 -8.738296e+01 -8.708676e+01 -5.077346e-02 -1.433801e-01
11 -5.027828e-02 -4.487731e-02 3.407132e-03 -1.474605e-02 -7.596389e+01 -7.548881e+01 -3.021113e-02 7.221559e-02
12 -5.432392e-02 -1.137487e-01 1.959766e-02 6.845547e-02 -3.503169e+01 -3.505217e+01 5.940368e-04 3.368622e-01
13 -5.158853e-02 2.261785e-02 7.194239e-02 2.267511e+00 -1.067953e+01 -1.112738e+01 8.566408e-02 1.353983e+00
14 -4.558784e-02 -5.437866e-02 1.330448e-01 1.012449e+01 -2.879073e+00 -3.092046e+00 1.875665e-01 2.972652e+01
15 -6.044243e-02 -2.268445e-03 7.024101e-02 -1.482703e+00 -9.039205e+00 -8.725152e+00 6.415197e-02 -1.275379e+00
16 -4.402260e-02 -3.282652e-01 8.227735e-02 8.681939e+00 -4.114878e+00 -4.486874e+00 1.025814e-01 2.331773e+01
17 -5.407938e-02 2.772714e-02 1.502761e-01 2.571474e+00 -3.875083e+00 -3.973831e+00 2.214296e-01 7.709868e+00
18 -5.728457e-02 6.300710e-02 5.132851e-02 1.274930e-01 -1.927785e+01 -1.935126e+01 4.224715e-02 -1.842151e-01
19 -5.153413e-02 1.512284e+00 2.317549e-02 1.335477e-02 -3.499349e+01 -3.499292e+01 -1.200447e-02 -2.303447e-01
20 -1.272248e-01 2.045550e+00 1.795738e-02 -1.327676e-02 -4.895340e+01 -4.893057e+01 -3.143052e-02 -2.929079e-01
21 -6.716427e-02 9.664341e-01 5.401089e-03 1.841935e-02 -7.117375e+01 -7.111241e+01 -4.613647e-02 1.550081e-01
22 -6.452210e-02 3.227053e-02 2.325031e-03 4.647066e-03 -9.165588e+01 -9.192380e+01 -5.895014e-02 -2.869516e-01
23 -6.884188e-02 -2.379272e-01 5.740409e-04 2.030164e-03 -9.698117e+01 -9.732632e+01 -6.674982e-02 -2.350010e-01
24 -6.523707e-02 -7.633824e-01 9.031121e-05 1.908364e-03 -9.505394e+01 -9.865986e+01 -6.711415e-02 -3.563052e+00
25 -9.730324e-02 -1.246928e+00 9.851155e-05 1.620456e-03 -9.677137e+01 -1.003895e+02 -1.012769e-01 -3.057872e+00
26 -4.810653e-02 -2.251982e-01 1.057856e-05 4.943600e-05 -1.000351e+02 -1.003875e+02 -4.806743e-02 -2.227101e-01
27 -5.943170e-02 1.520000e+00 5.526929e-05 -1.374499e-03 -9.958712e+01 -9.660472e+01 -5.926321e-02 1.274329e+00
28 -5.938218e-02 3.144037e-01 6.075869e-04 -2.292380e-03 -9.605520e+01 -9.565436e+01 -5.581239e-02 -8.450622e-02
29 -4.364200e-02 -6.028764e-01 4.071415e-03 3.199164e-02 -7.865501e+01 -7.892300e+01 -2.522519e-02 1.936275e-02
30 -4.351348e-02 -4.756472e-01 6.070077e-03 4.915046e-02 -7.469074e+01 -7.501838e+01 -1.963824e-02 7.307401e-03
31 -4.653104e-02 7.361702e-02 4.581016e-03 -1.622041e-03 -8.161225e+01 -8.158713e+01 -3.093550e-02 -1.806453e-01
32 -4.235945e-02 1.550205e-01 9.884571e-03 4.836527e-02 -6.518384e+01 -6.547671e+01 -1.271064e-02 -2.079916e-01
33 -4.461230e-02 1.580941e-01 2.001564e-02 1.432468e-02 -4.599940e+01 -4.603769e+01 3.219717e-03 -1.284453e-01
34 -4.324441e-02 -3.080812e-01 3.550955e-02 3.211906e-01 -1.906733e+01 -1.930292e+01 3.807717e-02 -8.194365e-01
35 -4.457107e-02 -1.840316e-01 9.422344e-02 3.237404e+00 -6.646054e+00 -6.945091e+00 1.283931e-01 6.482127e+00
36 -5.184576e-02 7.132962e-02 9.797550e-02 3.316331e+00 -5.743609e+00 -5.979613e+00 1.373345e-01 7.862145e+00
37 -5.465955e-02 -3.833557e-01 8.510456e-02 1.903789e-01 -7.651699e+00 -7.815124e+00 9.603564e-02 -2.536341e+00
38 -4.449394e-02 1.584810e-01 1.083306e-01 1.075819e+01 -3.893735e+00 -4.256060e+00 1.527350e-01 2.618215e+01
39 -8.999323e-02 -4.255773e-01 5.451336e-02 7.072832e-01 -2.222780e+01 -2.283491e+01 4.776967e-02 -1.484274e+00
40 -5.350145e-02 4.376283e-01 6.563934e-03 -3.437903e-02 -7.050148e+01 -7.016784e+01 -2.424740e-02 -6.836835e-02
41 -9.166332e-02 -7.909475e-01 3.645826e-03 2.845271e-02 -8.833368e+01 -8.924383e+01 -5.959912e-02 -2.314339e-01
42 -5.569872e-02 4.258884e-01 7.735137e-04 -5.105239e-03 -9.488637e+01 -9.417663e+01 -5.155381e-02 1.403668e-01
43 -5.390499e-02 -2.363491e-01 1.646637e-04 7.245493e-04 -9.903472e+01 -9.939937e+01 -5.323504e-02 -2.378322e-01
44 -5.795115e-02 3.591551e-01 6.847943e-05 -4.155294e-04 -9.969474e+01 -9.889300e+01 -5.774404e-02 3.139853e-01
45 -4.507066e-02 3.149814e-01 3.857731e-05 -2.684432e-04 -9.986681e+01 -9.915387e+01 -4.488926e-02 3.056588e-01
46 -3.971530e-02 7.054377e-02 2.565604e-05 -4.556413e-05 -9.994921e+01 -9.972905e+01 -3.962549e-02 7.031565e-02
47 -3.963985e-02 -7.744864e-02 6.981590e-05 1.375243e-04 -9.965875e+01 -9.973652e+01 -3.933762e-02 -8.050716e-02
48 -4.773204e-02 -2.850664e-01 2.719335e-04 1.619838e-03 -9.850723e+01 -9.897064e+01 -4.634121e-02 -2.725443e-01
49 -5.891596e-02 9.810667e-01 1.832525e-03 -1.727413e-02 -9.124718e+01 -9.056194e+01 -5.184744e-02 -1.650732e-01
50 -5.185035e-02 -7.554205e-01 1.124402e-02 3.888699e-02 -5.784223e+01 -5.803643e+01 -1.142492e-02 -2.768493e-01
51 -3.531137e-02 -1.048502e+00 2.122970e-02 1.734142e-01 -3.533569e+01 -3.563151e+01 4.423023e-03 -4.159681e-01
52 -1.400217e-03 3.082261e-01 2.445858e-02 2.022118e-01 -3.634116e+01 -3.675454e+01 5.840044e-03 -4.716195e-01
53 -7.604591e-02 2.328857e-01 3.429722e-02 2.885374e-01 -2.883963e+01 -2.916900e+01 2.623689e-02 -7.852861e-01
54 -6.880511e-02 -3.890068e-01 3.497197e-02 7.831047e-02 -3.302789e+01 -3.306919e+01 2.260117e-02 5.200325e-02
55 -5.531098e-02 1.722792e-01 1.177941e-02 -2.590861e-02 -5.838435e+01 -5.822207e+01 -2.491757e-02 -1.887764e-01
56 -4.915850e-02 -2.764326e-01 1.171576e-03 6.391792e-03 -9.389731e+01 -9.429171e+01 -4.407892e-02 -2.027281e-01
57 -6.246423e-02 -2.277572e-01 3.329088e-04 1.209171e-03 -9.814320e+01 -9.846441e+01 -6.097607e-02 -2.169019e-01
58 -5.440193e-02 2.039464e-01 1.333580e-04 -4.931869e-04 -9.917670e+01 -9.867571e+01 -5.362865e-02 1.849930e-01
59 -4.934814e-02 1.536801e-01 4.796237e-05 -1.472750e-04 -9.978127e+01 -9.938493e+01 -4.915465e-02 1.403868e-01
60 -6.531518e-02 3.856427e-01 1.738258e-05 -1.022090e-04 -1.000113e+02 -9.911640e+01 -6.528893e-02 3.759936e-01
61 -5.572965e-02 -3.459452e-01 5.088595e-06 3.158108e-05 -1.000726e+02 -1.006526e+02 -5.571411e-02 -3.454092e-01
62 -4.150261e-02 -7.804629e-03 6.493941e-06 1.221672e-06 -1.000531e+02 -9.998576e+01 -4.147854e-02 -7.818467e-03
63 -4.098857e-02 -7.016584e-01 2.438194e-05 4.167422e-04 -9.995277e+01 -1.012677e+02 -4.087012e-02 -6.931095e-01
64 -4.255668e-02 5.086144e-01 1.036736e-04 -1.228050e-03 -9.963196e+01 -9.855345e+01 -4.215481e-02 4.773303e-01
65 -4.844271e-02 -1.843134e-01 5.720813e-04 2.543292e-03 -9.755807e+01 -9.793536e+01 -4.633078e-02 -3.183260e-01
66 -4.338996e-02 -2.682608e-01 2.200212e-03 1.615383e-02 -8.832374e+01 -8.886504e+01 -3.244832e-02 -3.923982e-01
67 -4.366684e-02 2.216658e-01 3.392918e-03 -1.165817e-02 -8.651998e+01 -8.627506e+01 -3.353633e-02 -4.651110e-02
68 -3.583733e-02 1.103633e-01 5.098519e-03 5.400731e-03 -7.472332e+01 -7.484584e+01 -1.487734e-02 -2.188693e-01
69 -5.002054e-02 -3.330498e-01 1.705116e-02 7.191234e-02 -5.364713e+01 -5.385380e+01 -3.443067e-03 -3.200334e-01
70 -4.323876e-02 -6.841434e-01 1.851020e-02 1.380320e-01 -4.272731e+01 -4.301138e+01 4.789217e-03 -2.526438e-01
71 -4.765066e-02 -2.451312e-01 2.791513e-02 1.685335e-01 -3.481677e+01 -3.507688e+01 1.282665e-02 -5.376754e-01
72 -3.869836e-02 -1.396614e-01 2.127447e-02 2.340577e-01 -3.817147e+01 -3.851822e+01 1.390625e-02 -6.314310e-01
73 -5.657059e-02 -9.301086e-02 2.541795e-02 1.493534e-01 -3.902135e+01 -3.933189e+01 1.090229e-02 -5.155603e-01
74 -1.403334e-01 7.671282e-01 4.365032e-03 -1.780715e-02 -8.868027e+01 -8.782915e+01 -6.688078e-02 -2.356087e-03
75 -4.642431e-02 1.456036e-01 3.674780e-04 -1.089465e-03 -9.834331e+01 -9.799682e+01 -4.512777e-02 9.760310e-02
76 -4.790115e-02 -1.484857e-01 2.145522e-04 6.619623e-04 -9.898207e+01 -9.917837e+01 -4.718474e-02 -1.420822e-01
77 -5.327461e-02 -4.636658e-01 3.843728e-05 3.338135e-04 -9.990839e+01 -1.007237e+02 -5.313118e-02 -4.564782e-01
78 -5.248772e-02 -2.721888e-02 8.641680e-06 4.483721e-06 -1.000441e+02 -9.999367e+01 -5.245966e-02 -2.729038e-02
79 -4.676558e-02 3.395196e-01 8.334321e-06 -6.046080e-05 -1.000498e+02 -9.927867e+01 -4.673357e-02 3.377212e-01
80 -3.981586e-02 -2.761513e-01 2.424045e-05 1.677991e-04 -9.994704e+01 -1.004167e+02 -3.967927e-02 -2.720216e-01
81 -4.216807e-02 3.534001e-01 6.419767e-05 -5.336706e-04 -9.972429e+01 -9.894769e+01 -4.188565e-02 3.341614e-01
82 -3.756045e-02 7.709993e-04 7.954672e-05 7.974922e-07 -9.960350e+01 -9.953184e+01 -3.719769e-02 -6.104749e-03
83 -4.487866e-02 -1.359340e-01 1.481922e-04 4.439101e-04 -9.932265e+01 -9.949753e+01 -4.431397e-02 -1.262963e-01
84 -2.053612e-02 8.344159e-02 2.311119e-04 -8.156834e-04 -9.769275e+01 -9.752862e+01 -2.069909e-02 2.493120e-02
85 -5.201224e-02 2.722519e-02 1.997904e-03 -1.633835e-03 -8.972248e+01 -8.953068e+01 -4.541910e-02 7.349465e-02
86 -4.211275e-02 2.271295e-01 2.195620e-03 -8.204025e-03 -8.498809e+01 -8.475644e+01 -3.051904e-02 -1.098637e-01
87 -5.220416e-02 -6.904154e-01 3.457921e-03 4.220707e-02 -7.975332e+01 -8.060968e+01 -3.600585e-02 -3.250551e-01
88 -3.928705e-02 6.789807e-02 3.226882e-03 -2.472829e-03 -8.118669e+01 -8.112916e+01 -2.340185e-02 -1.020464e-01
89 -6.194479e-02 -8.876190e-03 1.570465e-03 7.246826e-04 -9.362856e+01 -9.359847e+01 -5.545529e-02 -9.708682e-02
90 -5.825846e-02 -2.723961e-01 1.412907e-04 6.563120e-04 -9.962274e+01 -1.000415e+02 -5.768914e-02 -2.592361e-01
91 -5.150774e-02 -3.574874e-01 3.454307e-05 2.391984e-04 -9.991270e+01 -1.005202e+02 -5.134877e-02 -3.515450e-01
92 -5.464397e-02 7.660908e-03 2.034380e-05 -2.863943e-06 -9.995332e+01 -9.982877e+01 -5.453556e-02 7.812073e-03
93 -5.463948e-02 4.061422e-01 5.419256e-06 -4.025008e-05 -1.000751e+02 -9.915514e+01 -5.460958e-02 4.039904e-01
94 -4.551582e-02 -4.120893e-01 1.285056e-06 1.163374e-05 -1.000793e+02 -1.008123e+02 -4.551176e-02 -4.118720e-01
95 -5.514563e-02 -1.658037e-01 9.855727e-07 2.963600e-06 -1.001047e+02 -1.003260e+02 -5.514157e-02 -1.659015e-01
96 -4.140402e-02 1.160257e-01 2.171944e-06 -6.084024e-06 -1.000684e+02 -9.975377e+01 -4.139368e-02 1.157254e-01
97 -3.730748e-02 -1.736942e-01 2.335792e-06 1.087514e-05 -1.000727e+02 -1.003455e+02 -3.729797e-02 -1.736772e-01
98 -4.178909e-02 -5.160329e-02 7.282942e-06 9.003613e-06 -1.000528e+02 -1.000727e+02 -4.176144e-02 -5.192307e-02
99 -4.035963e-02 -1.618923e-01 2.303738e-05 9.272789e-05 -9.995908e+01 -1.002040e+02 -4.025926e-02 -1.648171e-01
100 -3.389363e-02 -4.785113e-02 7.810169e-05 1.166493e-04 -9.959069e+01 -9.962939e+01 -3.351360e-02 -6.351886e-02
101 -4.179609e-02 -5.636898e-02 2.317188e-04 3.226882e-04 -9.900087e+01 -9.903681e+01 -4.099086e-02 -6.558169e-02
102 -3.577664e-02 -4.137478e-01 3.695909e-04 4.337419e-03 -9.744594e+01 -9.819715e+01 -3.341305e-02 -4.147913e-01
103 -4.741317e-02 7.304248e-03 1.321448e-03 2.665817e-04 -9.357380e+01 -9.353330e+01 -4.283087e-02 -8.164405e-02
104 -3.193413e-02 -2.005912e-01 1.046601e-03 5.825082e-03 -9.204007e+01 -9.226632e+01 -2.604322e-02 -6.917939e-02
105 -4.135433e-02 -4.135492e-01 1.244278e-03 1.246695e-02 -9.186536e+01 -9.254435e+01 -3.522046e-02 -3.597877e-01
106 -5.422122e-02 -1.110052e-01 2.413223e-03 5.593257e-03 -9.062592e+01 -9.077995e+01 -4.549761e-02 -1.702481e-01
107 -5.401148e-02 1.308847e-01 1.879530e-04 -4.484061e-04 -9.936739e+01 -9.900871e+01 -5.327531e-02 1.169103e-01
108 -4.172950e-02 -6.590920e-02 2.063323e-04 3.408916e-04 -9.897159e+01 -9.903121e+01 -4.073470e-02 -8.203195e-02
109 -5.562169e-02 -3.042852e-01 1.665573e-04 9.051943e-04 -9.910487e+01 -9.958891e+01 -5.468615e-02 -2.868368e-01
110 -4.079031e-02 7.201638e-03 2.256373e-04 -3.806911e-05 -9.876848e+01 -9.867520e+01 -3.972202e-02 5.210846e-03
111 -6.751382e-02 -3.672273e-02 3.657211e-05 1.931628e-05 -9.982606e+01 -9.976046e+01 -6.717583e-02 -3.027221e-02
112 -8.109303e-02 -2.440544e-01 5.396964e-06 1.624183e-05 -1.000749e+02 -1.004006e+02 -8.104585e-02 -2.438523e-01
113 -5.273217e-02 -4.817250e-01 1.138083e-06 1.039593e-05 -1.000929e+02 -1.009506e+02 -5.272800e-02 -4.814553e-01
114 -3.275834e-02 -5.158327e-04 4.816292e-07 7.738468e-09 -1.000862e+02 -1.000217e+02 -3.275591e-02 -5.792260e-04
115 -3.585338e-02 -2.127253e-01 1.889516e-06 1.121071e-05 -1.000792e+02 -1.004329e+02 -3.584440e-02 -2.126517e-01
116 -4.244116e-02 -5.405629e-02 4.707722e-06 6.006864e-06 -1.000641e+02 -1.000877e+02 -4.242222e-02 -5.461266e-02
117 -4.922858e-02 2.246456e-01 1.942270e-05 -8.852737e-05 -9.998962e+01 -9.944360e+01 -4.912863e-02 2.226133e-01
118 -5.096588e-02 -2.976244e-01 6.927461e-05 4.018430e-04 -9.971120e+01 -1.001945e+02 -5.061277e-02 -2.838625e-01
