0 -7.315955e-02 -2.215458e-01 2.299663e-02 2.438559e-01 -1.050967e+01 -1.101049e+01 1.194279e-02 -1.843007e+00
1 -4.032091e-02 -4.811275e-02 1.807369e-01 7.466968e+01 -3.686609e-01 -4.139107e-01 2.747979e-01 9.787820e+01
2 5.043904e-02 6.342523e-01 3.134765e-01 2.931436e+01 -3.697749e-01 -3.853381e-01 5.439411e-01 6.787897e+01
3 -2.026529e-01 -4.833626e-01 2.357931e-01 3.570787e+01 -1.439369e+00 -1.760140e+00 2.751101e-01 7.520756e+01
4 -6.365261e-02 -2.891739e-02 2.362613e-01 4.317940e+00 -2.152281e+00 -2.202876e+00 3.998817e-01 1.498019e+01
5 -7.275553e-02 2.323476e-01 1.635691e-01 6.291979e+00 -5.736327e+00 -6.147941e+00 2.238843e-01 1.531646e+01
6 -7.194360e-02 1.813255e+00 8.262353e-02 1.814118e-01 -1.830344e+01 -1.841478e+01 8.377178e-02 -3.671721e-01
7 -5.894715e-02 5.841621e-01 2.651902e-02 6.236413e-02 -3.926194e+01 -3.943129e+01 3.899563e-04 -5.534700e-01
8 -7.247661e-02 1.308329e+00 1.671604e-02 -2.171623e-02 -4.874391e+01 -4.854520e+01 -2.121865e-02 -3.502271e-02
9 -7.742713e-02 2.374306e+00 1.203017e-02 -2.993661e-02 -6.116628e+01 -6.081500e+01 -4.413670e-02 -1.598674e-01
10 -6.970038e-02 6.190685e-01 8.071631e-03 -1.439876e-02 -7.002960e+01 -6.993186e+01 -5.067037e-02 -2.447851e-01
11 -4.832227e-02 4.092403e-02 1.206002e-02 1.557473e-02 -5.724195e+01 -5.726515e+01 -8.268626e-03 -1.293095e-02
12 -5.592599e-02 -2.127924e-01 4.632705e-02 1.458991e-02 -2.390524e+01 -2.390873e+01 3.890412e-02 -5.822111e-01
13 -4.989385e-02 -3.439146e-01 8.453965e-02 1.438241e+00 -8.244425e+00 -8.481493e+00 1.031827e-01 1.577485e+00
14 -4.265243e-02 -5.796634e-02 1.119493e-01 5.076331e+00 -3.950501e+00 -4.099676e+00 1.672829e-01 1.326319e+01
15 -6.029231e-02 -1.841661e-01 6.092598e-02 1.819653e-01 -1.393025e+01 -1.395947e+01 5.290884e-02 -4.552596e-01
16 -4.154417e-02 -5.505832e-01 6.227480e-02 2.180911e+00 -1.096002e+01 -1.161112e+01 6.865028e-02 -3.150204e+00
17 -5.905911e-02 2.133242e-01 1.059591e-01 1.508047e+00 -8.126345e+00 -8.286936e+00 1.490955e-01 3.284333e+00
18 -5.938632e-02 3.998941e-01 6.361070e-02 3.682694e-01 -2.027829e+01 -2.053067e+01 6.474955e-02 -7.700992e-01
19 -5.099274e-02 6.935018e-01 2.917355e-02 3.220157e-02 -3.438472e+01 -3.442990e+01 5.306353e-03 -3.573686e-01
20 -9.344559e-02 5.572258e-01 2.276410e-02 9.575301e-03 -5.135109e+01 -5.145413e+01 -2.158217e-02 -4.284638e-01
21 -6.509577e-02 2.025309e+00 9.356960e-03 1.431244e-02 -6.698404e+01 -6.732122e+01 -3.509258e-02 -4.071502e-01
22 -5.628666e-02 4.106796e-01 6.468119e-03 -4.366053e-03 -8.073753e+01 -8.068884e+01 -4.137665e-02 -2.497041e-02
23 -6.396998e-02 4.661734e-01 3.179869e-03 -1.258232e-02 -8.813382e+01 -8.778181e+01 -5.632271e-02 -1.222557e-01
24 -6.805200e-02 4.167573e+00 7.233828e-04 5.229979e-02 -6.525442e+01 -6.815177e+01 -4.755529e-02 6.277780e+00
25 -1.162408e-01 3.322280e+00 9.700717e-04 2.311216e-02 -7.348134e+01 -8.048707e+01 -1.379789e-01 -3.869441e-01
26 -4.957270e-02 6.454563e-01 6.089231e-05 -7.774894e-04 -9.975993e+01 -9.842244e+01 -4.948369e-02 5.718030e-01
27 -6.000019e-02 -4.453499e-01 3.379378e-04 2.816377e-03 -9.739889e+01 -9.835196e+01 -5.981909e-02 -6.529094e-01
28 -4.820647e-02 1.325699e-01 1.550944e-03 -3.039939e-03 -9.321969e+01 -9.299986e+01 -4.370826e-02 6.906672e-03
29 -4.121984e-02 7.315724e-02 4.570614e-03 8.907458e-04 -8.200325e+01 -8.202685e+01 -3.147832e-02 -1.500359e-01
30 -4.630324e-02 -1.511854e-01 5.826028e-03 3.113828e-02 -8.016150e+01 -8.054036e+01 -2.999892e-02 -2.189419e-01
31 -5.671390e-02 6.475271e-01 8.375007e-03 -2.640875e-02 -7.488687e+01 -7.472448e+01 -3.472799e-02 -1.974382e-01
32 -4.083990e-02 1.526396e-01 1.498091e-02 3.316671e-02 -5.567155e+01 -5.582527e+01 -3.656431e-03 -3.610770e-01
33 -5.061445e-02 -2.320162e-01 3.818652e-02 2.513151e-01 -3.239546e+01 -3.274854e+01 2.947389e-02 -6.441239e-01
34 -4.428373e-02 2.489916e-03 4.481641e-02 3.803709e-01 -1.663093e+01 -1.675953e+01 5.081807e-02 -3.406786e-02
35 -4.669066e-02 -2.533766e-01 7.680765e-02 1.157831e+00 -1.148964e+01 -1.173605e+01 1.001588e-01 1.332261e+00
36 -5.209323e-02 -2.561934e-01 8.305405e-02 1.588382e+00 -9.666248e+00 -1.000436e+01 9.973264e-02 4.604510e-02
37 -5.581146e-02 -4.956762e-01 6.590075e-02 1.172406e+00 -1.701494e+01 -1.757074e+01 7.087253e-02 -1.200326e+00
38 -4.178876e-02 5.217187e-02 8.345402e-02 2.604467e+00 -9.379209e+00 -9.761324e+00 1.134548e-01 4.525481e+00
39 -7.404874e-02 4.038231e-01 6.355983e-02 7.240613e-01 -1.987071e+01 -2.034904e+01 6.424734e-02 -1.295818e+00
40 -6.946491e-02 2.000950e-01 1.713942e-02 5.263936e-02 -5.625462e+01 -5.648140e+01 -1.278764e-02 -1.740022e-01
41 -7.768639e-02 -1.057406e-03 3.637130e-03 2.213763e-03 -8.877708e+01 -8.878588e+01 -5.878757e-02 -1.642416e-01
42 -5.640691e-02 -6.863761e-01 1.352943e-03 1.479672e-02 -9.301227e+01 -9.395843e+01 -5.186244e-02 -3.451603e-01
43 -3.656688e-02 7.300076e-02 3.542113e-04 -7.266124e-04 -9.770089e+01 -9.747798e+01 -3.595074e-02 8.187722e-02
44 -8.628857e-02 1.322453e-03 2.856815e-04 1.030210e-05 -9.897671e+01 -9.882040e+01 -8.510720e-02 -2.275228e-02
45 -3.019747e-02 -2.082194e-02 4.290133e-05 2.880366e-05 -9.971416e+01 -9.969316e+01 -3.070818e-02 -1.799432e-02
46 -6.361549e-02 -2.558374e-01 1.083223e-04 4.333388e-04 -9.967760e+01 -1.000548e+02 -6.308403e-02 -2.457766e-01
47 -4.708520e-02 -1.569104e-01 1.844445e-04 6.184595e-04 -9.919302e+01 -9.941486e+01 -4.668147e-02 -1.610851e-01
48 -6.276457e-02 -8.811733e-02 1.063111e-03 3.194275e-03 -9.441214e+01 -9.477502e+01 -6.165648e-02 -3.488919e-01
49 -5.883624e-02 1.311028e-03 5.845597e-03 1.496461e-02 -7.921118e+01 -7.933016e+01 -4.045037e-02 -3.742326e-02
50 -4.903964e-02 -7.218494e-01 1.629406e-02 7.452718e-02 -5.432429e+01 -5.453266e+01 -5.701575e-03 -2.162787e-01
51 -4.229284e-02 -3.418795e-01 1.629725e-02 1.272343e-02 -4.462310e+01 -4.469386e+01 -6.201827e-03 -1.258659e-01
52 4.553341e-03 2.945696e-01 1.572592e-02 5.590120e-02 -5.245707e+01 -5.271390e+01 -1.153109e-02 -4.197680e-01
53 -7.970784e-02 -2.376467e-01 2.930477e-02 1.251481e-01 -4.191257e+01 -4.216740e+01 1.385410e-02 -5.594122e-01
54 -6.059035e-02 2.708334e-01 2.689199e-02 -1.920882e-02 -4.244321e+01 -4.232925e+01 8.052514e-03 1.722312e-02
55 -4.970697e-02 -5.596641e-03 1.404418e-02 3.416537e-02 -5.641458e+01 -5.652842e+01 -1.901851e-02 -1.436405e-01
56 -5.069153e-02 -6.546644e-02 3.117430e-03 6.779183e-03 -8.511939e+01 -8.526322e+01 -4.286515e-02 -1.411826e-01
57 -6.609952e-02 -1.044921e-02 5.319654e-04 1.174202e-04 -9.797349e+01 -9.788014e+01 -6.461576e-02 -3.314658e-02
58 -5.500551e-02 2.082179e-01 1.723399e-04 -6.459600e-04 -9.913103e+01 -9.861721e+01 -5.437240e-02 1.939549e-01
59 -4.190363e-02 -5.100327e-01 7.834502e-05 9.513296e-04 -9.949607e+01 -1.004228e+02 -4.163266e-02 -4.995126e-01
60 -7.733209e-02 -5.963453e-03 6.166760e-05 6.474274e-06 -9.979577e+01 -9.966186e+01 -7.730346e-02 -1.869436e-02
61 -5.956893e-02 1.345861e-01 2.211091e-05 -4.987591e-05 -9.999125e+01 -9.960409e+01 -5.955081e-02 1.332548e-01
62 -5.006986e-02 2.047121e-01 3.051988e-05 -1.245138e-04 -9.996298e+01 -9.945582e+01 -4.998068e-02 2.017313e-01
63 -5.357094e-02 -5.965551e-01 1.219098e-04 1.366590e-03 -9.935524e+01 -1.004482e+02 -5.314665e-02 -6.057753e-01
64 -4.783873e-02 1.879629e-01 3.621709e-04 -1.361428e-03 -9.860631e+01 -9.817257e+01 -4.688360e-02 1.397300e-01
65 -4.243635e-02 1.526402e-01 9.818023e-04 -2.497114e-03 -9.587197e+01 -9.565817e+01 -3.975779e-02 -6.287233e-02
66 -3.919262e-02 -2.776704e-01 2.144108e-03 1.485467e-02 -9.067545e+01 -9.108842e+01 -3.302223e-02 -2.210699e-01
67 -4.355226e-02 -2.438801e-01 3.645738e-03 2.269181e-02 -8.743832e+01 -8.788168e+01 -3.557016e-02 -3.126389e-01
68 -3.683480e-02 9.525260e-02 6.242444e-03 2.418900e-03 -7.321068e+01 -7.322875e+01 -1.532531e-02 -7.193844e-02
69 -4.979775e-02 -5.439143e-01 1.484129e-02 1.512589e-01 -5.812054e+01 -5.872761e+01 -1.150755e-02 -5.548805e-01
70 -4.256090e-02 2.478924e-01 1.381785e-02 2.305669e-03 -5.615421e+01 -5.617623e+01 -7.406047e-03 -1.843685e-01
71 -4.627398e-02 1.633304e-01 1.688306e-02 1.744699e-02 -5.118000e+01 -5.119453e+01 -7.430899e-03 -8.930548e-02
72 -3.890011e-02 -5.137528e-02 1.237338e-02 9.724045e-02 -5.788506e+01 -5.825030e+01 -4.297600e-03 -3.269924e-01
73 -4.518354e-02 -2.627534e-01 1.774620e-02 1.067543e-01 -4.673558e+01 -4.698524e+01 -4.609096e-03 -3.976747e-01
74 -1.176593e-01 -1.310587e+00 9.776881e-03 1.526648e-03 -6.955510e+01 -6.997909e+01 -7.464925e-02 -5.685031e-01
75 -5.499406e-02 2.737300e-01 3.073966e-04 -1.404486e-03 -9.874065e+01 -9.817495e+01 -5.452134e-02 1.541585e-01
76 -4.711736e-02 -2.619404e-01 2.185508e-04 1.212963e-03 -9.912802e+01 -9.955312e+01 -4.684423e-02 -2.580833e-01
77 -5.269760e-02 -3.293451e-01 8.006763e-05 4.997694e-04 -9.975212e+01 -1.003021e+02 -5.250632e-02 -3.256504e-01
78 -5.670409e-02 -2.099484e-01 2.069699e-05 7.717951e-05 -1.000042e+02 -1.003164e+02 -5.666809e-02 -2.186953e-01
79 -4.011864e-02 6.660532e-02 1.518274e-05 -2.516287e-05 -1.000100e+02 -9.979719e+01 -4.008032e-02 6.585113e-02
80 -4.051035e-02 -1.742460e-01 2.873269e-05 1.235915e-04 -9.994388e+01 -1.002110e+02 -4.041076e-02 -1.738584e-01
81 -3.862681e-02 -3.040707e-01 4.464339e-05 3.510712e-04 -9.984467e+01 -1.003732e+02 -3.851612e-02 -3.013249e-01
82 -4.366055e-02 4.927506e-01 7.764517e-05 -8.602941e-04 -9.973013e+01 -9.869586e+01 -4.353286e-02 4.388783e-01
83 -5.126786e-02 3.936024e-01 2.661728e-04 -1.901692e-03 -9.882517e+01 -9.804852e+01 -5.080819e-02 2.436960e-01
84 -3.075239e-02 -2.689482e-01 5.229667e-04 4.356222e-03 -9.647743e+01 -9.689146e+01 -2.974294e-02 -1.876954e-01
85 -4.909395e-02 -1.910442e-02 1.463247e-03 1.170270e-04 -9.252208e+01 -9.241547e+01 -4.665033e-02 3.315106e-02
86 -4.224887e-02 4.332117e-02 1.149645e-03 -8.390505e-04 -9.242308e+01 -9.230919e+01 -3.825580e-02 -2.873976e-02
87 -5.086733e-02 6.871451e-01 1.982627e-03 -2.237082e-02 -8.894611e+01 -8.799844e+01 -4.299575e-02 9.720765e-02
88 -3.631684e-02 7.403384e-02 1.497002e-03 -1.256245e-03 -8.952105e+01 -8.946232e+01 -2.934146e-02 -9.365747e-02
89 -6.267928e-02 -1.047445e-01 1.554957e-03 3.000775e-03 -9.433680e+01 -9.447467e+01 -5.721256e-02 -1.757323e-01
90 -5.717887e-02 2.164052e-01 2.159411e-04 -7.755558e-04 -9.918900e+01 -9.868968e+01 -5.650413e-02 1.511966e-01
91 -4.551401e-02 -1.426553e-01 2.355210e-05 7.385819e-05 -9.997442e+01 -1.001688e+02 -4.545161e-02 -1.429076e-01
92 -5.519220e-02 3.976241e-01 1.871566e-05 -1.344636e-04 -1.000048e+02 -9.910422e+01 -5.515265e-02 3.908235e-01
93 -4.930947e-02 -3.371345e-01 7.932818e-06 5.420857e-05 -1.000551e+02 -1.006298e+02 -4.928337e-02 -3.358759e-01
94 -5.128345e-02 -3.502785e-01 3.268645e-06 2.232139e-05 -1.000777e+02 -1.006754e+02 -5.127576e-02 -3.498255e-01
95 -4.983107e-02 1.505247e-01 1.302787e-06 -3.934725e-06 -1.000922e+02 -9.969162e+01 -4.982827e-02 1.503780e-01
96 -4.728126e-02 -1.869760e-01 2.323612e-06 9.190673e-06 -1.000844e+02 -1.003639e+02 -4.727433e-02 -1.871729e-01
97 -4.749744e-02 2.254032e-01 5.172291e-06 -2.450749e-05 -1.000781e+02 -9.953374e+01 -4.748778e-02 2.232637e-01
98 -4.145039e-02 6.451275e-02 1.421579e-05 -2.200048e-05 -1.000242e+02 -9.981381e+01 -4.141082e-02 6.227739e-02
99 -3.715957e-02 2.227626e-01 4.418612e-05 -2.635875e-04 -9.985351e+01 -9.933908e+01 -3.705332e-02 2.156211e-01
100 -3.066691e-02 -1.740177e-01 8.806588e-05 5.017672e-04 -9.962200e+01 -9.991019e+01 -3.043777e-02 -1.769675e-01
101 -4.513173e-02 -6.998708e-01 2.481988e-04 3.798683e-03 -9.882473e+01 -1.000834e+02 -4.442220e-02 -6.356866e-01
102 -4.218628e-02 2.442245e-01 3.961534e-04 -2.189410e-03 -9.745223e+01 -9.693809e+01 -4.026030e-02 1.715935e-01
103 -4.601473e-02 -5.617922e-01 7.930293e-04 8.864542e-03 -9.618379e+01 -9.700825e+01 -4.447054e-02 -3.011582e-01
104 -3.274504e-02 -3.880086e-01 5.362079e-04 6.159067e-03 -9.591368e+01 -9.654979e+01 -3.075278e-02 -2.962805e-01
105 -4.673471e-02 6.599459e-04 6.172390e-04 4.014428e-04 -9.691752e+01 -9.694093e+01 -4.413890e-02 -1.549613e-01
106 -4.328795e-02 -4.729291e-02 1.156990e-03 1.621599e-03 -9.503335e+01 -9.508992e+01 -4.040924e-02 -1.119006e-01
107 -5.601039e-02 -1.928673e-01 1.509870e-04 5.199979e-04 -9.954812e+01 -9.982021e+01 -5.540831e-02 -1.909850e-01
108 -4.739322e-02 -7.113291e-02 1.138860e-04 1.762972e-04 -9.954145e+01 -9.959750e+01 -4.701031e-02 -8.366161e-02
109 -5.711085e-02 -2.034349e-01 7.020992e-05 2.539354e-04 -9.972106e+01 -1.000249e+02 -5.683082e-02 -2.202289e-01
110 -4.422762e-02 -1.598488e-01 1.261596e-04 4.509030e-04 -9.938390e+01 -9.960655e+01 -4.379552e-02 -1.478071e-01
111 -7.178708e-02 4.380687e-01 4.326188e-05 -2.621869e-04 -9.980029e+01 -9.879604e+01 -7.141242e-02 4.180500e-01
112 -9.002452e-02 3.835354e-01 3.959537e-06 -1.686469e-05 -1.000882e+02 -9.914200e+01 -8.998933e-02 3.827992e-01
113 -5.223663e-02 5.164789e-02 1.218520e-06 -1.204281e-06 -1.000945e+02 -9.988684e+01 -5.223293e-02 5.151364e-02
114 -3.782685e-02 -8.057195e-02 6.713074e-07 1.429870e-06 -1.000863e+02 -1.001718e+02 -3.782464e-02 -8.055687e-02
115 -3.947783e-02 1.159658e-02 1.620354e-06 -4.741276e-07 -1.000868e+02 -9.998485e+01 -3.947263e-02 1.132445e-02
116 -5.333914e-02 -4.917375e-01 8.671233e-06 7.982987e-05 -1.000623e+02 -1.009360e+02 -5.330638e-02 -4.873522e-01
117 -5.182018e-02 2.660870e-02 2.769856e-05 -1.361535e-05 -9.995703e+01 -9.980491e+01 -5.172097e-02 1.979845e-02
118 -4.997016e-02 1.963577e-01 4.858389e-05 -1.878441e-04 -9.984094e+01 -9.936200e+01 -4.981123e-02 1.770033e-01
