0 -7.278870e-02 1.361131e-01 2.308416e-02 2.738236e-01 -1.012017e+01 -1.063620e+01 1.351423e-02 -1.181336e+00
1 -3.970731e-02 -1.275335e-01 1.902502e-01 7.650502e+01 -3.207028e-01 -3.560626e-01 3.024462e-01 9.824711e+01
2 5.024946e-02 5.871802e-01 3.123051e-01 2.559226e+01 -3.682065e-01 -3.823063e-01 5.470265e-01 6.364856e+01
3 -2.056716e-01 -6.965682e-01 2.309803e-01 3.128951e+01 -1.489752e+00 -1.804586e+00 2.768619e-01 6.951775e+01
4 -6.499323e-02 -2.486263e-02 2.319401e-01 4.754461e+00 -2.325229e+00 -2.385510e+00 3.860461e-01 1.506163e+01
5 -7.326095e-02 2.870274e-01 1.597243e-01 4.809109e+00 -6.134733e+00 -6.503700e+00 2.188690e-01 1.142979e+01
6 -7.027155e-02 1.540974e+00 7.795478e-02 4.090970e-01 -1.951359e+01 -1.969207e+01 7.796855e-02 -4.819957e-02
7 -5.873553e-02 5.951406e-01 2.523243e-02 5.047872e-02 -4.047741e+01 -4.058383e+01 -2.366505e-03 -3.855779e-01
8 -7.080997e-02 1.132555e+00 1.572359e-02 -2.782230e-02 -4.977588e+01 -4.957827e+01 -2.256919e-02 -3.068730e-02
9 -7.621773e-02 1.946358e+00 1.115217e-02 9.976295e-03 -6.241663e+01 -6.234371e+01 -4.502762e-02 -8.236142e-02
10 -6.923886e-02 3.961399e-01 7.501688e-03 -7.150101e-03 -7.138682e+01 -7.134196e+01 -5.080759e-02 -2.479587e-01
11 -4.736400e-02 9.236992e-02 1.100506e-02 1.158157e-02 -5.890925e+01 -5.893493e+01 -1.009542e-02 -2.572523e-02
12 -5.551394e-02 -3.835052e-01 4.413772e-02 3.749011e-02 -2.448621e+01 -2.450900e+01 3.531130e-02 -4.635890e-01
13 -4.991342e-02 -4.175287e-01 8.417548e-02 1.512634e+00 -8.248159e+00 -8.493838e+00 1.030241e-01 1.597395e+00
14 -4.214168e-02 1.191775e-01 1.121433e-01 5.015605e+00 -3.883800e+00 -4.020305e+00 1.690766e-01 1.275667e+01
15 -6.036548e-02 -1.815190e-01 6.192941e-02 1.948516e-01 -1.356913e+01 -1.353373e+01 5.403655e-02 -1.980760e-01
16 -4.151680e-02 -5.471694e-01 6.287173e-02 2.229530e+00 -1.041819e+01 -1.103881e+01 6.858132e-02 -2.928807e+00
17 -5.801646e-02 3.732554e-01 1.084234e-01 1.451911e+00 -7.755950e+00 -7.914669e+00 1.540380e-01 3.608220e+00
18 -5.974515e-02 1.143087e-01 6.294658e-02 1.182447e-01 -2.013552e+01 -2.024703e+01 6.368886e-02 -9.523526e-01
19 -5.100911e-02 3.986710e-01 2.862946e-02 7.053605e-02 -3.445968e+01 -3.453163e+01 4.465271e-03 -2.187058e-01
20 -9.424624e-02 5.992099e-01 2.242718e-02 1.739160e-02 -5.117214e+01 -5.127724e+01 -2.221153e-02 -3.972358e-01
21 -6.506632e-02 1.887606e+00 9.180621e-03 1.568493e-02 -6.701799e+01 -6.733926e+01 -3.556648e-02 -3.783727e-01
22 -5.680390e-02 2.666840e-01 6.214454e-03 2.958579e-03 -8.134511e+01 -8.133925e+01 -4.218721e-02 3.261424e-02
23 -6.436131e-02 6.301556e-01 2.956783e-03 -1.889613e-02 -8.874962e+01 -8.812146e+01 -5.707580e-02 -1.761432e-02
24 -6.743723e-02 3.731697e+00 6.790597e-04 4.957604e-02 -6.580310e+01 -6.984193e+01 -4.828714e-02 6.200525e+00
25 -1.145587e-01 2.910145e+00 8.814084e-04 2.015666e-02 -7.471506e+01 -8.177264e+01 -1.352727e-01 -1.190466e+00
26 -4.925825e-02 3.420313e-01 5.565594e-05 -3.751185e-04 -9.979220e+01 -9.905095e+01 -4.917168e-02 2.831833e-01
27 -6.022884e-02 -3.072221e-01 3.091822e-04 1.889352e-03 -9.759590e+01 -9.830180e+01 -6.027379e-02 -5.561297e-01
28 -4.881080e-02 -4.578104e-02 1.485948e-03 2.801616e-03 -9.339298e+01 -9.353320e+01 -4.432952e-02 -1.813738e-01
29 -4.147900e-02 -3.915234e-02 4.538835e-03 7.677531e-03 -8.184354e+01 -8.192524e+01 -3.106759e-02 -1.234374e-01
30 -4.587458e-02 2.597813e-01 5.733256e-03 -8.921617e-03 -8.021517e+01 -8.017137e+01 -2.939268e-02 -2.017902e-01
31 -5.599494e-02 4.934699e-01 8.112265e-03 -1.249268e-02 -7.532688e+01 -7.528556e+01 -3.476407e-02 -2.293806e-01
32 -4.102554e-02 -2.232126e-01 1.444580e-02 1.036742e-01 -5.662021e+01 -5.692992e+01 -4.973286e-03 -2.666404e-01
33 -5.070115e-02 -3.509233e-01 3.717379e-02 2.264758e-01 -3.302399e+01 -3.334996e+01 2.781639e-02 -6.689581e-01
34 -4.505790e-02 1.418837e-01 4.443948e-02 3.226312e-01 -1.659689e+01 -1.671191e+01 5.033648e-02 -1.017981e-01
35 -4.644727e-02 -1.922104e-01 7.775473e-02 1.392140e+00 -1.104103e+01 -1.129487e+01 1.023334e-01 1.890305e+00
36 -5.213792e-02 -7.279389e-02 8.337200e-02 1.628054e+00 -9.399173e+00 -9.721748e+00 9.995980e-02 2.839569e-01
37 -5.556754e-02 -6.519570e-01 6.743023e-02 1.125222e+00 -1.621029e+01 -1.671340e+01 7.301737e-02 -1.425496e+00
38 -4.143014e-02 2.327343e-01 8.478968e-02 2.984467e+00 -8.891794e+00 -9.279374e+00 1.161822e-01 5.451555e+00
39 -7.546436e-02 7.031307e-01 6.306530e-02 4.735571e-01 -1.983403e+01 -2.019325e+01 6.352959e-02 -1.544436e+00
40 -6.912047e-02 3.976692e-01 1.633712e-02 2.613716e-02 -5.720394e+01 -5.731646e+01 -1.353294e-02 -2.069109e-01
41 -7.930287e-02 2.305685e-01 3.670020e-03 -7.581712e-03 -8.869856e+01 -8.837474e+01 -5.882258e-02 -7.861842e-02
42 -5.593545e-02 -3.264850e-01 1.320698e-03 6.551613e-03 -9.304725e+01 -9.339078e+01 -5.161998e-02 -1.104114e-01
43 -3.754181e-02 1.449054e-01 3.458153e-04 -1.315549e-03 -9.779433e+01 -9.744380e+01 -3.690616e-02 1.296297e-01
44 -8.417739e-02 -9.473636e-02 2.626157e-04 2.949991e-04 -9.904216e+01 -9.906219e+01 -8.319496e-02 -9.160765e-02
45 -3.081581e-02 2.137624e-01 4.175198e-05 -2.877429e-04 -9.974107e+01 -9.925604e+01 -3.122734e-02 2.083590e-01
46 -6.236157e-02 -2.707201e-01 1.006418e-04 4.337577e-04 -9.970301e+01 -1.001101e+02 -6.190017e-02 -2.572376e-01
47 -4.602412e-02 9.102747e-02 1.740928e-04 -3.353223e-04 -9.921627e+01 -9.895344e+01 -4.565796e-02 7.653820e-02
48 -6.231941e-02 -1.563662e-01 9.815649e-04 3.833237e-03 -9.495836e+01 -9.541725e+01 -6.125428e-02 -3.909516e-01
49 -5.882375e-02 9.380044e-02 5.498503e-03 1.417125e-02 -7.996817e+01 -8.015193e+01 -4.176332e-02 -1.158655e-01
50 -4.874645e-02 -5.372212e-01 1.590775e-02 3.839554e-02 -5.430521e+01 -5.443087e+01 -5.773754e-03 -2.847969e-01
51 -4.133069e-02 -5.523241e-01 1.645220e-02 5.828183e-02 -4.381354e+01 -4.398149e+01 -5.993911e-03 -2.153210e-01
52 4.594439e-03 3.153495e-01 1.622968e-02 3.558021e-02 -5.137347e+01 -5.151306e+01 -1.030143e-02 -3.358284e-01
53 -7.968665e-02 -2.546002e-01 2.967385e-02 1.920107e-01 -4.103193e+01 -4.140123e+01 1.482256e-02 -6.432640e-01
54 -6.112607e-02 2.406064e-01 2.752627e-02 -1.300856e-03 -4.169694e+01 -4.166000e+01 9.230600e-03 -8.008211e-02
55 -4.977144e-02 -7.791623e-03 1.396172e-02 3.796197e-02 -5.622371e+01 -5.634404e+01 -1.891734e-02 -4.953982e-02
56 -5.144683e-02 2.035201e-01 3.012835e-03 -6.126777e-03 -8.562494e+01 -8.546010e+01 -4.307817e-02 -9.824433e-02
57 -6.600889e-02 4.616398e-01 5.108806e-04 -3.447328e-03 -9.804496e+01 -9.707125e+01 -6.450836e-02 3.597420e-01
58 -5.516597e-02 2.645058e-01 1.726124e-04 -8.181483e-04 -9.911951e+01 -9.849769e+01 -5.453419e-02 2.437978e-01
59 -4.236169e-02 -2.001937e-01 7.748091e-05 3.679433e-04 -9.950534e+01 -9.982329e+01 -4.209750e-02 -2.046126e-01
60 -7.654282e-02 -2.115428e-01 5.835011e-05 1.625412e-04 -9.980934e+01 -1.000855e+02 -7.651914e-02 -2.213537e-01
61 -5.945610e-02 1.267738e-01 2.063550e-05 -4.398300e-05 -9.999910e+01 -9.962710e+01 -5.943426e-02 1.264425e-01
62 -5.051469e-02 1.979259e-01 2.865631e-05 -1.119388e-04 -9.997479e+01 -9.948092e+01 -5.042493e-02 1.939791e-01
63 -5.332000e-02 -4.850633e-01 1.136736e-04 1.040347e-03 -9.941122e+01 -1.002795e+02 -5.289577e-02 -4.905006e-01
64 -4.721906e-02 1.464692e-01 3.369382e-04 -9.731656e-04 -9.870232e+01 -9.835885e+01 -4.637672e-02 8.813972e-02
65 -4.327746e-02 1.431973e-01 9.703174e-04 -2.115656e-03 -9.595951e+01 -9.577732e+01 -4.051182e-02 -9.206001e-02
66 -3.926027e-02 -4.206656e-01 2.137276e-03 2.159723e-02 -9.055835e+01 -9.117084e+01 -3.294650e-02 -2.743419e-01
67 -4.274762e-02 -2.396645e-01 3.525192e-03 2.223840e-02 -8.767013e+01 -8.812054e+01 -3.498012e-02 -3.354870e-01
68 -3.617847e-02 1.027857e-02 6.095015e-03 1.316581e-02 -7.324295e+01 -7.333166e+01 -1.510882e-02 -7.382445e-02
69 -4.970271e-02 -5.660911e-01 1.506167e-02 1.527582e-01 -5.755532e+01 -5.814710e+01 -1.075332e-02 -5.900287e-01
70 -4.279533e-02 2.678474e-01 1.419692e-02 -9.104419e-03 -5.519254e+01 -5.517668e+01 -6.358603e-03 -1.443955e-01
71 -4.651076e-02 3.844599e-01 1.755593e-02 1.217811e-02 -4.996076e+01 -4.998075e+01 -6.235466e-03 -8.816926e-02
72 -3.920471e-02 2.852016e-02 1.293929e-02 7.603087e-02 -5.657131e+01 -5.684540e+01 -2.897513e-03 -3.165014e-01
73 -4.548440e-02 1.548609e-01 1.825534e-02 6.402629e-02 -4.602751e+01 -4.622032e+01 -3.538312e-03 -4.797300e-01
74 -1.191621e-01 -1.756707e+00 9.397448e-03 1.150502e-02 -7.033179e+01 -7.062801e+01 -7.490840e-02 -3.016505e-01
75 -5.446008e-02 1.992327e-01 3.130908e-04 -1.012434e-03 -9.870531e+01 -9.829115e+01 -5.391644e-02 7.628892e-02
76 -4.699737e-02 -1.366898e-01 2.202305e-04 6.423300e-04 -9.910944e+01 -9.928912e+01 -4.668257e-02 -1.382324e-01
77 -5.213415e-02 -2.899127e-01 7.692286e-05 4.273047e-04 -9.975866e+01 -1.002316e+02 -5.195412e-02 -2.870561e-01
78 -5.713774e-02 -2.366184e-01 2.009656e-05 8.366167e-05 -1.000097e+02 -1.003734e+02 -5.709223e-02 -2.437850e-01
79 -3.990626e-02 2.578106e-01 1.467407e-05 -9.470007e-05 -1.000113e+02 -9.941736e+01 -3.986851e-02 2.559324e-01
80 -4.029591e-02 -1.450943e-01 2.849323e-05 1.024411e-04 -9.994306e+01 -1.001515e+02 -4.020007e-02 -1.434503e-01
81 -3.919249e-02 -3.141315e-01 4.629895e-05 3.706029e-04 -9.983780e+01 -1.003848e+02 -3.906815e-02 -3.106700e-01
82 -4.271263e-02 3.395477e-01 7.557132e-05 -5.860895e-04 -9.974030e+01 -9.901077e+01 -4.257037e-02 2.899830e-01
83 -5.174064e-02 7.450722e-01 2.587752e-04 -3.557875e-03 -9.888144e+01 -9.743215e+01 -5.127146e-02 5.546553e-01
84 -2.971220e-02 -2.114831e-03 4.993413e-04 -1.099314e-05 -9.651940e+01 -9.645474e+01 -2.879140e-02 1.523577e-02
85 -4.941138e-02 -2.265888e-02 1.513395e-03 2.421095e-04 -9.227722e+01 -9.217876e+01 -4.645319e-02 2.733759e-02
86 -4.226291e-02 8.838988e-02 1.198945e-03 -1.862230e-03 -9.201687e+01 -9.185764e+01 -3.780224e-02 -4.387369e-02
87 -4.970977e-02 4.072862e-01 2.009945e-03 -1.375727e-02 -8.847004e+01 -8.788727e+01 -4.156685e-02 8.638884e-03
88 -3.613862e-02 -3.904970e-02 1.564125e-03 2.879012e-03 -8.901461e+01 -8.910272e+01 -2.878721e-02 -1.187675e-01
89 -6.330373e-02 -7.436836e-03 1.593984e-03 6.574380e-04 -9.422406e+01 -9.418674e+01 -5.752346e-02 -1.018381e-01
90 -5.758729e-02 2.524428e-01 2.121910e-04 -8.887624e-04 -9.921782e+01 -9.864703e+01 -5.687701e-02 1.855170e-01
91 -4.553700e-02 -2.168877e-01 2.399109e-05 1.142218e-04 -9.997096e+01 -1.003130e+02 -4.547255e-02 -2.160725e-01
92 -5.485538e-02 1.795471e-01 1.892758e-05 -6.159343e-05 -1.000007e+02 -9.953638e+01 -5.481541e-02 1.732257e-01
93 -4.980146e-02 -3.713367e-01 7.940963e-06 5.918762e-05 -1.000561e+02 -1.006983e+02 -4.977348e-02 -3.702674e-01
94 -5.090000e-02 -2.387113e-01 3.154142e-06 1.478885e-05 -1.000776e+02 -1.004530e+02 -5.089241e-02 -2.383395e-01
95 -5.037492e-02 7.256361e-02 1.298382e-06 -1.869499e-06 -1.000934e+02 -9.984768e+01 -5.037206e-02 7.237747e-02
96 -4.724184e-02 -2.817829e-01 2.324838e-06 1.386845e-05 -1.000842e+02 -1.005534e+02 -4.723448e-02 -2.819232e-01
97 -4.703720e-02 1.689065e-01 4.945426e-06 -1.772754e-05 -1.000787e+02 -9.964808e+01 -4.702750e-02 1.671025e-01
98 -4.197841e-02 1.018840e-01 1.386248e-05 -3.351395e-05 -1.000279e+02 -9.974190e+01 -4.193734e-02 9.941168e-02
99 -3.658182e-02 1.417373e-01 4.216527e-05 -1.623331e-04 -9.985800e+01 -9.950567e+01 -3.647855e-02 1.359618e-01
100 -3.094404e-02 -2.084804e-01 8.829897e-05 5.970082e-04 -9.962156e+01 -9.997786e+01 -3.069934e-02 -2.112568e-01
101 -4.473684e-02 -5.960450e-01 2.471520e-04 3.249209e-03 -9.883517e+01 -9.989442e+01 -4.406285e-02 -5.410036e-01
102 -4.193739e-02 3.208457e-01 4.003812e-04 -2.946300e-03 -9.740622e+01 -9.674833e+01 -4.002408e-02 2.380225e-01
103 -4.607728e-02 -7.410904e-01 8.263371e-04 1.235690e-02 -9.601058e+01 -9.716338e+01 -4.438048e-02 -4.492460e-01
104 -3.242598e-02 -4.794481e-01 5.593395e-04 8.006072e-03 -9.569566e+01 -9.649292e+01 -3.030092e-02 -3.629844e-01
105 -4.624725e-02 -7.799759e-02 6.441872e-04 1.476492e-03 -9.669340e+01 -9.685744e+01 -4.357331e-02 -2.105912e-01
106 -4.376574e-02 -6.758194e-03 1.218261e-03 8.144691e-04 -9.480202e+01 -9.481330e+01 -4.071181e-02 -1.176860e-01
107 -5.622560e-02 -1.451140e-01 1.550651e-04 3.988601e-04 -9.953607e+01 -9.971074e+01 -5.559405e-02 -1.406312e-01
108 -4.670151e-02 2.310032e-02 1.184199e-04 -4.927717e-05 -9.951006e+01 -9.938578e+01 -4.628634e-02 1.383835e-03
109 -5.679835e-02 -9.099761e-02 7.416390e-05 1.225710e-04 -9.969227e+01 -9.977168e+01 -5.649410e-02 -1.068206e-01
110 -4.421989e-02 -2.256033e-01 1.328365e-04 6.741607e-04 -9.935036e+01 -9.970579e+01 -4.373651e-02 -2.161426e-01
111 -7.248315e-02 4.434473e-01 4.417209e-05 -2.684636e-04 -9.979834e+01 -9.878180e+01 -7.207439e-02 4.237134e-01
112 -9.001278e-02 6.142936e-01 4.124383e-06 -2.814178e-05 -1.000883e+02 -9.868092e+01 -8.997654e-02 6.133752e-01
113 -5.250959e-02 -4.238255e-02 1.242347e-06 1.003272e-06 -1.000948e+02 -1.000746e+02 -5.250544e-02 -4.251230e-02
114 -3.710826e-02 -3.885870e-02 6.627792e-07 6.941152e-07 -1.000853e+02 -1.000888e+02 -3.710610e-02 -3.888059e-02
115 -3.811384e-02 -2.025562e-01 1.607446e-06 8.543736e-06 -1.000841e+02 -1.004131e+02 -3.810857e-02 -2.026631e-01
116 -5.212679e-02 -6.643849e-01 8.301030e-06 1.057084e-04 -1.000621e+02 -1.012838e+02 -5.209662e-02 -6.605089e-01
117 -5.200673e-02 5.823547e-02 2.773943e-05 -3.053749e-05 -9.995737e+01 -9.974111e+01 -5.190034e-02 5.227157e-02
118 -4.970339e-02 1.830029e-01 5.004743e-05 -1.806895e-04 -9.982992e+01 -9.937978e+01 -4.954175e-02 1.613039e-01
