0 -7.148021e-02 1.268136e-01 2.277443e-02 5.972267e-01 -9.391287e+00 -1.001070e+01 1.440823e-02 2.640384e-01
1 -3.803874e-02 5.224391e-02 2.034414e-01 8.158704e+01 -2.311550e-01 -2.507014e-01 3.383672e-01 9.899933e+01
2 5.035954e-02 1.763481e-01 3.122557e-01 1.562132e+01 -3.584536e-01 -3.687893e-01 5.580262e-01 5.146316e+01
3 -2.137779e-01 -6.097810e-01 2.217733e-01 2.453618e+01 -1.596032e+00 -1.888217e+00 2.793658e-01 5.856071e+01
4 -6.476156e-02 -5.037611e-03 2.166060e-01 3.241927e+00 -2.745283e+00 -2.819153e+00 3.513464e-01 1.274020e+01
5 -7.284981e-02 -6.348641e-02 1.500247e-01 2.475441e+00 -7.127509e+00 -7.399533e+00 2.036399e-01 5.131727e+00
6 -6.744342e-02 1.346172e+00 6.731993e-02 2.086003e-01 -2.224044e+01 -2.239527e+01 6.426117e-02 -4.918447e-01
7 -6.036275e-02 5.176076e-01 2.262060e-02 2.407197e-02 -4.301478e+01 -4.302405e+01 -7.933846e-03 -9.931726e-02
8 -6.806369e-02 6.296175e-01 1.346292e-02 -3.639848e-02 -5.217119e+01 -5.192608e+01 -2.440569e-02 -4.685767e-02
9 -7.663590e-02 8.398556e-01 9.568694e-03 5.078740e-02 -6.542085e+01 -6.572896e+01 -4.774206e-02 -8.219900e-02
10 -6.700414e-02 -2.094367e-01 6.264563e-03 1.196953e-02 -7.429516e+01 -7.428904e+01 -5.073924e-02 3.015880e-02
11 -4.645652e-02 9.626082e-02 9.127049e-03 1.952671e-02 -6.244394e+01 -6.256934e+01 -1.341425e-02 -7.694927e-02
12 -5.600947e-02 -6.700934e-01 3.925418e-02 1.149782e-01 -2.575539e+01 -2.583711e+01 2.782745e-02 -4.089339e-01
13 -4.946495e-02 -8.242417e-02 8.313983e-02 1.864202e+00 -8.325717e+00 -8.616331e+00 1.023426e-01 2.137466e+00
14 -4.275326e-02 3.046709e-02 1.143995e-01 4.262029e+00 -3.741200e+00 -3.861286e+00 1.746411e-01 1.213318e+01
15 -6.056387e-02 -2.787225e-01 6.305344e-02 -3.488066e-03 -1.283395e+01 -1.281462e+01 5.602333e-02 -1.238163e+00
16 -4.307046e-02 -4.903103e-01 6.272743e-02 2.238253e+00 -9.337409e+00 -9.920441e+00 6.657177e-02 -2.392127e+00
17 -5.733547e-02 2.537781e-01 1.130707e-01 1.994166e+00 -7.011263e+00 -7.184709e+00 1.618388e-01 5.247578e+00
18 -5.869662e-02 3.184624e-01 6.150257e-02 9.861120e-02 -1.988259e+01 -1.995451e+01 6.064722e-02 -7.364917e-01
19 -5.039012e-02 4.889140e-01 2.785933e-02 3.459192e-02 -3.464823e+01 -3.465622e+01 2.215481e-03 -1.173816e-01
20 -9.926072e-02 8.521280e-01 2.188556e-02 2.504925e-02 -5.077401e+01 -5.079563e+01 -2.402592e-02 -1.661441e-01
21 -6.553128e-02 2.256491e+00 8.735435e-03 -3.535418e-02 -6.719869e+01 -6.696831e+01 -3.664865e-02 -2.413753e-01
22 -5.832708e-02 6.682485e-02 5.681222e-03 1.475695e-02 -8.272037e+01 -8.286854e+01 -4.443758e-02 4.218478e-02
23 -6.524224e-02 4.616099e-01 2.497286e-03 -1.088928e-02 -9.008855e+01 -8.964337e+01 -5.909903e-02 -6.071108e-02
24 -6.789205e-02 3.040025e+00 5.866545e-04 3.814815e-02 -6.775633e+01 -7.359838e+01 -4.848147e-02 5.337734e+00
25 -1.135374e-01 2.185841e+00 7.181773e-04 1.380502e-02 -7.781429e+01 -8.452633e+01 -1.317444e-01 -2.869967e+00
26 -4.868598e-02 4.128702e-02 4.536219e-05 -3.269714e-05 -9.985420e+01 -9.969911e+01 -4.859428e-02 5.147173e-03
27 -6.177577e-02 -6.100193e-01 2.559826e-04 2.747758e-03 -9.799995e+01 -9.927666e+01 -6.154154e-02 -8.332059e-01
28 -5.054848e-02 9.115684e-02 1.355143e-03 -1.460343e-03 -9.376263e+01 -9.360780e+01 -4.608040e-02 -1.113558e-02
29 -4.104102e-02 -2.080205e-01 4.372297e-03 1.727244e-02 -8.143525e+01 -8.159473e+01 -2.989188e-02 -5.444944e-02
30 -4.513696e-02 3.937169e-01 5.589572e-03 -2.025296e-02 -8.016862e+01 -8.002912e+01 -2.838218e-02 -1.913723e-01
31 -5.504721e-02 5.062710e-01 7.535322e-03 -1.905682e-03 -7.636427e+01 -7.650768e+01 -3.436063e-02 -3.558895e-01
32 -4.174823e-02 -5.994852e-02 1.344160e-02 2.624951e-02 -5.850106e+01 -5.858723e+01 -7.340588e-03 -1.926003e-01
33 -4.886605e-02 -3.974927e-01 3.429039e-02 1.539435e-01 -3.452180e+01 -3.472460e+01 2.357069e-02 -3.575225e-01
34 -4.508060e-02 2.036706e-01 4.346209e-02 4.346750e-01 -1.660293e+01 -1.681769e+01 4.918603e-02 -1.473273e-01
35 -4.597211e-02 1.365897e-02 7.999059e-02 1.549682e+00 -1.015590e+01 -1.038693e+01 1.060428e-01 2.167580e+00
36 -5.150158e-02 3.643345e-01 8.310474e-02 1.122369e+00 -8.860753e+00 -9.109927e+00 1.002698e-01 3.028183e-01
37 -5.565947e-02 -6.253582e-01 6.925886e-02 1.523455e+00 -1.461959e+01 -1.524254e+01 7.579548e-02 -1.334585e+00
38 -4.107316e-02 -4.947486e-02 8.697447e-02 2.595483e+00 -7.929049e+00 -8.228696e+00 1.206550e-01 5.132740e+00
39 -7.756413e-02 7.298819e-01 6.227691e-02 3.884115e-01 -1.984668e+01 -2.015233e+01 6.179563e-02 -1.549224e+00
40 -6.812339e-02 5.704685e-01 1.470436e-02 1.101382e-02 -5.930754e+01 -5.935866e+01 -1.524032e-02 -2.397737e-01
41 -8.088457e-02 4.294839e-02 3.669025e-03 -8.833242e-05 -8.851219e+01 -8.842197e+01 -5.869503e-02 -9.327706e-02
42 -5.714209e-02 -4.606607e-01 1.288821e-03 9.212691e-03 -9.316892e+01 -9.374626e+01 -5.220494e-02 -2.011947e-01
43 -3.966567e-02 -1.504761e-01 3.244069e-04 1.237273e-03 -9.799440e+01 -9.821524e+01 -3.889950e-02 -1.509552e-01
44 -7.952461e-02 -5.714838e-01 2.170763e-04 1.538557e-03 -9.917208e+01 -1.001176e+02 -7.885269e-02 -5.210243e-01
45 -3.371409e-02 4.218488e-03 4.126893e-05 -3.898656e-06 -9.979305e+01 -9.972126e+01 -3.390421e-02 -1.857943e-03
46 -5.862557e-02 -1.114044e-01 8.365549e-05 1.581946e-04 -9.975308e+01 -9.985610e+01 -5.829930e-02 -1.075579e-01
47 -4.514812e-02 -1.348141e-01 1.570002e-04 4.704342e-04 -9.927349e+01 -9.945342e+01 -4.475187e-02 -1.363849e-01
48 -6.049099e-02 1.399757e-01 8.123342e-04 -5.369648e-04 -9.596535e+01 -9.591542e+01 -5.916890e-02 -2.300948e-01
49 -5.918915e-02 8.588190e-01 4.801566e-03 -2.536276e-02 -8.163072e+01 -8.127177e+01 -4.377597e-02 -1.209195e-01
50 -4.914443e-02 -4.721905e-01 1.536967e-02 -2.469233e-03 -5.438255e+01 -5.439261e+01 -6.200018e-03 -2.285226e-01
51 -4.068285e-02 -7.938117e-01 1.707158e-02 8.006363e-02 -4.220846e+01 -4.238420e+01 -4.787321e-03 -3.535295e-01
52 4.405319e-03 2.131265e-01 1.754731e-02 5.673715e-02 -4.908849e+01 -4.922200e+01 -8.039077e-03 -2.367708e-01
53 -8.062910e-02 1.868290e-02 3.036724e-02 1.334549e-01 -3.918828e+01 -3.944677e+01 1.696082e-02 -5.903577e-01
54 -6.197916e-02 1.770249e-01 2.866413e-02 2.507804e-02 -4.018887e+01 -4.017246e+01 1.144313e-02 4.525669e-02
55 -5.020768e-02 1.364553e-01 1.381680e-02 1.697210e-02 -5.597467e+01 -5.608277e+01 -1.933575e-02 -1.844868e-01
56 -5.148809e-02 3.257898e-01 2.711147e-03 -1.052573e-02 -8.678195e+01 -8.648213e+01 -4.349849e-02 -7.581728e-02
57 -6.598061e-02 2.182192e-01 4.719667e-04 -1.453912e-03 -9.814113e+01 -9.764008e+01 -6.437574e-02 1.326182e-01
58 -5.417610e-02 9.246139e-02 1.678558e-04 -2.798269e-04 -9.909853e+01 -9.881638e+01 -5.351488e-02 7.876987e-02
59 -4.384345e-02 1.388145e-01 7.579548e-05 -2.349896e-04 -9.953173e+01 -9.917959e+01 -4.357615e-02 1.209821e-01
60 -7.467605e-02 2.493607e-01 5.107013e-05 -1.686987e-04 -9.983936e+01 -9.920300e+01 -7.466253e-02 2.334279e-01
61 -5.938242e-02 -2.597925e-01 1.762592e-05 7.697720e-05 -1.000153e+02 -1.004140e+02 -5.935689e-02 -2.569687e-01
62 -4.961019e-02 8.487773e-02 2.386934e-05 -4.060844e-05 -9.999463e+01 -9.972783e+01 -4.953481e-02 8.190441e-02
63 -5.209320e-02 -9.535776e-01 9.556540e-05 1.748183e-03 -9.952405e+01 -1.013135e+02 -5.167986e-02 -9.367205e-01
64 -4.745471e-02 -1.185962e-01 2.956437e-04 7.626507e-04 -9.889912e+01 -9.905439e+01 -4.663734e-02 -1.368485e-01
65 -4.426660e-02 1.652932e-01 9.215545e-04 -2.336039e-03 -9.616157e+01 -9.594986e+01 -4.149400e-02 -8.955527e-02
66 -3.979490e-02 -3.808958e-01 2.139733e-03 1.980817e-02 -9.027998e+01 -9.085687e+01 -3.276546e-02 -3.010291e-01
67 -4.126750e-02 -1.820033e-01 3.297786e-03 1.593968e-02 -8.806391e+01 -8.837431e+01 -3.367803e-02 -2.415701e-01
68 -3.560128e-02 2.949838e-01 5.881315e-03 -2.253618e-02 -7.341226e+01 -7.326908e+01 -1.464559e-02 -8.736683e-02
69 -5.034106e-02 -4.819019e-01 1.566591e-02 1.220634e-01 -5.648061e+01 -5.693245e+01 -9.377827e-03 -6.234863e-01
70 -4.282883e-02 -3.635187e-02 1.488785e-02 5.508277e-02 -5.319401e+01 -5.332176e+01 -4.315469e-03 -6.991009e-02
71 -4.664405e-02 2.777143e-01 1.897465e-02 3.916751e-02 -4.744676e+01 -4.754039e+01 -3.573070e-03 -1.933021e-01
72 -3.933269e-02 -1.247424e-02 1.408544e-02 8.158395e-02 -5.379851e+01 -5.403118e+01 -3.446947e-04 -3.088071e-01
73 -4.601196e-02 3.164384e-01 1.901688e-02 4.788994e-02 -4.463735e+01 -4.483075e+01 -1.373957e-03 -5.150500e-01
74 -1.247501e-01 -2.566960e+00 8.567697e-03 5.019517e-02 -7.213405e+01 -7.271005e+01 -7.350413e-02 -1.003076e-01
75 -5.346669e-02 2.653844e-01 3.252792e-04 -1.473074e-03 -9.863610e+01 -9.809393e+01 -5.283876e-02 1.406818e-01
76 -4.673169e-02 4.196184e-02 2.224170e-04 -1.910504e-04 -9.907376e+01 -9.890487e+01 -4.637248e-02 3.107660e-02
77 -5.288110e-02 -1.267237e-01 7.259631e-05 1.742322e-04 -9.977833e+01 -9.992635e+01 -5.268581e-02 -1.273609e-01
78 -5.648957e-02 -4.580403e-01 1.820814e-05 1.478473e-04 -1.000180e+02 -1.008231e+02 -5.644987e-02 -4.615152e-01
79 -3.918357e-02 4.613586e-02 1.341754e-05 -1.575989e-05 -1.000136e+02 -9.984357e+01 -3.914652e-02 4.542102e-02
80 -4.086523e-02 -2.989156e-01 2.856194e-05 2.085952e-04 -9.994377e+01 -1.004572e+02 -4.075634e-02 -2.953437e-01
81 -3.976869e-02 -3.126569e-01 4.907153e-05 3.855836e-04 -9.982158e+01 -1.003653e+02 -3.961934e-02 -3.104682e-01
82 -3.980981e-02 5.752303e-01 7.011736e-05 -1.000092e-03 -9.974810e+01 -9.855119e+01 -3.964214e-02 5.292261e-01
83 -5.081217e-02 8.527280e-01 2.340094e-04 -3.781491e-03 -9.899688e+01 -9.732778e+01 -5.033110e-02 6.704455e-01
84 -2.695653e-02 9.297178e-02 4.379769e-04 -1.363590e-03 -9.663101e+01 -9.643149e+01 -2.618083e-02 4.206960e-02
85 -4.945106e-02 4.257704e-02 1.601133e-03 -1.643932e-03 -9.177576e+01 -9.157989e+01 -4.620102e-02 4.921901e-02
86 -4.194563e-02 1.702308e-01 1.302332e-03 -4.496642e-03 -9.110414e+01 -9.080726e+01 -3.686589e-02 1.085174e-02
87 -4.839762e-02 7.853151e-02 2.112299e-03 -2.418566e-03 -8.740145e+01 -8.726159e+01 -3.968403e-02 -6.983013e-02
88 -3.689535e-02 -9.761202e-02 1.764388e-03 3.941960e-03 -8.792029e+01 -8.797127e+01 -2.812652e-02 5.726319e-03
89 -6.305653e-02 2.032708e-01 1.629728e-03 -4.504034e-03 -9.400940e+01 -9.361364e+01 -5.716520e-02 3.887854e-02
90 -5.802387e-02 3.907567e-01 2.017628e-04 -1.329711e-03 -9.928313e+01 -9.842545e+01 -5.734888e-02 3.388227e-01
91 -4.612086e-02 -1.254382e-01 2.520200e-05 6.859330e-05 -9.996410e+01 -1.001229e+02 -4.605137e-02 -1.257942e-01
92 -5.511419e-02 2.214554e-01 1.961825e-05 -7.846669e-05 -9.999376e+01 -9.944517e+01 -5.506265e-02 2.151915e-01
93 -5.026506e-02 1.001018e-01 7.782707e-06 -1.549743e-05 -1.000572e+02 -9.975662e+01 -5.023299e-02 9.997283e-02
94 -5.063927e-02 -2.451302e-02 2.920656e-06 1.411252e-06 -1.000786e+02 -1.000262e+02 -5.063148e-02 -2.424353e-02
95 -5.188396e-02 -2.207783e-01 1.288667e-06 5.483588e-06 -1.000967e+02 -1.004345e+02 -5.188066e-02 -2.207677e-01
96 -4.646400e-02 -1.853042e-01 2.289777e-06 9.133990e-06 -1.000824e+02 -1.003602e+02 -4.645610e-02 -1.855254e-01
97 -4.517065e-02 -7.711291e-02 4.381958e-06 7.493499e-06 -1.000781e+02 -1.001425e+02 -4.516162e-02 -7.789115e-02
98 -4.236763e-02 1.315332e-01 1.281145e-05 -3.965803e-05 -1.000342e+02 -9.968814e+01 -4.232891e-02 1.291181e-01
99 -3.672994e-02 1.526454e-01 3.927620e-05 -1.620787e-04 -9.987103e+01 -9.949731e+01 -3.662454e-02 1.457978e-01
100 -3.125120e-02 -1.457845e-01 8.755257e-05 4.099977e-04 -9.961928e+01 -9.984944e+01 -3.099215e-02 -1.479322e-01
101 -4.476040e-02 -4.993401e-01 2.484349e-04 2.740171e-03 -9.886585e+01 -9.974208e+01 -4.397695e-02 -4.579170e-01
102 -4.180014e-02 1.716245e-01 4.103236e-04 -1.481901e-03 -9.733009e+01 -9.699479e+01 -3.953104e-02 5.306986e-02
103 -4.635102e-02 -6.130506e-01 8.999428e-04 1.106866e-02 -9.563837e+01 -9.657265e+01 -4.421403e-02 -3.736321e-01
104 -3.257279e-02 -5.382072e-01 6.244922e-04 9.901420e-03 -9.521835e+01 -9.609672e+01 -2.990370e-02 -3.778660e-01
105 -4.589048e-02 3.223680e-02 7.145820e-04 -1.356856e-04 -9.617471e+01 -9.611051e+01 -4.274893e-02 -8.271203e-02
106 -4.540855e-02 9.574111e-02 1.371012e-03 -2.161203e-03 -9.428903e+01 -9.410918e+01 -4.165495e-02 -2.932004e-02
107 -5.623727e-02 -1.072511e-02 1.621538e-04 3.345889e-05 -9.950984e+01 -9.942292e+01 -5.558353e-02 -1.578175e-02
108 -4.555875e-02 1.803411e-01 1.289761e-04 -4.991442e-04 -9.944130e+01 -9.900842e+01 -4.509000e-02 1.548694e-01
109 -5.767238e-02 7.559650e-02 8.540207e-05 -1.088197e-04 -9.962925e+01 -9.937223e+01 -5.727031e-02 6.323129e-02
110 -4.354100e-02 -9.361414e-02 1.453022e-04 3.124026e-04 -9.927565e+01 -9.937496e+01 -4.299038e-02 -9.235212e-02
111 -7.024647e-02 6.933825e-01 4.344663e-05 -4.269685e-04 -9.978961e+01 -9.827973e+01 -6.988503e-02 6.717952e-01
112 -8.842946e-02 4.595633e-01 4.389408e-06 -2.280635e-05 -1.000854e+02 -9.899048e+01 -8.839113e-02 4.587401e-01
113 -5.225893e-02 1.349148e-01 1.262653e-06 -3.258744e-06 -1.000938e+02 -9.971963e+01 -5.225499e-02 1.346560e-01
114 -3.660838e-02 -1.117311e-01 6.568290e-07 2.004850e-06 -1.000852e+02 -1.002355e+02 -3.660595e-02 -1.117782e-01
115 -3.648316e-02 -3.248895e-01 1.620412e-06 1.442963e-05 -1.000810e+02 -1.006577e+02 -3.647769e-02 -3.247793e-01
116 -5.086076e-02 -5.705174e-01 7.702833e-06 8.634438e-05 -1.000642e+02 -1.011016e+02 -5.083192e-02 -5.678142e-01
117 -5.186959e-02 2.635340e-01 2.729123e-05 -1.380388e-04 -9.995836e+01 -9.933315e+01 -5.176050e-02 2.559671e-01
118 -5.007927e-02 1.474109e-01 5.396346e-05 -1.553081e-04 -9.980871e+01 -9.942789e+01 -4.987699e-02 1.273653e-01
