0 -7.074143e-02 3.687944e-02 2.367895e-02 9.938458e-01 -7.798321e+00 -8.290233e+00 1.515016e-02 -1.624277e+00
1 -3.370079e-02 -1.697777e-01 2.666802e-01 9.311481e+01 -6.765474e-02 -6.955878e-02 4.953462e-01 9.988212e+01
2 4.427897e-02 -4.214124e-01 3.527822e-01 -2.681575e+00 -2.599926e-01 -2.621402e-01 6.642422e-01 2.269731e+01
3 -2.356273e-01 -3.155873e-01 2.175777e-01 5.968705e+00 -1.744811e+00 -1.888019e+00 3.169581e-01 2.472081e+01
4 -6.418826e-02 8.929703e-01 1.829851e-01 2.609909e+00 -4.194133e+00 -4.314927e+00 2.792603e-01 7.586669e+00
5 -7.373994e-02 1.674183e-01 1.225339e-01 1.503104e+00 -1.096813e+01 -1.126012e+01 1.622739e-01 1.910519e+00
6 -6.128059e-02 3.137515e-01 4.367280e-02 -9.247213e-03 -2.939716e+01 -2.934954e+01 2.925173e-02 -2.112407e-01
7 -6.095374e-02 3.656530e-01 1.655511e-02 -6.943340e-03 -4.858033e+01 -4.850729e+01 -1.798131e-02 -8.469587e-02
8 -7.037970e-02 6.298975e-01 9.222434e-03 -3.032895e-02 -6.023441e+01 -6.005759e+01 -3.578624e-02 -1.641744e-01
9 -7.345121e-02 -1.397855e-01 5.367271e-03 1.040488e-02 -7.556001e+01 -7.557399e+01 -5.593528e-02 -7.131767e-02
10 -5.969886e-02 -1.168797e-01 3.536955e-03 5.491409e-03 -8.148250e+01 -8.154758e+01 -5.003850e-02 -1.550031e-01
11 -4.681266e-02 2.197802e-01 5.625928e-03 -2.487107e-03 -7.078806e+01 -7.084459e+01 -2.218723e-02 -2.390115e-01
12 -5.580044e-02 -2.778678e-01 2.854308e-02 -8.168813e-02 -2.945630e+01 -2.930163e+01 1.086878e-02 -3.310352e-02
13 -5.005268e-02 3.635436e-01 7.977463e-02 2.819043e+00 -9.017004e+00 -9.506633e+00 9.893160e-02 3.203618e+00
14 -4.454636e-02 1.311392e-01 1.248816e-01 7.058232e+00 -3.333284e+00 -3.508017e+00 1.871377e-01 2.099698e+01
15 -6.069709e-02 1.084365e-01 6.678736e-02 7.949066e-01 -1.099684e+01 -1.120896e+01 6.163988e-02 -3.071176e-01
16 -4.487712e-02 -4.123438e-01 6.697551e-02 5.019787e+00 -6.791865e+00 -7.430734e+00 7.261871e-02 6.243331e+00
17 -5.416881e-02 -8.329032e-02 1.264698e-01 1.668816e+00 -5.284565e+00 -5.386083e+00 1.835100e-01 5.308672e+00
18 -5.683412e-02 2.589902e-02 5.555019e-02 2.806641e-01 -1.940520e+01 -1.953858e+01 5.080360e-02 -2.176451e-01
19 -5.071893e-02 2.148142e+00 2.558512e-02 1.190355e-02 -3.509857e+01 -3.508979e+01 -4.375611e-03 -5.302984e-03
20 -1.118260e-01 9.088379e-01 2.018006e-02 1.212735e-01 -4.966871e+01 -5.007277e+01 -2.774438e-02 -2.638804e-01
21 -6.632760e-02 6.208366e-01 7.322140e-03 5.168275e-02 -6.839374e+01 -6.889481e+01 -4.017924e-02 -1.417849e-01
22 -6.145472e-02 1.552093e-02 4.065257e-03 1.329083e-02 -8.675569e+01 -8.709551e+01 -5.126167e-02 -1.872418e-01
23 -6.741473e-02 5.293005e-02 1.405057e-03 -2.283266e-04 -9.363966e+01 -9.353307e+01 -6.342079e-02 -2.680087e-02
24 -6.882637e-02 1.468938e+00 3.019298e-04 8.678507e-03 -7.982176e+01 -8.587912e+01 -5.823359e-02 -2.996363e+00
25 -1.051019e-01 2.950380e-01 3.304885e-04 4.685170e-03 -8.799239e+01 -9.296737e+01 -1.194972e-01 -5.226124e+00
26 -4.888582e-02 -2.331142e-01 2.467975e-05 1.184446e-04 -9.997545e+01 -1.003495e+02 -4.880941e-02 -2.415970e-01
27 -6.099325e-02 1.060436e+00 1.308384e-04 -2.137349e-03 -9.891846e+01 -9.693342e+01 -6.094738e-02 7.238808e-01
28 -5.536733e-02 6.681227e-01 9.895413e-04 -9.974703e-03 -9.477512e+01 -9.377527e+01 -5.088166e-02 1.964191e-01
29 -4.129164e-02 -4.195335e-03 4.111208e-03 -1.484652e-02 -8.008005e+01 -7.971781e+01 -2.713880e-02 5.546369e-02
30 -4.318115e-02 -2.041474e-01 5.427822e-03 2.280974e-02 -7.866706e+01 -7.887269e+01 -2.424555e-02 -1.505423e-01
31 -5.209047e-02 -3.931265e-01 6.060765e-03 4.371402e-02 -7.952161e+01 -8.000760e+01 -3.396130e-02 -2.059650e-01
32 -4.173147e-02 2.283720e-01 1.108335e-02 -2.413392e-02 -6.231786e+01 -6.219557e+01 -1.133500e-02 -1.188804e-01
33 -4.611034e-02 6.269613e-01 2.673257e-02 5.026420e-02 -3.955249e+01 -3.969180e+01 1.303594e-02 -4.251688e-01
34 -4.515493e-02 -1.270305e-01 4.045612e-02 8.456773e-01 -1.717352e+01 -1.757549e+01 4.535125e-02 -4.792825e-01
35 -4.437756e-02 -1.910425e-01 8.591423e-02 1.418509e+00 -8.216611e+00 -8.400201e+00 1.164682e-01 2.086770e+00
36 -5.158782e-02 3.811409e-01 8.655834e-02 4.553779e-01 -7.466551e+00 -7.553057e+00 1.094660e-01 -1.759974e-01
37 -5.559708e-02 3.218558e-02 7.666005e-02 1.335787e+00 -1.097011e+01 -1.145349e+01 8.582147e-02 -1.819162e+00
38 -4.143433e-02 -1.804765e-01 9.677928e-02 4.991731e+00 -5.752217e+00 -6.075663e+00 1.377697e-01 1.173874e+01
39 -8.316622e-02 1.026536e-01 5.947314e-02 5.354668e-01 -2.044833e+01 -2.082706e+01 5.655187e-02 -1.269627e+00
40 -6.257466e-02 -2.021558e-01 1.031751e-02 1.644071e-02 -6.512142e+01 -6.517501e+01 -1.983165e-02 -1.172553e-01
41 -8.688251e-02 1.997591e-01 3.726728e-03 -4.898880e-03 -8.812521e+01 -8.789590e+01 -5.910517e-02 -1.003324e-01
42 -5.726326e-02 -9.120361e-02 1.081966e-03 1.440393e-03 -9.377056e+01 -9.377725e+01 -5.231411e-02 2.727543e-03
43 -4.611985e-02 -1.408022e-01 2.539741e-04 7.282884e-04 -9.851775e+01 -9.867145e+01 -4.529094e-02 -9.079669e-02
44 -6.669278e-02 -2.452590e-01 1.232453e-04 4.445967e-04 -9.946070e+01 -9.979789e+01 -6.650115e-02 -2.174888e-01
45 -3.841903e-02 5.674353e-02 3.704816e-05 -5.352698e-05 -9.986776e+01 -9.968270e+01 -3.833314e-02 4.927373e-02
46 -4.963192e-02 2.338118e-01 4.873403e-05 -2.281654e-04 -9.986915e+01 -9.930925e+01 -4.947603e-02 2.244948e-01
47 -4.339836e-02 -8.484301e-02 1.137427e-04 2.263895e-04 -9.945159e+01 -9.954002e+01 -4.301384e-02 -9.299064e-02
48 -5.593388e-02 6.004902e-01 4.927168e-04 -4.737504e-03 -9.769088e+01 -9.664101e+01 -5.423000e-02 2.664459e-01
49 -6.018165e-02 6.168699e-01 3.180516e-03 -4.247166e-03 -8.627252e+01 -8.636082e+01 -4.931671e-02 -2.881520e-01
50 -5.043495e-02 -4.306895e-02 1.364211e-02 1.248290e-02 -5.533024e+01 -5.551134e+01 -7.481454e-03 -3.983378e-01
51 -3.747526e-02 -8.530125e-01 1.844543e-02 1.154808e-02 -3.855792e+01 -3.855754e+01 -1.103352e-03 -8.127631e-02
52 2.827467e-03 5.105164e-02 2.078934e-02 1.465733e-01 -4.305936e+01 -4.339992e+01 -1.967961e-03 -4.164299e-01
53 -7.952998e-02 -2.172962e-01 3.221034e-02 1.877115e-01 -3.431720e+01 -3.463317e+01 2.201706e-02 -8.298674e-01
54 -6.527263e-02 1.441378e-01 3.171960e-02 -4.254240e-03 -3.655536e+01 -3.650278e+01 1.667967e-02 -1.109971e-02
55 -5.204511e-02 3.982730e-03 1.309410e-02 5.189743e-02 -5.630836e+01 -5.655949e+01 -2.102480e-02 -1.743542e-01
56 -5.157095e-02 1.879433e-01 1.925294e-03 -6.150282e-03 -9.024727e+01 -8.988848e+01 -4.457683e-02 7.251364e-02
57 -6.371250e-02 -1.490011e-01 3.851342e-04 9.374394e-04 -9.816401e+01 -9.835481e+01 -6.221767e-02 -1.782291e-01
58 -5.338861e-02 1.411399e-01 1.540941e-04 -4.013625e-04 -9.909183e+01 -9.871475e+01 -5.265016e-02 1.269391e-01
59 -4.715196e-02 4.330722e-02 6.571940e-05 -5.730764e-05 -9.963415e+01 -9.946269e+01 -4.687320e-02 3.013698e-02
60 -6.985594e-02 5.139769e-01 3.278243e-05 -2.395217e-04 -9.992405e+01 -9.877196e+01 -6.984595e-02 4.926169e-01
61 -5.858322e-02 -2.547906e-01 1.049791e-05 4.565378e-05 -1.000503e+02 -1.004425e+02 -5.855839e-02 -2.545545e-01
62 -4.653958e-02 -5.116421e-02 1.347305e-05 1.487767e-05 -1.000340e+02 -1.000441e+02 -4.649124e-02 -5.247125e-02
63 -4.701248e-02 -1.139956e+00 5.360718e-05 1.296771e-03 -9.977569e+01 -1.019438e+02 -4.680303e-02 -1.117454e+00
64 -4.618542e-02 1.933001e-02 1.900194e-04 -5.179547e-05 -9.932997e+01 -9.922637e+01 -4.558233e-02 -1.913465e-02
65 -4.679314e-02 5.558583e-01 7.640471e-04 -7.850957e-03 -9.678608e+01 -9.589508e+01 -4.426119e-02 1.697825e-01
66 -4.121939e-02 -3.112764e-01 2.157079e-03 1.585398e-02 -8.939819e+01 -8.985662e+01 -3.275620e-02 -2.659419e-01
67 -4.173437e-02 2.039391e-02 3.160369e-03 1.081313e-03 -8.818798e+01 -8.818132e+01 -3.352693e-02 -8.684290e-02
68 -3.610424e-02 3.299431e-01 5.541655e-03 -2.684142e-02 -7.423566e+01 -7.411436e+01 -1.467875e-02 -2.456771e-01
69 -5.067675e-02 -2.071214e-01 1.672653e-02 1.358290e-01 -5.442888e+01 -5.487274e+01 -6.122681e-03 -3.822526e-01
70 -4.349720e-02 -4.518124e-01 1.686264e-02 3.258842e-02 -4.808973e+01 -4.813761e+01 1.005845e-03 -7.630001e-02
71 -4.767063e-02 -2.788616e-01 2.319305e-02 1.365784e-01 -4.118761e+01 -4.144404e+01 3.601889e-03 -4.439753e-01
72 -3.916924e-02 -2.070354e-02 1.717330e-02 1.628182e-01 -4.642276e+01 -4.683575e+01 6.381265e-03 -5.769164e-01
73 -4.962818e-02 5.232708e-02 2.179736e-02 1.540482e-01 -4.156821e+01 -4.199867e+01 4.479052e-03 -7.468228e-01
74 -1.388317e-01 -2.870437e+00 6.559089e-03 1.255860e-01 -7.833572e+01 -8.040102e+01 -7.113596e-02 3.929327e-01
75 -4.985850e-02 1.874831e-01 3.467205e-04 -1.163429e-03 -9.848183e+01 -9.809091e+01 -4.889198e-02 7.714052e-02
76 -4.678207e-02 1.280667e-02 2.232199e-04 -5.089484e-05 -9.900585e+01 -9.889616e+01 -4.627144e-02 2.413654e-04
77 -5.311444e-02 2.780150e-01 5.650979e-05 -2.943511e-04 -9.983673e+01 -9.918144e+01 -5.294435e-02 2.691013e-01
78 -5.459768e-02 -2.772124e-01 1.324597e-05 6.742846e-05 -1.000355e+02 -1.004833e+02 -5.456003e-02 -2.812878e-01
79 -4.163401e-02 7.787168e-02 1.103963e-05 -2.061626e-05 -1.000288e+02 -9.979045e+01 -4.159851e-02 7.708045e-02
80 -4.083890e-02 -1.690823e-01 2.700520e-05 1.117630e-04 -9.994499e+01 -1.002008e+02 -4.071858e-02 -1.681796e-01
81 -4.067868e-02 -1.745788e-01 5.568342e-05 2.389786e-04 -9.977506e+01 -1.000420e+02 -4.047916e-02 -1.737377e-01
82 -3.427281e-02 -1.696584e-01 6.291794e-05 3.117263e-04 -9.970695e+01 -9.997724e+01 -3.405726e-02 -1.694674e-01
83 -4.864460e-02 -1.906626e-01 1.814266e-04 7.532806e-04 -9.925445e+01 -9.958004e+01 -4.813000e-02 -2.501727e-01
84 -2.333463e-02 -3.046425e-01 3.299303e-04 4.103965e-03 -9.706422e+01 -9.756151e+01 -2.307444e-02 -2.218604e-01
85 -4.985948e-02 -1.575585e-01 1.802044e-03 4.462202e-03 -9.060267e+01 -9.069345e+01 -4.530820e-02 -3.435263e-02
86 -4.241836e-02 2.746871e-01 1.672480e-03 -8.169638e-03 -8.837469e+01 -8.804229e+01 -3.444617e-02 -8.115596e-02
87 -5.184001e-02 -2.806953e-01 2.737781e-03 1.814407e-02 -8.412694e+01 -8.469074e+01 -3.874465e-02 -4.205469e-01
88 -3.675392e-02 -2.210928e-01 2.281620e-03 1.039299e-02 -8.485930e+01 -8.500404e+01 -2.511019e-02 2.409042e-02
89 -6.301690e-02 -3.722820e-02 1.671375e-03 1.146428e-03 -9.363727e+01 -9.361023e+01 -5.659078e-02 -6.167365e-02
90 -5.884349e-02 2.855646e-01 1.711607e-04 -8.240596e-04 -9.946746e+01 -9.879226e+01 -5.820012e-02 2.695101e-01
91 -4.899748e-02 -2.640647e-01 2.941266e-05 1.586269e-04 -9.994422e+01 -1.003744e+02 -4.888966e-02 -2.645872e-01
92 -5.498563e-02 1.821941e-01 2.054590e-05 -6.788701e-05 -9.997363e+01 -9.950187e+01 -5.490424e-02 1.788727e-01
93 -5.160399e-02 -7.175832e-02 6.885422e-06 9.564167e-06 -1.000626e+02 -1.001026e+02 -5.157268e-02 -7.124754e-02
94 -4.914416e-02 -2.508834e-01 2.160798e-06 1.102910e-05 -1.000805e+02 -1.004837e+02 -4.913765e-02 -2.505934e-01
95 -5.321402e-02 1.312642e-01 1.154047e-06 -2.844750e-06 -1.000999e+02 -9.973134e+01 -5.321069e-02 1.307134e-01
96 -4.356790e-02 7.951638e-05 2.167072e-06 -5.918005e-10 -1.000753e+02 -9.998828e+01 -4.355967e-02 -3.259090e-04
97 -4.070294e-02 -1.042830e-01 3.130560e-06 8.025393e-06 -1.000758e+02 -1.002032e+02 -4.069472e-02 -1.046314e-01
98 -4.260978e-02 -1.294955e-01 9.847773e-06 2.998168e-05 -1.000475e+02 -1.002221e+02 -4.257636e-02 -1.307735e-01
99 -3.787431e-02 -1.445888e-01 3.136313e-05 1.197634e-04 -9.991068e+01 -1.001239e+02 -3.776827e-02 -1.444223e-01
100 -3.234230e-02 -1.901585e-01 8.401625e-05 4.961887e-04 -9.960753e+01 -9.992479e+01 -3.203098e-02 -1.932974e-01
101 -4.370256e-02 -1.350365e-01 2.417464e-04 7.547062e-04 -9.896103e+01 -9.914704e+01 -4.291330e-02 -1.405696e-01
102 -3.916432e-02 5.177099e-01 4.020935e-04 -4.995254e-03 -9.727233e+01 -9.631369e+01 -3.679581e-02 3.251528e-01
103 -4.618090e-02 -2.280012e-01 1.081957e-03 4.708384e-03 -9.463131e+01 -9.488431e+01 -4.305844e-02 -1.052516e-01
104 -3.229717e-02 -1.979664e-01 8.057532e-04 3.994065e-03 -9.382716e+01 -9.400097e+01 -2.820605e-02 1.518175e-03
105 -4.414089e-02 -1.517781e-01 9.291253e-04 3.289342e-03 -9.445792e+01 -9.467479e+01 -3.963133e-02 -1.541413e-01
106 -4.946698e-02 -3.097259e-01 1.818137e-03 1.160223e-02 -9.274054e+01 -9.324388e+01 -4.374088e-02 -3.060964e-01
107 -5.604378e-02 -1.382857e-02 1.783530e-04 4.723448e-05 -9.944077e+01 -9.936101e+01 -5.532746e-02 -1.974244e-02
108 -4.353816e-02 -1.475779e-01 1.620659e-04 5.600218e-04 -9.923913e+01 -9.945652e+01 -4.282897e-02 -1.619888e-01
109 -5.646341e-02 -5.630856e-01 1.163245e-04 1.155375e-03 -9.941689e+01 -1.004139e+02 -5.586148e-02 -5.430768e-01
110 -4.245576e-02 -1.200201e-01 1.827519e-04 5.219207e-04 -9.905911e+01 -9.921731e+01 -4.168478e-02 -1.248653e-01
111 -6.996784e-02 -1.228893e-01 4.247787e-05 7.439682e-05 -9.979543e+01 -9.989954e+01 -6.960594e-02 -1.202145e-01
112 -8.529038e-02 6.769650e-02 5.025919e-06 -3.986549e-06 -1.000805e+02 -9.977485e+01 -8.524594e-02 6.739551e-02
113 -5.295486e-02 3.350735e-01 1.275562e-06 -8.070542e-06 -1.000941e+02 -9.931823e+01 -5.295017e-02 3.348876e-01
114 -3.482735e-02 1.836820e-01 5.967357e-07 -3.147001e-06 -1.000850e+02 -9.964801e+01 -3.482481e-02 1.835856e-01
115 -3.423595e-02 5.571870e-02 1.687487e-06 -2.746093e-06 -1.000765e+02 -9.989662e+01 -3.422960e-02 5.567405e-02
116 -4.721742e-02 3.730009e-01 6.102238e-06 -4.817168e-05 -1.000681e+02 -9.922897e+01 -4.719445e-02 3.712510e-01
117 -5.106746e-02 3.993301e-02 2.445602e-05 -1.857699e-05 -9.996852e+01 -9.979132e+01 -5.095635e-02 3.304723e-02
118 -5.067067e-02 -9.434283e-02 6.288841e-05 1.182171e-04 -9.975571e+01 -9.984635e+01 -5.038442e-02 -9.915829e-02
