0 -6.985266e-02 -6.571227e-02 2.370691e-02 7.656242e-01 -7.207184e+00 -7.461149e+00 1.188580e-02 -4.319706e+00
1 -3.161554e-02 -4.214174e-01 2.939968e-01 9.588936e+01 -3.243126e-02 -3.288275e-02 5.512750e-01 9.995969e+01
2 4.077603e-02 -2.660391e-01 3.735871e-01 8.129129e+00 -1.985241e-01 -2.006399e-01 6.945351e-01 3.845367e+01
3 -2.439532e-01 7.037291e-01 2.232495e-01 -4.217402e+00 -1.729110e+00 -1.776271e+00 3.391224e-01 6.672114e+00
4 -6.454894e-02 9.829267e-01 1.702193e-01 1.910533e+00 -4.915093e+00 -5.044366e+00 2.539163e-01 5.283834e+00
5 -7.315197e-02 1.676086e-02 1.088691e-01 9.303795e-01 -1.302366e+01 -1.326566e+01 1.403675e-01 6.768491e-01
6 -5.687895e-02 -3.932057e-01 3.556965e-02 -3.917770e-02 -3.184889e+01 -3.171662e+01 1.700454e-02 1.500456e-01
7 -6.275097e-02 6.320307e-01 1.486375e-02 -1.012063e-02 -5.090362e+01 -5.088824e+01 -2.065795e-02 -2.150688e-01
8 -7.105276e-02 9.416933e-02 7.513761e-03 -1.178961e-02 -6.419136e+01 -6.398976e+01 -4.152392e-02 -2.696640e-02
9 -7.166409e-02 6.899352e-02 3.955882e-03 -1.076974e-02 -8.023978e+01 -7.971836e+01 -6.034611e-02 -6.844073e-02
10 -5.911582e-02 6.313656e-01 2.843895e-03 -2.314713e-02 -8.389305e+01 -8.311593e+01 -5.048201e-02 6.953885e-02
11 -4.818421e-02 -5.005274e-01 4.681971e-03 4.162360e-02 -7.325053e+01 -7.375045e+01 -2.550724e-02 -2.174579e-01
12 -5.543683e-02 -4.684601e-03 2.502570e-02 -1.126556e-01 -3.121120e+01 -3.104021e+01 6.135390e-03 -2.683657e-01
13 -5.049486e-02 -2.276529e-02 7.740888e-02 2.829634e+00 -9.514479e+00 -1.004901e+01 9.512837e-02 2.629158e+00
14 -4.487447e-02 2.182614e-02 1.277354e-01 8.632934e+00 -3.164701e+00 -3.363125e+00 1.881211e-01 2.521979e+01
15 -6.047314e-02 1.582479e-01 6.867703e-02 9.695682e-01 -1.026775e+01 -1.046020e+01 6.347510e-02 1.775434e-02
16 -4.464193e-02 -4.025720e-01 7.137846e-02 6.365326e+00 -5.816401e+00 -6.388795e+00 8.088824e-02 1.165699e+01
17 -5.413120e-02 1.084680e-01 1.338028e-01 6.204502e-01 -4.707897e+00 -4.761837e+00 1.938764e-01 2.998440e+00
18 -5.555902e-02 5.455915e-02 5.282770e-02 2.653112e-01 -1.928750e+01 -1.945530e+01 4.642571e-02 -3.124157e-01
19 -5.010505e-02 2.433005e+00 2.453858e-02 7.840124e-02 -3.515602e+01 -3.527608e+01 -7.229744e-03 -3.243431e-02
20 -1.168587e-01 1.803876e+00 1.941458e-02 3.091935e-02 -4.929033e+01 -4.933021e+01 -2.918410e-02 -5.341372e-02
21 -6.731877e-02 6.629651e-01 6.673407e-03 4.709038e-02 -6.919759e+01 -6.961360e+01 -4.232270e-02 -2.343121e-02
22 -6.252200e-02 1.260565e-01 3.397566e-03 4.264257e-03 -8.850688e+01 -8.865846e+01 -5.414581e-02 -1.680364e-01
23 -6.820536e-02 -6.067226e-02 1.052248e-03 1.284725e-03 -9.496757e+01 -9.502013e+01 -6.485869e-02 -1.001413e-01
24 -6.615093e-02 8.116467e-01 2.013058e-04 3.799250e-03 -8.626724e+01 -9.085079e+01 -6.378401e-02 -4.498504e+00
25 -1.025699e-01 -3.556101e-01 2.234533e-04 3.131948e-03 -9.186187e+01 -9.610788e+01 -1.128871e-01 -4.621178e+00
26 -4.860464e-02 -1.442781e-01 1.843107e-05 5.508765e-05 -1.000049e+02 -1.002000e+02 -4.854066e-02 -1.499825e-01
27 -6.036512e-02 5.711644e-01 9.620969e-05 -8.202531e-04 -9.921017e+01 -9.817189e+01 -6.029425e-02 2.621423e-01
28 -5.666507e-02 7.091615e-01 8.388856e-04 -8.478020e-03 -9.521428e+01 -9.422268e+01 -5.276828e-02 1.155934e-01
29 -4.213749e-02 -9.919472e-02 4.098132e-03 -7.483717e-03 -7.951871e+01 -7.924506e+01 -2.666783e-02 6.645672e-02
30 -4.361188e-02 -2.997955e-01 5.632509e-03 2.379548e-02 -7.746212e+01 -7.757470e+01 -2.292377e-02 2.275071e-02
31 -5.032192e-02 -4.091056e-01 5.473457e-03 4.294327e-02 -8.065991e+01 -8.118740e+01 -3.322424e-02 -2.183850e-01
32 -4.247815e-02 -4.232375e-02 1.064467e-02 8.531977e-02 -6.343544e+01 -6.380904e+01 -1.223617e-02 -1.167298e-01
33 -4.466416e-02 9.061468e-04 2.374671e-02 1.428730e-01 -4.188687e+01 -4.213420e+01 9.040997e-03 -2.364864e-01
34 -4.473293e-02 -1.485655e-01 3.850049e-02 5.356913e-01 -1.767676e+01 -1.799482e+01 4.260631e-02 -8.812953e-01
35 -4.418285e-02 -2.848297e-01 8.925276e-02 2.477149e+00 -7.579450e+00 -7.849693e+00 1.216352e-01 4.481005e+00
36 -5.188212e-02 3.103415e-01 9.062831e-02 3.572909e-01 -6.873303e+00 -6.981112e+00 1.184187e-01 5.378151e-01
37 -5.564433e-02 7.586677e-02 8.006399e-02 1.157677e+00 -9.680807e+00 -1.002651e+01 8.999815e-02 -1.738691e+00
38 -4.242003e-02 1.377397e-01 1.013806e-01 6.922549e+00 -5.009843e+00 -5.349670e+00 1.453214e-01 1.635034e+01
39 -8.594873e-02 -1.505669e-01 5.802958e-02 5.763226e-01 -2.094466e+01 -2.135587e+01 5.390722e-02 -1.295998e+00
40 -5.849271e-02 -4.010297e-01 8.631686e-03 1.607210e-02 -6.733864e+01 -6.729989e+01 -2.113387e-02 -2.609081e-03
41 -8.884883e-02 -1.779224e-01 3.719432e-03 7.994838e-03 -8.810184e+01 -8.828163e+01 -5.911627e-02 -1.369744e-01
42 -5.652424e-02 2.628219e-01 9.694096e-04 -3.675275e-03 -9.412572e+01 -9.368797e+01 -5.189934e-02 4.961906e-02
43 -4.919765e-02 -5.233757e-01 2.229657e-04 2.315805e-03 -9.871680e+01 -9.960542e+01 -4.841634e-02 -4.449631e-01
44 -6.280525e-02 6.668729e-02 9.846918e-05 -1.024296e-04 -9.955709e+01 -9.930443e+01 -6.261607e-02 5.869879e-02
45 -3.927031e-02 1.239515e-01 3.544102e-05 -1.110717e-04 -9.987303e+01 -9.955077e+01 -3.914645e-02 1.183256e-01
46 -4.593489e-02 -9.060044e-02 3.847382e-05 7.616954e-05 -9.990515e+01 -9.999567e+01 -4.581843e-02 -9.238151e-02
47 -4.194748e-02 1.302726e-01 9.593449e-05 -2.909863e-04 -9.952762e+01 -9.919712e+01 -4.158637e-02 1.114443e-01
48 -5.310451e-02 7.386134e-01 3.976178e-04 -5.241355e-03 -9.807250e+01 -9.666811e+01 -5.150697e-02 5.083515e-01
49 -6.082442e-02 9.707409e-01 2.655520e-03 -1.598730e-02 -8.815548e+01 -8.787216e+01 -5.147617e-02 -2.903110e-01
50 -5.084736e-02 -2.028819e-01 1.281902e-02 -2.418707e-02 -5.604166e+01 -5.605683e+01 -8.719227e-03 -3.089161e-01
51 -3.552251e-02 -9.043142e-01 1.883600e-02 -5.628271e-02 -3.729550e+01 -3.719582e+01 7.310542e-04 -5.483773e-02
52 1.723171e-03 2.327382e-01 2.197640e-02 7.402644e-02 -4.062411e+01 -4.083000e+01 5.791894e-04 -4.997582e-01
53 -7.920557e-02 1.590940e-01 3.306878e-02 2.800691e-01 -3.232942e+01 -3.277544e+01 2.372973e-02 -1.052331e+00
54 -6.645158e-02 1.289486e-01 3.293007e-02 -2.548960e-02 -3.521091e+01 -3.513530e+01 1.882916e-02 1.625671e-02
55 -5.392552e-02 4.939173e-01 1.277989e-02 -9.818515e-03 -5.685145e+01 -5.686226e+01 -2.222809e-02 -1.034380e-01
56 -5.115756e-02 4.142587e-02 1.630005e-03 -1.069613e-03 -9.167863e+01 -9.154074e+01 -4.479309e-02 -2.450577e-02
57 -6.287139e-02 3.471002e-01 3.611655e-04 -1.908541e-03 -9.814397e+01 -9.739581e+01 -6.138475e-02 2.565802e-01
58 -5.348509e-02 1.019769e-01 1.471267e-04 -2.746142e-04 -9.911100e+01 -9.881156e+01 -5.273375e-02 8.785777e-02
59 -4.820926e-02 -4.286745e-02 5.986845e-05 5.658929e-05 -9.968555e+01 -9.968562e+01 -4.795300e-02 -5.858051e-02
60 -6.780094e-02 7.310180e-01 2.634152e-05 -2.826637e-04 -9.995711e+01 -9.837481e+01 -6.778705e-02 7.102278e-01
61 -5.832536e-02 2.372273e-01 8.254049e-06 -3.353191e-05 -1.000615e+02 -9.947173e+01 -5.830280e-02 2.354492e-01
62 -4.468295e-02 1.725712e-01 1.033518e-05 -3.985386e-05 -1.000433e+02 -9.961013e+01 -4.464544e-02 1.708224e-01
63 -4.489014e-02 -1.080915e+00 4.096577e-05 9.838024e-04 -9.985345e+01 -1.019087e+02 -4.470527e-02 -1.058764e+00
64 -4.520459e-02 5.142652e-01 1.545366e-04 -1.730479e-03 -9.946090e+01 -9.838145e+01 -4.468987e-02 4.618156e-01
65 -4.778809e-02 1.419908e-01 6.967411e-04 -1.179201e-03 -9.706271e+01 -9.691819e+01 -4.541791e-02 -1.549895e-01
66 -4.196610e-02 -4.953023e-01 2.170621e-03 2.628037e-02 -8.900846e+01 -8.984265e+01 -3.259874e-02 -4.578847e-01
67 -4.140856e-02 1.414402e-01 3.128465e-03 -5.350888e-03 -8.779079e+01 -8.768394e+01 -3.290847e-02 -1.118523e-01
68 -3.627682e-02 7.017817e-02 5.394204e-03 -1.820052e-03 -7.454928e+01 -7.455472e+01 -1.465298e-02 -1.537377e-01
69 -5.041460e-02 -1.811176e-01 1.689571e-02 7.663387e-02 -5.394938e+01 -5.420516e+01 -5.185030e-03 -3.803066e-01
70 -4.352447e-02 -8.089016e-01 1.741992e-02 1.461258e-01 -4.609835e+01 -4.642173e+01 2.571587e-03 -2.667617e-01
71 -4.825532e-02 -7.268197e-02 2.490335e-02 1.268996e-01 -3.880696e+01 -3.905403e+01 6.822028e-03 -5.184197e-01
72 -3.886674e-02 5.920530e-02 1.858313e-02 1.644985e-01 -4.342426e+01 -4.381963e+01 9.006948e-03 -6.658070e-01
73 -5.193283e-02 -1.796901e-01 2.314204e-02 1.327267e-01 -4.054435e+01 -4.080942e+01 6.952757e-03 -4.614410e-01
74 -1.418532e-01 4.948446e-01 5.685315e-03 8.925173e-03 -8.183539e+01 -8.153033e+01 -6.911024e-02 3.593690e-01
75 -4.896623e-02 9.868235e-02 3.576177e-04 -5.920596e-04 -9.843044e+01 -9.820703e+01 -4.785074e-02 2.713571e-03
76 -4.729015e-02 1.286929e-01 2.223320e-04 -5.879662e-04 -9.899081e+01 -9.865657e+01 -4.667610e-02 1.058562e-01
77 -5.300499e-02 4.756921e-01 4.958267e-05 -4.437433e-04 -9.986226e+01 -9.881254e+01 -5.283640e-02 4.663169e-01
78 -5.389658e-02 3.832795e-01 1.144287e-05 -8.113648e-05 -1.000402e+02 -9.917084e+01 -5.386273e-02 3.763323e-01
79 -4.335981e-02 8.890243e-02 1.008972e-05 -2.062281e-05 -1.000363e+02 -9.977305e+01 -4.332583e-02 8.717387e-02
80 -4.050299e-02 7.027787e-02 2.602431e-05 -4.470666e-05 -9.994557e+01 -9.972717e+01 -4.037884e-02 6.590388e-02
81 -4.160435e-02 -1.180162e-01 5.922606e-05 1.692344e-04 -9.975703e+01 -9.991276e+01 -4.137054e-02 -1.224654e-01
82 -3.580003e-02 -1.391856e-02 6.845387e-05 2.811330e-05 -9.967721e+01 -9.963677e+01 -3.552568e-02 -1.849196e-02
83 -4.629930e-02 8.565543e-02 1.618697e-04 -2.648263e-04 -9.931081e+01 -9.908752e+01 -4.583928e-02 2.893230e-02
84 -2.247688e-02 -1.014015e-01 2.946668e-04 1.360107e-03 -9.728123e+01 -9.744561e+01 -2.234318e-02 -1.137729e-01
85 -5.092685e-02 -3.000860e-01 1.893770e-03 9.472409e-03 -9.022012e+01 -9.053063e+01 -4.536440e-02 -1.097261e-01
86 -4.222145e-02 2.157487e-01 1.842685e-03 -5.813243e-03 -8.717252e+01 -8.699454e+01 -3.330665e-02 -1.840044e-01
87 -5.203022e-02 -1.523681e-01 2.982156e-03 1.196303e-02 -8.261639e+01 -8.293752e+01 -3.802900e-02 -2.812576e-01
88 -3.730506e-02 -9.733479e-02 2.564857e-03 4.722004e-03 -8.355916e+01 -8.357429e+01 -2.420464e-02 1.738342e-02
89 -6.260072e-02 -1.071112e-01 1.648740e-03 2.963002e-03 -9.357874e+01 -9.368052e+01 -5.613133e-02 -1.195129e-01
90 -5.882408e-02 2.990842e-01 1.590973e-04 -8.051881e-04 -9.953455e+01 -9.882868e+01 -5.822502e-02 2.880188e-01
91 -5.023486e-02 -2.271491e-01 3.136001e-05 1.416463e-04 -9.993444e+01 -1.002867e+02 -5.011462e-02 -2.251181e-01
92 -5.505855e-02 3.282977e-01 2.069671e-05 -1.233156e-04 -9.996610e+01 -9.920136e+01 -5.496450e-02 3.262625e-01
93 -5.232135e-02 2.979121e-01 6.374857e-06 -3.629256e-05 -1.000660e+02 -9.936595e+01 -5.229088e-02 2.974831e-01
94 -4.794803e-02 -2.830822e-01 1.826138e-06 1.077950e-05 -1.000803e+02 -1.005503e+02 -4.794245e-02 -2.827495e-01
95 -5.369654e-02 2.782598e-02 1.089564e-06 -5.628417e-07 -1.001011e+02 -9.993846e+01 -5.369318e-02 2.729849e-02
96 -4.211784e-02 -3.335824e-02 2.121078e-06 1.681176e-06 -1.000716e+02 -1.000542e+02 -4.210925e-02 -3.349865e-02
97 -3.979244e-02 1.070204e-01 2.803060e-06 -7.537190e-06 -1.000758e+02 -9.978226e+01 -3.978379e-02 1.068657e-01
98 -4.185022e-02 5.568439e-02 8.654202e-06 -1.145321e-05 -1.000496e+02 -9.985584e+01 -4.182055e-02 5.385673e-02
99 -3.877887e-02 -1.392395e-01 2.833112e-05 1.020060e-04 -9.992836e+01 -1.001305e+02 -3.866949e-02 -1.411336e-01
100 -3.307743e-02 -2.005199e-02 8.259567e-05 5.792468e-05 -9.960151e+01 -9.958806e+01 -3.273270e-02 -3.830152e-02
101 -4.320287e-02 -2.120705e-01 2.384008e-04 1.183008e-03 -9.898969e+01 -9.933255e+01 -4.240403e-02 -2.213759e-01
102 -3.791384e-02 5.939225e-01 3.917803e-04 -5.864232e-03 -9.731015e+01 -9.619113e+01 -3.548399e-02 4.153105e-01
103 -4.626506e-02 -2.649819e-01 1.159152e-03 6.125170e-03 -9.423146e+01 -9.457557e+01 -4.265998e-02 -1.662801e-01
104 -3.246067e-02 -2.895110e-02 8.952152e-04 2.880181e-05 -9.321002e+01 -9.310826e+01 -2.758069e-02 9.426789e-02
105 -4.275646e-02 -1.793697e-01 1.021786e-03 4.399126e-03 -9.360492e+01 -9.387405e+01 -3.778335e-02 -1.768238e-01
106 -5.107102e-02 -2.866227e-01 2.018680e-03 1.138659e-02 -9.202500e+01 -9.246422e+01 -4.440697e-02 -2.678897e-01
107 -5.529039e-02 1.577354e-02 1.820934e-04 -5.233798e-05 -9.941258e+01 -9.927113e+01 -5.456519e-02 1.607702e-02
108 -4.265022e-02 -1.673701e-01 1.763659e-04 7.041780e-04 -9.914727e+01 -9.940547e+01 -4.185782e-02 -1.812176e-01
109 -5.594271e-02 -4.888850e-01 1.318370e-04 1.145265e-03 -9.931329e+01 -1.001605e+02 -5.524652e-02 -4.650481e-01
110 -4.158802e-02 -5.552548e-02 1.967716e-04 2.648326e-04 -9.896022e+01 -9.898951e+01 -4.071868e-02 -5.699608e-02
111 -6.913287e-02 -3.892398e-01 4.070947e-05 2.283446e-04 -9.980342e+01 -1.004356e+02 -6.876004e-02 -3.784645e-01
112 -8.311872e-02 3.201389e-01 5.163848e-06 -1.988778e-05 -1.000770e+02 -9.927105e+01 -8.307321e-02 3.198462e-01
113 -5.307334e-02 9.940052e-02 1.245286e-06 -2.332408e-06 -1.000940e+02 -9.978906e+01 -5.306863e-02 9.942237e-02
114 -3.429276e-02 1.931634e-02 5.629398e-07 -3.168393e-07 -1.000856e+02 -9.997845e+01 -3.429023e-02 1.922196e-02
115 -3.507602e-02 -2.576812e-02 1.781379e-06 1.308542e-06 -1.000781e+02 -1.000594e+02 -3.506855e-02 -2.574807e-02
116 -4.620213e-02 6.814311e-01 5.601799e-06 -8.258013e-05 -1.000692e+02 -9.861562e+01 -4.618120e-02 6.791296e-01
117 -5.064084e-02 4.097573e-02 2.282660e-05 -1.811236e-05 -9.997552e+01 -9.979570e+01 -5.052780e-02 3.616258e-02
118 -5.099772e-02 6.859381e-02 6.596866e-05 -8.854687e-05 -9.973747e+01 -9.949979e+01 -5.067333e-02 6.732057e-02
