0 -7.253777e-02 -8.501945e-02 2.321864e-02 1.554502e-01 -1.120994e+01 -1.161064e+01 1.201860e-02 -2.245176e+00
1 -4.085169e-02 -1.364856e-01 1.757433e-01 6.971218e+01 -4.515725e-01 -5.154079e-01 2.603987e-01 9.668743e+01
2 4.944187e-02 9.671316e-01 3.069557e-01 3.670709e+01 -3.705202e-01 -3.887657e-01 5.216067e-01 7.570787e+01
3 -1.962044e-01 -5.840569e-01 2.399908e-01 3.813746e+01 -1.367055e+00 -1.669563e+00 2.800725e-01 7.840403e+01
4 -6.278185e-02 -2.351553e-01 2.460487e-01 5.328055e+00 -1.909946e+00 -1.953067e+00 4.291465e-01 1.668499e+01
5 -7.265584e-02 4.032529e-01 1.694552e-01 7.629664e+00 -5.187271e+00 -5.615670e+00 2.319300e-01 1.980013e+01
6 -7.272104e-02 1.783451e+00 9.006234e-02 2.542839e-01 -1.652429e+01 -1.662988e+01 9.294881e-02 -2.248320e-01
7 -5.910695e-02 5.765359e-01 2.886419e-02 2.762877e-02 -3.740192e+01 -3.747276e+01 4.913916e-03 -4.235878e-01
8 -7.384557e-02 1.470174e+00 1.832353e-02 -1.259714e-02 -4.723332e+01 -4.704917e+01 -2.027919e-02 -6.121416e-02
9 -7.754645e-02 3.336942e+00 1.326447e-02 -6.328322e-02 -5.936376e+01 -5.902657e+01 -4.246284e-02 -4.414723e-01
10 -7.094057e-02 5.624465e-01 9.050304e-03 1.342285e-02 -6.793950e+01 -6.813836e+01 -5.054692e-02 -1.945090e-01
11 -4.919904e-02 1.680758e-02 1.375732e-02 1.257516e-02 -5.464793e+01 -5.468227e+01 -5.787173e-03 -1.333431e-01
12 -5.569878e-02 1.530912e-01 5.007543e-02 1.979557e-01 -2.301207e+01 -2.318192e+01 4.477000e-02 -7.107041e-01
13 -4.930636e-02 -1.109485e-02 8.417633e-02 9.777669e-01 -8.281125e+00 -8.468826e+00 1.020110e-01 8.013652e-01
14 -4.325075e-02 -1.359342e-01 1.123136e-01 4.529511e+00 -4.058995e+00 -4.216519e+00 1.649814e-01 1.261461e+01
15 -5.939931e-02 -1.055321e-01 5.976423e-02 2.378494e-01 -1.452316e+01 -1.460373e+01 5.134419e-02 -3.950524e-01
16 -4.060279e-02 -6.570705e-01 6.177812e-02 2.250855e+00 -1.186713e+01 -1.256993e+01 6.971868e-02 -3.116431e+00
17 -5.974525e-02 1.223687e-01 1.028799e-01 1.388288e+00 -8.741556e+00 -8.904532e+00 1.424670e-01 2.754103e+00
18 -5.899427e-02 2.997577e-01 6.430709e-02 4.408960e-01 -2.054533e+01 -2.089171e+01 6.665470e-02 -9.306013e-01
19 -5.106797e-02 5.790317e-01 2.979172e-02 1.463864e-01 -3.429340e+01 -3.453221e+01 6.761062e-03 -3.763957e-01
20 -8.916381e-02 2.372591e-01 2.295997e-02 8.160480e-02 -5.162226e+01 -5.196953e+01 -2.081994e-02 -3.916026e-01
21 -6.354433e-02 2.133611e+00 9.502372e-03 -4.971784e-03 -6.699989e+01 -6.716647e+01 -3.457606e-02 -3.647884e-01
22 -5.537469e-02 2.845504e-01 6.824706e-03 1.177199e-02 -7.984542e+01 -8.003601e+01 -4.009062e-02 -1.321272e-01
23 -6.386138e-02 5.016626e-01 3.554735e-03 -1.451446e-02 -8.719209e+01 -8.686253e+01 -5.511736e-02 -1.863779e-01
24 -7.119741e-02 4.490279e+00 8.207424e-04 6.075137e-02 -6.472141e+01 -6.693681e+01 -5.039592e-02 5.251297e+00
25 -1.166549e-01 4.018353e+00 1.098289e-03 2.739725e-02 -7.182107e+01 -7.846319e+01 -1.402001e-01 8.644715e-01
26 -4.976008e-02 7.919410e-01 6.909242e-05 -1.074913e-03 -9.970463e+01 -9.809548e+01 -4.969916e-02 6.878585e-01
27 -6.081528e-02 -1.230516e-01 3.930055e-04 1.361137e-03 -9.708303e+01 -9.751802e+01 -6.036230e-02 -4.892342e-01
28 -4.684806e-02 2.512474e-02 1.635468e-03 -1.402545e-04 -9.294649e+01 -9.287590e+01 -4.257161e-02 -3.395490e-02
29 -4.160841e-02 -1.808299e-02 4.695007e-03 6.346078e-03 -8.220952e+01 -8.226287e+01 -3.210003e-02 -7.683751e-02
30 -4.628383e-02 2.953682e-03 5.891942e-03 1.417161e-02 -7.999984e+01 -8.015805e+01 -3.036719e-02 -1.268930e-01
31 -5.678091e-02 3.838893e-01 8.718295e-03 -5.058984e-03 -7.425895e+01 -7.428721e+01 -3.492631e-02 -2.705388e-01
32 -4.029639e-02 -3.305604e-01 1.588649e-02 8.548757e-02 -5.412000e+01 -5.435535e+01 -1.642508e-03 -2.565713e-01
33 -5.138696e-02 -3.252106e-01 4.014264e-02 2.076131e-01 -3.150127e+01 -3.176983e+01 3.249968e-02 -5.953410e-01
34 -4.451043e-02 7.025839e-03 4.559300e-02 3.471784e-01 -1.673367e+01 -1.687406e+01 5.138999e-02 3.317901e-02
35 -4.688282e-02 -2.593232e-01 7.462932e-02 1.194014e+00 -1.224497e+01 -1.253767e+01 9.669765e-02 1.157452e+00
36 -5.200350e-02 -3.547558e-01 8.324695e-02 2.022240e+00 -1.011186e+01 -1.050677e+01 1.005030e-01 5.070478e-01
37 -5.473839e-02 -6.042488e-01 6.325193e-02 1.013713e+00 -1.837374e+01 -1.895029e+01 6.714786e-02 -1.118687e+00
38 -4.222033e-02 -2.317218e-02 8.146652e-02 2.234950e+00 -1.020185e+01 -1.058997e+01 1.098213e-01 3.488418e+00
39 -7.241177e-02 2.559264e-01 6.333680e-02 6.724511e-01 -1.998677e+01 -2.044970e+01 6.437063e-02 -1.456806e+00
40 -7.002630e-02 3.728068e-01 1.839277e-02 2.085187e-02 -5.482302e+01 -5.488309e+01 -1.130513e-02 -6.075406e-02
41 -7.584693e-02 -6.261668e-02 3.605293e-03 5.692794e-03 -8.887938e+01 -8.902731e+01 -5.841864e-02 -2.258846e-01
42 -5.625039e-02 -8.362220e-01 1.378470e-03 1.785157e-02 -9.298358e+01 -9.407735e+01 -5.194191e-02 -3.002574e-01
43 -3.533917e-02 1.626935e-01 3.682535e-04 -1.675371e-03 -9.755635e+01 -9.717425e+01 -3.489777e-02 1.492923e-01
44 -9.022117e-02 -2.225144e-01 3.263710e-04 7.954847e-04 -9.886924e+01 -9.912011e+01 -8.858650e-02 -2.023799e-01
45 -2.758052e-02 -1.234010e-01 4.218489e-05 1.861721e-04 -9.966377e+01 -9.985011e+01 -2.833982e-02 -1.168974e-01
46 -6.635130e-02 -1.255125e-02 1.222154e-04 2.301586e-05 -9.963828e+01 -9.953109e+01 -6.569819e-02 -1.213045e-02
47 -4.777547e-02 -3.122005e-01 1.966311e-04 1.292550e-03 -9.915798e+01 -9.969025e+01 -4.739308e-02 -3.203881e-01
48 -6.388028e-02 1.271151e-01 1.213056e-03 3.085622e-04 -9.346201e+01 -9.354129e+01 -6.305822e-02 -2.781849e-01
49 -5.832574e-02 -1.024794e-01 6.375537e-03 1.844035e-02 -7.805724e+01 -7.819723e+01 -3.880249e-02 -1.002578e-01
50 -4.874215e-02 -5.885814e-01 1.650457e-02 5.520309e-02 -5.443110e+01 -5.458791e+01 -5.921115e-03 -2.381538e-01
51 -4.248375e-02 -1.049036e-01 1.574787e-02 -4.835513e-02 -4.598058e+01 -4.591968e+01 -7.362896e-03 -1.876370e-01
52 3.908023e-03 3.857839e-01 1.473569e-02 4.634479e-02 -5.417988e+01 -5.440836e+01 -1.334627e-02 -2.943611e-01
53 -7.943026e-02 -3.498862e-01 2.885871e-02 9.505749e-02 -4.332966e+01 -4.353716e+01 1.197467e-02 -5.985155e-01
54 -5.999172e-02 5.040002e-01 2.590147e-02 -3.274378e-02 -4.367658e+01 -4.355018e+01 6.147129e-03 5.072320e-02
55 -4.906034e-02 -1.602695e-01 1.399627e-02 6.088663e-02 -5.681475e+01 -5.702278e+01 -1.911759e-02 -1.477878e-01
56 -5.114180e-02 -1.285789e-01 3.358074e-03 9.206022e-03 -8.438223e+01 -8.453945e+01 -4.300487e-02 -1.017196e-01
57 -6.753982e-02 4.433315e-02 5.792413e-04 -3.480097e-04 -9.782348e+01 -9.761833e+01 -6.611061e-02 2.230535e-02
58 -5.464106e-02 3.693829e-01 1.708506e-04 -1.144273e-03 -9.915265e+01 -9.832496e+01 -5.409027e-02 3.457085e-01
59 -4.111379e-02 -5.115944e-01 7.911076e-05 9.824471e-04 -9.948502e+01 -1.004171e+02 -4.085325e-02 -5.022167e-01
60 -7.900071e-02 -4.218821e-03 6.710706e-05 5.538834e-06 -9.977642e+01 -9.963631e+01 -7.894863e-02 -1.780346e-02
61 -5.972984e-02 5.788960e-02 2.444221e-05 -2.366818e-05 -9.997842e+01 -9.974357e+01 -5.971954e-02 5.757238e-02
62 -5.116170e-02 1.669987e-01 3.466001e-05 -1.129360e-04 -9.994711e+01 -9.951258e+01 -5.106082e-02 1.649216e-01
63 -5.453877e-02 -5.895255e-01 1.365462e-04 1.494265e-03 -9.926591e+01 -1.003546e+02 -5.401068e-02 -6.148091e-01
64 -4.778713e-02 -4.270766e-03 3.949563e-04 8.433923e-05 -9.844823e+01 -9.838523e+01 -4.677451e-02 -3.607937e-02
65 -4.197253e-02 2.021155e-01 1.014549e-03 -3.833056e-03 -9.574803e+01 -9.543664e+01 -3.927070e-02 -1.282433e-02
66 -3.897109e-02 -1.153557e-01 2.150073e-03 7.325758e-03 -9.083935e+01 -9.103743e+01 -3.324678e-02 -1.782186e-01
67 -4.502505e-02 -1.485725e-01 3.857750e-03 1.573159e-02 -8.703094e+01 -8.732326e+01 -3.656591e-02 -2.585882e-01
68 -3.693119e-02 1.429701e-01 6.318142e-03 -4.672032e-04 -7.323160e+01 -7.327364e+01 -1.571468e-02 -1.750392e-01
69 -4.939696e-02 -4.762968e-01 1.432061e-02 1.136720e-01 -5.909221e+01 -5.952388e+01 -1.269900e-02 -4.457356e-01
70 -4.296810e-02 3.265250e-01 1.340309e-02 6.569259e-03 -5.770861e+01 -5.780200e+01 -9.485717e-03 -2.780240e-01
71 -4.652132e-02 -4.198936e-02 1.597511e-02 1.965742e-02 -5.315691e+01 -5.317078e+01 -9.657064e-03 -9.510936e-02
72 -3.922272e-02 -6.135428e-02 1.172033e-02 8.150125e-02 -5.997700e+01 -6.032118e+01 -6.223795e-03 -3.107496e-01
73 -4.481722e-02 -7.110261e-01 1.708642e-02 1.613180e-01 -4.793185e+01 -4.832455e+01 -6.328844e-03 -4.322317e-01
74 -1.132294e-01 -2.375104e-01 1.022158e-02 -5.139562e-02 -6.841436e+01 -6.820896e+01 -7.496284e-02 -4.468502e-01
75 -5.570182e-02 6.512639e-02 2.970736e-04 -2.426917e-04 -9.879932e+01 -9.863433e+01 -5.531090e-02 -3.649745e-02
76 -4.728002e-02 -3.109954e-01 2.148895e-04 1.413140e-03 -9.915961e+01 -9.968352e+01 -4.705142e-02 -3.092166e-01
77 -5.245859e-02 -1.587229e-01 8.297563e-05 2.499536e-04 -9.974090e+01 -9.995002e+01 -5.227190e-02 -1.539930e-01
78 -5.769508e-02 -1.934416e-01 2.220188e-05 7.529351e-05 -9.999864e+01 -1.002788e+02 -5.765800e-02 -2.064715e-01
79 -4.079256e-02 -1.228051e-01 1.605261e-05 4.834496e-05 -1.000088e+02 -1.001730e+02 -4.075341e-02 -1.229751e-01
80 -3.994370e-02 -1.874963e-01 2.836747e-05 1.332761e-04 -9.994370e+01 -1.002390e+02 -3.985476e-02 -1.880774e-01
81 -3.809241e-02 -2.786077e-01 4.243461e-05 3.103953e-04 -9.985598e+01 -1.003362e+02 -3.799632e-02 -2.780532e-01
82 -4.524946e-02 5.821760e-01 8.138037e-05 -1.026968e-03 -9.970649e+01 -9.849883e+01 -4.517232e-02 5.163304e-01
83 -5.138146e-02 5.369406e-01 2.821655e-04 -2.792083e-03 -9.874009e+01 -9.768391e+01 -5.098045e-02 3.789071e-01
84 -3.300988e-02 -3.685178e-01 5.689059e-04 6.185802e-03 -9.642825e+01 -9.704183e+01 -3.183468e-02 -2.952042e-01
85 -4.981653e-02 -1.957397e-01 1.411896e-03 5.276054e-03 -9.292175e+01 -9.316813e+01 -4.733549e-02 -1.578845e-01
86 -4.272833e-02 -1.775976e-02 1.085972e-03 4.248538e-04 -9.303501e+01 -9.298349e+01 -3.908765e-02 -6.712067e-03
87 -5.248225e-02 8.853308e-01 1.926554e-03 -2.598285e-02 -8.966436e+01 -8.853889e+01 -4.498808e-02 9.229265e-02
88 -3.564864e-02 -5.287290e-02 1.360481e-03 2.763572e-03 -9.030685e+01 -9.039540e+01 -2.969242e-02 -9.537508e-02
89 -6.230715e-02 -4.856584e-02 1.503290e-03 1.605101e-03 -9.453234e+01 -9.457092e+01 -5.729020e-02 -1.314938e-01
90 -5.714684e-02 2.500469e-01 2.233847e-04 -9.344764e-04 -9.914857e+01 -9.858254e+01 -5.646948e-02 1.845803e-01
91 -4.531498e-02 -5.533048e-03 2.275873e-05 2.890474e-06 -9.997923e+01 -9.990063e+01 -4.525806e-02 -6.854514e-03
92 -5.542057e-02 4.178178e-01 1.821438e-05 -1.370135e-04 -1.000106e+02 -9.906849e+01 -5.539083e-02 4.120520e-01
93 -4.882887e-02 -2.106577e-02 7.914802e-06 3.409304e-06 -1.000546e+02 -9.999893e+01 -4.880518e-02 -2.085938e-02
94 -5.171174e-02 -3.809845e-01 3.420328e-06 2.519523e-05 -1.000777e+02 -1.007359e+02 -5.170407e-02 -3.805715e-01
95 -4.926288e-02 4.156093e-02 1.311186e-06 -1.105946e-06 -1.000909e+02 -9.990927e+01 -4.926030e-02 4.150394e-02
96 -4.868059e-02 -2.884294e-02 2.383107e-06 1.414455e-06 -1.000873e+02 -1.000478e+02 -4.867304e-02 -2.914202e-02
97 -4.838861e-02 -9.012150e-02 5.545117e-06 1.036331e-05 -1.000772e+02 -1.001619e+02 -4.837941e-02 -9.197396e-02
98 -4.131172e-02 1.578861e-02 1.495899e-05 -5.634211e-06 -1.000197e+02 -9.990652e+01 -4.126986e-02 1.440538e-02
99 -3.830439e-02 3.092498e-01 4.757562e-05 -3.821696e-04 -9.984741e+01 -9.915993e+01 -3.819830e-02 2.991327e-01
100 -3.037860e-02 -1.952891e-01 8.780969e-05 5.660674e-04 -9.962270e+01 -9.995322e+01 -3.016762e-02 -1.972207e-01
101 -4.569946e-02 -7.462079e-01 2.487352e-04 3.992600e-03 -9.881373e+01 -1.001488e+02 -4.496356e-02 -6.606128e-01
102 -4.319800e-02 1.256022e-01 3.939745e-04 -1.124724e-03 -9.753860e+01 -9.721926e+01 -4.138759e-02 1.050541e-01
103 -4.616367e-02 -3.693151e-01 7.446741e-04 5.402964e-03 -9.645489e+01 -9.695570e+01 -4.482636e-02 -1.835427e-01
104 -3.279245e-02 -3.398202e-01 4.935604e-04 5.030012e-03 -9.624838e+01 -9.681813e+01 -3.115270e-02 -2.856349e-01
105 -4.730107e-02 1.614740e-01 5.741115e-04 -1.649007e-03 -9.724638e+01 -9.693705e+01 -4.494375e-02 2.347389e-02
106 -4.217223e-02 2.386097e-01 1.055102e-03 -5.727845e-03 -9.538590e+01 -9.488390e+01 -3.977489e-02 1.723102e-01
107 -5.590874e-02 -2.731616e-01 1.449442e-04 7.087745e-04 -9.956786e+01 -1.000006e+02 -5.534484e-02 -2.717576e-01
108 -4.789733e-02 -1.408967e-01 1.054178e-04 3.129288e-04 -9.958829e+01 -9.977849e+01 -4.757113e-02 -1.475057e-01
109 -5.711140e-02 -6.257614e-02 6.371875e-05 7.425085e-05 -9.976274e+01 -9.978932e+01 -5.687810e-02 -8.522118e-02
110 -4.419335e-02 -5.535792e-02 1.157629e-04 1.431709e-04 -9.943565e+01 -9.945505e+01 -4.383066e-02 -5.070478e-02
111 -7.226066e-02 3.869032e-01 4.253188e-05 -2.258546e-04 -9.980816e+01 -9.890549e+01 -7.191042e-02 3.662654e-01
112 -9.161714e-02 4.059813e-01 3.760138e-06 -1.665898e-05 -1.000912e+02 -9.909694e+01 -9.158372e-02 4.053588e-01
113 -5.206425e-02 -2.324481e-01 1.180803e-06 5.272070e-06 -1.000946e+02 -1.004554e+02 -5.206079e-02 -2.324876e-01
114 -3.774837e-02 -1.196314e-01 6.593745e-07 2.089702e-06 -1.000855e+02 -1.002493e+02 -3.774651e-02 -1.196335e-01
115 -4.015410e-02 8.888357e-03 1.572531e-06 -3.465182e-07 -1.000881e+02 -9.999015e+01 -4.014960e-02 8.646436e-03
116 -5.372672e-02 -5.876633e-01 8.982271e-06 9.808252e-05 -1.000598e+02 -1.011233e+02 -5.369409e-02 -5.813778e-01
117 -5.165793e-02 4.694785e-02 2.754149e-05 -2.454046e-05 -9.995756e+01 -9.976428e+01 -5.156484e-02 4.139463e-02
118 -5.005841e-02 1.059688e-01 4.585399e-05 -9.486822e-05 -9.985785e+01 -9.955603e+01 -4.992141e-02 9.140277e-02
