0 -7.294161e-02 -1.707458e-01 2.311678e-02 2.059011e-01 -1.064453e+01 -1.111096e+01 1.193377e-02 -1.988374e+00
1 -4.040479e-02 1.135322e-02 1.812158e-01 7.382901e+01 -3.849518e-01 -4.337150e-01 2.797733e-01 9.769766e+01
2 5.035154e-02 7.686093e-01 3.107916e-01 3.049031e+01 -3.699583e-01 -3.859784e-01 5.337772e-01 6.915806e+01
3 -2.009238e-01 -5.698119e-01 2.347890e-01 3.659193e+01 -1.423758e+00 -1.742962e+00 2.741707e-01 7.636410e+01
4 -6.347493e-02 4.207235e-02 2.390337e-01 4.289098e+00 -2.099070e+00 -2.147631e+00 4.067384e-01 1.520212e+01
5 -7.281352e-02 2.930026e-01 1.638727e-01 6.449722e+00 -5.615634e+00 -6.028379e+00 2.237143e-01 1.605962e+01
6 -7.246305e-02 1.862627e+00 8.465573e-02 1.637965e-01 -1.792408e+01 -1.802519e+01 8.662925e-02 -4.347489e-01
7 -5.895479e-02 4.139426e-01 2.694731e-02 6.978521e-02 -3.887186e+01 -3.904304e+01 1.214277e-03 -5.291033e-01
8 -7.237655e-02 1.071932e+00 1.697587e-02 1.928121e-03 -4.842172e+01 -4.832380e+01 -2.155660e-02 -2.257042e-02
9 -7.737797e-02 2.570064e+00 1.228071e-02 -4.542397e-02 -6.078005e+01 -6.034957e+01 -4.381196e-02 -2.109762e-01
10 -7.036817e-02 8.535174e-01 8.318817e-03 -2.329184e-02 -6.959461e+01 -6.947463e+01 -5.070154e-02 -3.214010e-01
11 -4.871946e-02 3.211675e-02 1.243419e-02 1.282321e-02 -5.670406e+01 -5.671648e+01 -7.796012e-03 -4.643895e-02
12 -5.573861e-02 -1.125421e-01 4.718255e-02 9.312359e-02 -2.371918e+01 -2.378228e+01 4.021287e-02 -5.888557e-01
13 -4.967459e-02 -3.067562e-01 8.410447e-02 1.296383e+00 -8.247677e+00 -8.469723e+00 1.025689e-01 1.340999e+00
14 -4.269970e-02 -7.180799e-02 1.124166e-01 5.114565e+00 -3.972274e+00 -4.125334e+00 1.673528e-01 1.337644e+01
15 -5.999420e-02 -1.817338e-01 6.119267e-02 1.853119e-01 -1.404985e+01 -1.409380e+01 5.285025e-02 -5.123726e-01
16 -4.100282e-02 -6.738674e-01 6.212204e-02 2.374519e+00 -1.114099e+01 -1.184409e+01 6.900168e-02 -3.002412e+00
17 -5.905859e-02 1.769036e-01 1.055715e-01 1.476029e+00 -8.249559e+00 -8.409246e+00 1.480256e-01 3.135548e+00
18 -5.923306e-02 5.976425e-01 6.364462e-02 3.906628e-01 -2.032880e+01 -2.060610e+01 6.530334e-02 -7.808038e-01
19 -5.064116e-02 6.589088e-01 2.917704e-02 7.852063e-02 -3.436273e+01 -3.447183e+01 5.489067e-03 -3.246774e-01
20 -9.186941e-02 6.483996e-01 2.279705e-02 1.330831e-03 -5.140771e+01 -5.147971e+01 -2.162358e-02 -4.228130e-01
21 -6.503450e-02 1.984197e+00 9.416629e-03 1.285454e-02 -6.698041e+01 -6.726384e+01 -3.507892e-02 -3.424757e-01
22 -5.636969e-02 3.271721e-01 6.572075e-03 3.513040e-03 -8.054742e+01 -8.059741e+01 -4.131847e-02 -3.125884e-02
23 -6.391635e-02 5.022925e-01 3.256267e-03 -1.418540e-02 -8.793698e+01 -8.755466e+01 -5.603516e-02 -1.346031e-01
24 -6.741826e-02 4.244026e+00 7.499485e-04 5.405399e-02 -6.511745e+01 -6.784103e+01 -4.876507e-02 6.110934e+00
25 -1.165147e-01 3.440320e+00 9.968809e-04 2.418788e-02 -7.311202e+01 -8.010132e+01 -1.387013e-01 -1.419980e-01
26 -4.908552e-02 6.327839e-01 6.189105e-05 -7.810287e-04 -9.974788e+01 -9.844001e+01 -4.900636e-02 5.543434e-01
27 -5.983829e-02 -3.740022e-01 3.471782e-04 2.511221e-03 -9.733408e+01 -9.816156e+01 -5.974613e-02 -6.002602e-01
28 -4.762433e-02 1.353749e-01 1.559514e-03 -3.339825e-03 -9.316288e+01 -9.292352e+01 -4.323947e-02 2.533031e-02
29 -4.160883e-02 -3.691472e-02 4.622005e-03 1.048999e-02 -8.205074e+01 -8.219089e+01 -3.157963e-02 -1.431046e-01
30 -4.630412e-02 -1.749362e-01 5.839137e-03 3.064558e-02 -8.013517e+01 -8.047754e+01 -3.014813e-02 -1.632164e-01
31 -5.619590e-02 5.828494e-01 8.378979e-03 -1.856091e-02 -7.475038e+01 -7.466939e+01 -3.463957e-02 -2.183956e-01
32 -4.067037e-02 6.712997e-02 1.521074e-02 2.423866e-02 -5.535752e+01 -5.546381e+01 -3.322797e-03 -3.309183e-01
33 -5.053300e-02 -2.057431e-01 3.861162e-02 2.702323e-01 -3.220200e+01 -3.256184e+01 3.021359e-02 -5.811933e-01
34 -4.433566e-02 -1.251784e-02 4.488012e-02 4.362064e-01 -1.664709e+01 -1.679481e+01 5.060870e-02 3.433243e-02
35 -4.718464e-02 -3.225484e-01 7.591890e-02 1.134196e+00 -1.163985e+01 -1.189286e+01 9.888599e-02 1.262794e+00
36 -5.200363e-02 -1.850268e-01 8.289815e-02 1.682828e+00 -9.755243e+00 -1.011012e+01 9.953314e-02 1.283627e-01
37 -5.529432e-02 -4.133962e-01 6.537144e-02 1.160273e+00 -1.728503e+01 -1.785574e+01 7.025690e-02 -1.192502e+00
38 -4.190310e-02 -1.734305e-02 8.323756e-02 2.565337e+00 -9.542806e+00 -9.931150e+00 1.131373e-01 4.389315e+00
39 -7.358222e-02 4.150896e-01 6.316176e-02 7.859903e-01 -1.988841e+01 -2.039446e+01 6.387352e-02 -1.282374e+00
40 -6.937292e-02 2.466094e-01 1.735788e-02 4.045857e-02 -5.595309e+01 -5.609621e+01 -1.253007e-02 -1.018641e-01
41 -7.727411e-02 -6.780629e-02 3.628880e-03 5.305723e-03 -8.880054e+01 -8.892104e+01 -5.866670e-02 -2.056073e-01
42 -5.593878e-02 -7.782647e-01 1.348777e-03 1.681474e-02 -9.300282e+01 -9.408168e+01 -5.157489e-02 -3.702226e-01
43 -3.669977e-02 1.629666e-01 3.610492e-04 -1.610420e-03 -9.767165e+01 -9.727671e+01 -3.606475e-02 1.629492e-01
44 -8.682805e-02 -9.159115e-02 2.928973e-04 3.179782e-04 -9.895460e+01 -9.897416e+01 -8.555564e-02 -1.038879e-01
45 -2.939360e-02 -8.098543e-02 4.240855e-05 1.160164e-04 -9.970373e+01 -9.980512e+01 -2.996045e-02 -7.918842e-02
46 -6.435062e-02 -1.868854e-01 1.114278e-04 3.221249e-04 -9.966992e+01 -9.991034e+01 -6.379582e-02 -1.802473e-01
47 -4.707190e-02 -1.597620e-01 1.863775e-04 6.382400e-04 -9.918513e+01 -9.941445e+01 -4.665757e-02 -1.665651e-01
48 -6.319086e-02 1.348837e-01 1.095257e-03 -1.779438e-04 -9.422586e+01 -9.423907e+01 -6.192394e-02 -2.348078e-01
49 -5.925838e-02 9.715017e-02 5.995609e-03 6.432298e-03 -7.897029e+01 -7.896450e+01 -4.039417e-02 -2.295472e-02
50 -4.879913e-02 -7.007757e-01 1.626704e-02 6.064460e-02 -5.433805e+01 -5.448766e+01 -5.800186e-03 -1.879684e-01
51 -4.237412e-02 -2.936837e-01 1.617549e-02 -5.227048e-04 -4.489389e+01 -4.494204e+01 -6.598866e-03 -1.396294e-01
52 4.201556e-03 2.971235e-01 1.551747e-02 5.579503e-02 -5.280980e+01 -5.306111e+01 -1.199726e-02 -3.615612e-01
53 -7.980091e-02 -2.258649e-01 2.933521e-02 9.862930e-02 -4.220098e+01 -4.241666e+01 1.354652e-02 -5.799752e-01
54 -6.114436e-02 3.158890e-01 2.671767e-02 -1.817672e-02 -4.269078e+01 -4.257671e+01 7.881218e-03 4.307236e-02
55 -4.910832e-02 -1.453504e-01 1.400238e-02 6.240794e-02 -5.648672e+01 -5.670215e+01 -1.916000e-02 -1.269176e-01
56 -5.116076e-02 -9.968896e-02 3.184812e-03 8.213982e-03 -8.496218e+01 -8.512746e+01 -4.280931e-02 -1.293397e-01
57 -6.627368e-02 -1.325467e-01 5.403680e-04 1.078460e-03 -9.794656e+01 -9.807562e+01 -6.484518e-02 -1.279171e-01
58 -5.463781e-02 1.744623e-01 1.712089e-04 -5.406006e-04 -9.913456e+01 -9.868784e+01 -5.405520e-02 1.613513e-01
59 -4.178855e-02 -5.551428e-01 7.864771e-05 1.042141e-03 -9.949354e+01 -1.005096e+02 -4.154225e-02 -5.434135e-01
60 -7.774798e-02 1.355280e-02 6.285887e-05 -9.244909e-06 -9.979180e+01 -9.961797e+01 -7.771268e-02 1.036221e-03
61 -5.968743e-02 1.101189e-01 2.262261e-05 -4.163233e-05 -9.998882e+01 -9.965057e+01 -5.966930e-02 1.084332e-01
62 -5.053011e-02 2.155517e-01 3.150111e-05 -1.341119e-04 -9.996027e+01 -9.943050e+01 -5.043903e-02 2.126226e-01
63 -5.360774e-02 -6.415660e-01 1.244974e-04 1.500397e-03 -9.933673e+01 -1.005208e+02 -5.315561e-02 -6.526494e-01
64 -4.782381e-02 2.310577e-01 3.688905e-04 -1.716597e-03 -9.857423e+01 -9.805708e+01 -4.687009e-02 1.797601e-01
65 -4.271248e-02 1.758910e-01 9.977152e-04 -3.086314e-03 -9.584589e+01 -9.558359e+01 -4.002332e-02 -3.674767e-02
66 -3.908345e-02 -2.497069e-01 2.141690e-03 1.339297e-02 -9.071118e+01 -9.107594e+01 -3.300358e-02 -1.969234e-01
67 -4.404282e-02 -2.882722e-01 3.700103e-03 2.521589e-02 -8.735836e+01 -8.783099e+01 -3.570025e-02 -2.954358e-01
68 -3.661163e-02 1.549977e-01 6.217332e-03 -3.488312e-03 -7.320705e+01 -7.320727e+01 -1.532873e-02 -1.194262e-01
69 -4.979275e-02 -4.489579e-01 1.472643e-02 1.451198e-01 -5.831208e+01 -5.891991e+01 -1.178506e-02 -5.643663e-01
70 -4.257978e-02 2.605654e-01 1.377536e-02 -3.939165e-03 -5.646993e+01 -5.647449e+01 -7.954576e-03 -1.890169e-01
71 -4.654921e-02 1.663063e-01 1.673033e-02 4.163056e-04 -5.158090e+01 -5.154820e+01 -7.790854e-03 -1.118481e-01
72 -3.888901e-02 -3.883898e-02 1.231578e-02 9.483351e-02 -5.831344e+01 -5.868505e+01 -4.794089e-03 -3.270887e-01
73 -4.471234e-02 -3.361557e-01 1.752300e-02 1.130032e-01 -4.697316e+01 -4.724284e+01 -5.052385e-03 -4.315316e-01
74 -1.184817e-01 -1.189889e+00 9.800113e-03 -5.390776e-03 -6.931110e+01 -6.960848e+01 -7.455738e-02 -4.778866e-01
75 -5.509757e-02 1.998660e-01 3.050907e-04 -9.881411e-04 -9.875229e+01 -9.832858e+01 -5.463695e-02 8.697077e-02
76 -4.688627e-02 -3.047559e-01 2.166640e-04 1.405925e-03 -9.913375e+01 -9.964413e+01 -4.662483e-02 -3.002458e-01
77 -5.244633e-02 -2.648259e-01 8.039606e-05 4.051557e-04 -9.974927e+01 -1.001707e+02 -5.225384e-02 -2.607214e-01
78 -5.675319e-02 -1.728712e-01 2.095303e-05 6.443336e-05 -1.000028e+02 -1.002414e+02 -5.671644e-02 -1.825331e-01
79 -4.025662e-02 -1.331883e-02 1.536756e-05 5.114680e-06 -1.000098e+02 -9.995625e+01 -4.021818e-02 -1.378238e-02
80 -4.024498e-02 -2.637396e-01 2.856333e-05 1.871528e-04 -9.994352e+01 -1.003897e+02 -4.015282e-02 -2.628610e-01
81 -3.876716e-02 -2.992673e-01 4.447838e-05 3.431282e-04 -9.984752e+01 -1.003666e+02 -3.865787e-02 -2.972358e-01
82 -4.387338e-02 4.661829e-01 7.818364e-05 -8.144858e-04 -9.972584e+01 -9.874453e+01 -4.376056e-02 4.118556e-01
83 -5.127456e-02 5.100758e-01 2.693890e-04 -2.533418e-03 -9.880739e+01 -9.780212e+01 -5.083282e-02 3.558301e-01
84 -3.135265e-02 -2.481300e-01 5.347570e-04 4.063812e-03 -9.646592e+01 -9.684859e+01 -3.025257e-02 -1.807742e-01
85 -4.927006e-02 -9.371232e-02 1.453952e-03 2.372298e-03 -9.260313e+01 -9.264400e+01 -4.679061e-02 -4.565753e-02
86 -4.211049e-02 6.045138e-02 1.130445e-03 -1.292004e-03 -9.255144e+01 -9.240444e+01 -3.828373e-02 -9.683117e-03
87 -5.087310e-02 6.999514e-01 1.961220e-03 -2.251035e-02 -8.909648e+01 -8.812884e+01 -4.336988e-02 1.087646e-01
88 -3.592781e-02 2.627446e-02 1.458538e-03 5.278686e-04 -8.968335e+01 -8.969503e+01 -2.927869e-02 -1.116580e-01
89 -6.256419e-02 -1.216988e-01 1.544568e-03 3.366669e-03 -9.437538e+01 -9.453978e+01 -5.730023e-02 -1.823934e-01
90 -5.688920e-02 2.312796e-01 2.164708e-04 -8.369187e-04 -9.917972e+01 -9.865264e+01 -5.621925e-02 1.642146e-01
91 -4.554669e-02 -1.501718e-01 2.342875e-05 7.725641e-05 -9.997559e+01 -1.001847e+02 -4.548636e-02 -1.500868e-01
92 -5.521879e-02 4.508740e-01 1.861226e-05 -1.515887e-04 -1.000060e+02 -9.899908e+01 -5.518387e-02 4.437833e-01
93 -4.958060e-02 -2.355875e-01 7.993999e-06 3.796153e-05 -1.000557e+02 -1.004270e+02 -4.955413e-02 -2.346149e-01
94 -5.101993e-02 -3.563984e-01 3.279136e-06 2.290212e-05 -1.000770e+02 -1.006874e+02 -5.101257e-02 -3.559550e-01
95 -4.986267e-02 2.500088e-01 1.309033e-06 -6.562690e-06 -1.000922e+02 -9.949264e+01 -4.985996e-02 2.498280e-01
96 -4.772681e-02 -2.501382e-01 2.344096e-06 1.228680e-05 -1.000853e+02 -1.004902e+02 -4.771963e-02 -2.502597e-01
97 -4.764641e-02 1.846860e-01 5.245635e-06 -2.029377e-05 -1.000778e+02 -9.961466e+01 -4.763754e-02 1.825166e-01
98 -4.145407e-02 7.910815e-02 1.438456e-05 -2.734055e-05 -1.000233e+02 -9.978359e+01 -4.141345e-02 7.713727e-02
99 -3.737401e-02 1.889086e-01 4.486684e-05 -2.253905e-04 -9.985216e+01 -9.940513e+01 -3.727077e-02 1.814849e-01
100 -3.051442e-02 -1.850345e-01 8.777579e-05 5.337211e-04 -9.962198e+01 -9.993161e+01 -3.028685e-02 -1.867125e-01
101 -4.507086e-02 -7.025841e-01 2.474661e-04 3.801419e-03 -9.882156e+01 -1.000818e+02 -4.440349e-02 -6.327658e-01
102 -4.240858e-02 1.259412e-01 3.960317e-04 -1.089512e-03 -9.746879e+01 -9.717705e+01 -4.051282e-02 6.858730e-02
103 -4.624651e-02 -4.393672e-01 7.865905e-04 6.744296e-03 -9.624020e+01 -9.684442e+01 -4.474967e-02 -2.078190e-01
104 -3.271577e-02 -3.561620e-01 5.267389e-04 5.560856e-03 -9.598325e+01 -9.656324e+01 -3.081595e-02 -2.730464e-01
105 -4.681302e-02 1.295335e-03 6.076393e-04 3.717043e-04 -9.698740e+01 -9.700533e+01 -4.424373e-02 -1.489910e-01
106 -4.293314e-02 3.286402e-02 1.132830e-03 -5.258135e-04 -9.510677e+01 -9.500959e+01 -4.024798e-02 -3.595265e-02
107 -5.629959e-02 -2.807033e-01 1.505999e-04 7.505370e-04 -9.955276e+01 -9.999822e+01 -5.569874e-02 -2.769481e-01
108 -4.706599e-02 -1.514309e-01 1.111154e-04 3.616039e-04 -9.955037e+01 -9.976488e+01 -4.670812e-02 -1.604675e-01
109 -5.688976e-02 -1.913472e-01 6.857155e-05 2.344600e-04 -9.972945e+01 -1.000099e+02 -5.662027e-02 -2.085135e-01
110 -4.397140e-02 -1.795635e-01 1.232886e-04 4.989922e-04 -9.939414e+01 -9.965718e+01 -4.354081e-02 -1.683675e-01
111 -7.146487e-02 3.457408e-01 4.288483e-05 -2.057907e-04 -9.980090e+01 -9.898048e+01 -7.109491e-02 3.274326e-01
112 -9.097558e-02 2.129398e-01 3.946724e-06 -9.234270e-06 -1.000900e+02 -9.948290e+01 -9.094056e-02 2.123696e-01
113 -5.234765e-02 -1.456966e-01 1.214778e-06 3.381348e-06 -1.000948e+02 -1.002815e+02 -5.234374e-02 -1.457666e-01
114 -3.777727e-02 -2.209914e-02 6.686372e-07 3.911165e-07 -1.000860e+02 -1.000547e+02 -3.777516e-02 -2.208920e-02
115 -3.919653e-02 -7.052992e-02 1.594031e-06 2.869887e-06 -1.000862e+02 -1.001491e+02 -3.919164e-02 -7.075702e-02
116 -5.260449e-02 -5.301708e-01 8.605343e-06 8.660463e-05 -1.000602e+02 -1.010119e+02 -5.257515e-02 -5.253463e-01
117 -5.201246e-02 1.025016e-02 2.780308e-05 -4.890469e-06 -9.995750e+01 -9.983754e+01 -5.191123e-02 3.679216e-03
118 -4.980123e-02 1.655580e-01 4.785284e-05 -1.563546e-04 -9.984403e+01 -9.942558e+01 -4.965534e-02 1.482244e-01
