0 -7.069407e-02 -1.878711e-01 2.355297e-02 9.443676e-01 -7.327648e+00 -7.687439e+00 1.346366e-02 -3.764987e+00
1 -3.205116e-02 -2.796735e-01 2.971989e-01 9.536591e+01 -3.824959e-02 -3.887405e-02 5.648456e-01 9.994852e+01
2 4.101023e-02 -2.967930e-01 3.724573e-01 6.996397e+00 -2.108642e-01 -2.131363e-01 6.966994e-01 3.660272e+01
3 -2.426226e-01 5.917772e-01 2.238953e-01 -4.268876e+00 -1.734573e+00 -1.782961e+00 3.379582e-01 6.663121e+00
4 -6.555100e-02 8.846572e-01 1.733701e-01 1.960933e+00 -4.758963e+00 -4.889198e+00 2.592100e-01 5.838314e+00
5 -7.340980e-02 -9.170985e-02 1.110105e-01 9.371126e-01 -1.258338e+01 -1.282462e+01 1.441027e-01 7.021740e-01
6 -5.758372e-02 -1.003618e-01 3.731225e-02 -9.309329e-02 -3.136399e+01 -3.116532e+01 1.971784e-02 3.852705e-02
7 -6.203329e-02 5.214771e-01 1.512490e-02 -6.560398e-03 -5.039010e+01 -5.041655e+01 -2.002000e-02 -2.610780e-01
8 -7.108374e-02 3.796939e-01 7.854426e-03 -3.116362e-02 -6.336346e+01 -6.303468e+01 -4.014117e-02 -1.179953e-01
9 -7.221152e-02 2.347873e-01 4.231926e-03 -1.462476e-02 -7.926280e+01 -7.869497e+01 -5.934564e-02 -6.987291e-02
10 -5.905117e-02 3.606626e-01 2.965039e-03 -1.558558e-02 -8.342536e+01 -8.284731e+01 -5.021287e-02 8.216335e-02
11 -4.720766e-02 -2.295104e-01 4.809610e-03 2.185710e-02 -7.279935e+01 -7.304816e+01 -2.486515e-02 -1.744476e-01
12 -5.526943e-02 -5.753282e-02 2.569457e-02 -1.015049e-01 -3.083133e+01 -3.067721e+01 7.085542e-03 -2.331397e-01
13 -4.996577e-02 6.245227e-02 7.873810e-02 2.807288e+00 -9.402237e+00 -9.924868e+00 9.705229e-02 2.644204e+00
14 -4.488531e-02 8.892801e-02 1.262076e-01 7.981617e+00 -3.199224e+00 -3.389486e+00 1.860388e-01 2.384444e+01
15 -6.064059e-02 8.115859e-02 6.767053e-02 1.018698e+00 -1.041740e+01 -1.063576e+01 6.240908e-02 -1.701460e-01
16 -4.531153e-02 -4.018835e-01 7.068075e-02 6.083046e+00 -6.016834e+00 -6.604284e+00 7.929323e-02 1.037913e+01
17 -5.396662e-02 6.516618e-02 1.333889e-01 7.672645e-01 -4.820167e+00 -4.882273e+00 1.943016e-01 3.448856e+00
18 -5.560684e-02 -2.861118e-02 5.347369e-02 2.994381e-01 -1.930679e+01 -1.948526e+01 4.750717e-02 -3.153746e-01
19 -5.080992e-02 2.413340e+00 2.478583e-02 1.246243e-01 -3.515290e+01 -3.533954e+01 -6.453659e-03 1.303751e-02
20 -1.159177e-01 1.585862e+00 1.959236e-02 4.171106e-02 -4.936052e+01 -4.949285e+01 -2.870095e-02 -1.770225e-01
21 -6.687507e-02 9.586577e-01 6.816711e-03 4.453503e-02 -6.901556e+01 -6.946102e+01 -4.213134e-02 -5.212638e-02
22 -6.282006e-02 3.542911e-03 3.552928e-03 1.036322e-02 -8.814309e+01 -8.845982e+01 -5.377062e-02 -2.143798e-01
23 -6.791185e-02 -1.578261e-01 1.117789e-03 2.978528e-03 -9.470312e+01 -9.494125e+01 -6.447242e-02 -1.827776e-01
24 -6.535493e-02 9.891576e-01 2.170536e-04 4.367282e-03 -8.497227e+01 -8.979502e+01 -6.335656e-02 -4.352963e+00
25 -1.032858e-01 -2.274667e-01 2.429935e-04 3.385338e-03 -9.111711e+01 -9.549014e+01 -1.133806e-01 -4.785752e+00
26 -4.828994e-02 -2.668950e-01 1.945285e-05 1.079068e-04 -9.999891e+01 -1.004396e+02 -4.822777e-02 -2.723145e-01
27 -6.011516e-02 6.357707e-01 1.019804e-04 -9.841605e-04 -9.915385e+01 -9.798277e+01 -6.016567e-02 3.359714e-01
28 -5.574509e-02 7.027017e-01 8.594154e-04 -8.694290e-03 -9.512074e+01 -9.415105e+01 -5.190739e-02 1.003033e-01
29 -4.191818e-02 -3.222117e-02 4.099936e-03 -1.193798e-02 -7.963147e+01 -7.930884e+01 -2.663731e-02 6.255075e-02
30 -4.362854e-02 -2.134472e-01 5.591012e-03 1.254643e-02 -7.773529e+01 -7.771960e+01 -2.310836e-02 6.980295e-02
31 -5.114332e-02 -3.410469e-01 5.629625e-03 3.717244e-02 -8.044911e+01 -8.089056e+01 -3.342293e-02 -1.934940e-01
32 -4.268920e-02 2.760510e-02 1.076846e-02 7.169788e-02 -6.321796e+01 -6.352829e+01 -1.203789e-02 -1.205034e-01
33 -4.491410e-02 1.271174e-01 2.433440e-02 1.460202e-01 -4.140116e+01 -4.166730e+01 9.738684e-03 -3.300888e-01
34 -4.545218e-02 -1.606559e-01 3.922566e-02 5.898152e-01 -1.755805e+01 -1.788949e+01 4.369818e-02 -7.987493e-01
35 -4.428758e-02 -7.414709e-02 8.906593e-02 2.273908e+00 -7.704541e+00 -7.963380e+00 1.213464e-01 4.036749e+00
36 -5.201060e-02 2.840129e-01 8.890235e-02 5.346511e-02 -6.996769e+00 -7.077415e+00 1.147479e-01 -2.178572e-01
37 -5.582278e-02 1.882059e-02 7.933557e-02 1.129917e+00 -9.937881e+00 -1.029817e+01 8.917595e-02 -1.845123e+00
38 -4.253920e-02 1.206348e-01 9.951421e-02 6.484943e+00 -5.155724e+00 -5.492871e+00 1.419243e-01 1.534066e+01
39 -8.523259e-02 -3.969587e-02 5.832652e-02 5.062279e-01 -2.082947e+01 -2.120225e+01 5.447840e-02 -1.375486e+00
40 -5.933080e-02 -4.595820e-01 8.926243e-03 1.873304e-02 -6.689895e+01 -6.684115e+01 -2.068245e-02 6.386638e-02
41 -8.832741e-02 3.266120e-02 3.718282e-03 -3.058191e-04 -8.809800e+01 -8.796590e+01 -5.915980e-02 -2.435490e-02
42 -5.652827e-02 2.046493e-01 9.906831e-04 -3.031097e-03 -9.404752e+01 -9.366028e+01 -5.194114e-02 7.143802e-02
43 -4.873322e-02 -3.633378e-01 2.302551e-04 1.663226e-03 -9.867710e+01 -9.925430e+01 -4.790695e-02 -2.931653e-01
44 -6.287752e-02 9.576550e-02 1.019791e-04 -1.566334e-04 -9.953699e+01 -9.921767e+01 -6.272886e-02 1.002776e-01
45 -3.890272e-02 5.709487e-03 3.552061e-05 -4.541488e-06 -9.987252e+01 -9.978640e+01 -3.878452e-02 1.306403e-03
46 -4.645367e-02 -1.371399e-01 4.019480e-05 1.191818e-04 -9.989788e+01 -1.000813e+02 -4.634158e-02 -1.403636e-01
47 -4.228822e-02 2.129158e-02 9.954399e-05 -4.463075e-05 -9.951201e+01 -9.939479e+01 -4.190730e-02 7.563069e-03
48 -5.395306e-02 1.036302e+00 4.174489e-04 -7.637966e-03 -9.800516e+01 -9.605674e+01 -5.228626e-02 7.409583e-01
49 -6.036165e-02 7.997783e-01 2.745851e-03 -9.602793e-03 -8.777174e+01 -8.772811e+01 -5.104873e-02 -3.370997e-01
50 -5.085305e-02 -1.625736e-01 1.292847e-02 -1.723702e-02 -5.587790e+01 -5.593867e+01 -8.405947e-03 -3.574891e-01
51 -3.620017e-02 -8.346103e-01 1.888531e-02 -8.859728e-02 -3.754656e+01 -3.740230e+01 3.126130e-04 -1.076611e-01
52 1.554712e-03 2.451522e-01 2.183203e-02 7.953545e-02 -4.112521e+01 -4.134829e+01 3.007250e-04 -4.852732e-01
53 -7.904477e-02 5.064420e-03 3.282368e-02 2.861354e-01 -3.273877e+01 -3.318603e+01 2.332137e-02 -9.858726e-01
54 -6.598856e-02 1.231575e-02 3.273301e-02 -1.877741e-02 -3.548121e+01 -3.539484e+01 1.839777e-02 1.993085e-02
55 -5.380176e-02 3.158630e-01 1.288066e-02 6.553585e-03 -5.672060e+01 -5.678318e+01 -2.199844e-02 -9.423289e-02
56 -5.169612e-02 1.191175e-02 1.702407e-03 -8.593387e-05 -9.139006e+01 -9.130991e+01 -4.506696e-02 -5.463527e-02
57 -6.317261e-02 2.422953e-01 3.665066e-04 -1.322142e-03 -9.814789e+01 -9.760314e+01 -6.171249e-02 1.569643e-01
58 -5.315639e-02 9.015895e-02 1.478248e-04 -2.454859e-04 -9.910541e+01 -9.882898e+01 -5.242228e-02 7.777695e-02
59 -4.757617e-02 2.549526e-03 6.058850e-05 5.957175e-07 -9.967383e+01 -9.958593e+01 -4.733195e-02 -1.527008e-02
60 -6.855960e-02 8.761508e-01 2.773725e-05 -3.529306e-04 -9.995113e+01 -9.807872e+01 -6.854489e-02 8.533651e-01
61 -5.882185e-02 7.306921e-02 8.748491e-06 -1.084276e-05 -1.000602e+02 -9.979721e+01 -5.879798e-02 7.204505e-02
62 -4.485931e-02 5.263268e-02 1.086984e-05 -1.268922e-05 -1.000413e+02 -9.984743e+01 -4.482152e-02 5.100173e-02
63 -4.531113e-02 -1.055584e+00 4.334952e-05 1.007175e-03 -9.983870e+01 -1.018429e+02 -4.514791e-02 -1.034202e+00
64 -4.580868e-02 5.006653e-01 1.627754e-04 -1.749777e-03 -9.943681e+01 -9.838409e+01 -4.526844e-02 4.473079e-01
65 -4.740269e-02 2.610508e-01 7.078285e-04 -2.913525e-03 -9.700479e+01 -9.664836e+01 -4.502472e-02 -6.613238e-02
66 -4.194900e-02 -4.544344e-01 2.174782e-03 2.433927e-02 -8.908938e+01 -8.986388e+01 -3.271915e-02 -4.486051e-01
67 -4.182885e-02 5.263375e-02 3.157508e-03 1.397429e-03 -8.789388e+01 -8.794568e+01 -3.324061e-02 -1.956386e-01
68 -3.570859e-02 8.275218e-02 5.363697e-03 -5.201055e-03 -7.449228e+01 -7.445910e+01 -1.466102e-02 -1.204831e-01
69 -5.038730e-02 -1.596556e-01 1.681051e-02 7.897598e-02 -5.403007e+01 -5.430898e+01 -5.291055e-03 -4.014841e-01
70 -4.343814e-02 -6.596465e-01 1.729793e-02 1.212337e-01 -4.650436e+01 -4.678813e+01 2.160891e-03 -2.271163e-01
71 -4.735124e-02 -1.781096e-01 2.453212e-02 1.411765e-01 -3.928962e+01 -3.955141e+01 5.881399e-03 -5.210741e-01
72 -3.956527e-02 7.906796e-02 1.848270e-02 1.636063e-01 -4.404129e+01 -4.443952e+01 8.548198e-03 -6.555856e-01
73 -5.189597e-02 -2.386544e-01 2.297092e-02 1.562419e-01 -4.074550e+01 -4.104917e+01 6.345997e-03 -4.629175e-01
74 -1.415750e-01 -1.325235e-01 5.871403e-03 2.989220e-02 -8.105521e+01 -8.120203e+01 -6.966888e-02 3.974645e-01
75 -4.905779e-02 1.412883e-01 3.547772e-04 -8.944597e-04 -9.844051e+01 -9.813279e+01 -4.798294e-02 4.507695e-02
76 -4.745110e-02 1.938568e-01 2.239245e-04 -8.940271e-04 -9.899382e+01 -9.853323e+01 -4.684064e-02 1.656826e-01
77 -5.262311e-02 5.203886e-01 5.060579e-05 -4.987611e-04 -9.985617e+01 -9.871968e+01 -5.246330e-02 5.084281e-01
78 -5.433837e-02 3.464709e-01 1.186634e-05 -7.542589e-05 -1.000400e+02 -9.924312e+01 -5.430407e-02 3.397946e-01
79 -4.284057e-02 8.673070e-02 1.025312e-05 -2.069784e-05 -1.000345e+02 -9.977646e+01 -4.280610e-02 8.517161e-02
80 -4.085654e-02 5.000309e-02 2.641174e-05 -3.191591e-05 -9.994598e+01 -9.976709e+01 -4.073256e-02 4.608708e-02
81 -4.180589e-02 -1.005235e-01 5.904012e-05 1.425659e-04 -9.976150e+01 -9.988023e+01 -4.157663e-02 -1.024866e-01
82 -3.538311e-02 -8.335919e-02 6.701787e-05 1.591286e-04 -9.968387e+01 -9.978201e+01 -3.511894e-02 -8.665599e-02
83 -4.738977e-02 4.332544e-02 1.676044e-04 -1.103974e-04 -9.930329e+01 -9.917050e+01 -4.687148e-02 -2.518643e-02
84 -2.266202e-02 -1.997502e-01 3.018904e-04 2.585723e-03 -9.723519e+01 -9.756176e+01 -2.246497e-02 -1.666596e-01
85 -5.070739e-02 -2.644008e-01 1.877198e-03 8.059875e-03 -9.029356e+01 -9.053536e+01 -4.547899e-02 -7.282417e-02
86 -4.231384e-02 1.533389e-01 1.807032e-03 -2.856448e-03 -8.742286e+01 -8.736391e+01 -3.348740e-02 -2.431120e-01
87 -5.174710e-02 -1.748254e-01 2.919630e-03 1.339470e-02 -8.293468e+01 -8.331110e+01 -3.825222e-02 -3.100808e-01
88 -3.732486e-02 -2.181212e-01 2.513514e-03 1.116962e-02 -8.382970e+01 -8.397165e+01 -2.449279e-02 1.414963e-02
89 -6.298096e-02 -1.655064e-01 1.661900e-03 4.571396e-03 -9.358654e+01 -9.380473e+01 -5.636231e-02 -1.817990e-01
90 -5.875259e-02 3.322101e-01 1.612399e-04 -9.067987e-04 -9.952135e+01 -9.875151e+01 -5.814633e-02 3.183360e-01
91 -5.013145e-02 -2.637513e-01 3.104151e-05 1.631928e-04 -9.993684e+01 -1.003626e+02 -5.001321e-02 -2.619455e-01
92 -5.488947e-02 2.843573e-01 2.062099e-05 -1.067563e-04 -9.996730e+01 -9.929045e+01 -5.479288e-02 2.827204e-01
93 -5.223904e-02 2.622857e-02 6.494637e-06 -3.269791e-06 -1.000654e+02 -9.990821e+01 -5.220874e-02 2.664243e-02
94 -4.827288e-02 -1.614016e-01 1.896644e-06 6.339783e-06 -1.000805e+02 -1.003065e+02 -4.826699e-02 -1.611237e-01
95 -5.457429e-02 1.451134e-02 1.123090e-06 -2.967752e-07 -1.001028e+02 -9.996504e+01 -5.457033e-02 1.396987e-02
96 -4.222518e-02 -2.758522e-03 2.119840e-06 1.400535e-07 -1.000720e+02 -9.999317e+01 -4.221702e-02 -2.945042e-03
97 -3.998776e-02 -1.195620e-02 2.865710e-06 8.578353e-07 -1.000758e+02 -1.000198e+02 -3.997898e-02 -1.203706e-02
98 -4.192795e-02 -4.719379e-02 8.867061e-06 1.003359e-05 -1.000491e+02 -1.000607e+02 -4.189799e-02 -4.865706e-02
99 -3.883378e-02 -2.065930e-01 2.913912e-05 1.551626e-04 -9.992519e+01 -1.002609e+02 -3.872161e-02 -2.071459e-01
100 -3.272590e-02 -7.661371e-02 8.241634e-05 1.997100e-04 -9.960238e+01 -9.970029e+01 -3.239193e-02 -9.159422e-02
101 -4.321748e-02 -1.534968e-01 2.385890e-04 8.637190e-04 -9.898466e+01 -9.921425e+01 -4.245095e-02 -1.675948e-01
102 -3.861722e-02 5.713588e-01 3.986383e-04 -5.626417e-03 -9.730050e+01 -9.622312e+01 -3.613647e-02 3.959306e-01
103 -4.654788e-02 -3.509029e-01 1.150395e-03 8.174733e-03 -9.431320e+01 -9.482055e+01 -4.295462e-02 -2.462840e-01
104 -3.218469e-02 -5.372136e-02 8.701903e-04 6.852477e-04 -9.333924e+01 -9.328132e+01 -2.757692e-02 7.638076e-02
105 -4.319085e-02 -2.145414e-01 1.005449e-03 5.092675e-03 -9.378847e+01 -9.412054e+01 -3.832425e-02 -2.033138e-01
106 -5.031456e-02 -3.622422e-01 1.960631e-03 1.402269e-02 -9.217594e+01 -9.274274e+01 -4.399229e-02 -3.140559e-01
107 -5.567352e-02 4.624011e-03 1.820985e-04 -1.360534e-05 -9.941871e+01 -9.930094e+01 -5.493619e-02 1.651435e-03
108 -4.326394e-02 -1.530713e-01 1.751175e-04 6.330053e-04 -9.916751e+01 -9.939784e+01 -4.248302e-02 -1.696432e-01
109 -5.621468e-02 -4.990746e-01 1.288443e-04 1.137115e-03 -9.933579e+01 -1.002026e+02 -5.551151e-02 -4.748209e-01
110 -4.185312e-02 5.197028e-02 1.942816e-04 -2.351316e-04 -9.898130e+01 -9.880113e+01 -4.100157e-02 4.325292e-02
111 -6.917649e-02 -5.576071e-02 4.103529e-05 3.244304e-05 -9.980121e+01 -9.977022e+01 -6.881386e-02 -4.916085e-02
112 -8.413601e-02 2.028022e-01 5.174657e-06 -1.247145e-05 -1.000788e+02 -9.950541e+01 -8.409033e-02 2.025372e-01
113 -5.293637e-02 2.268608e-01 1.250329e-06 -5.358211e-06 -1.000938e+02 -9.953427e+01 -5.293184e-02 2.268086e-01
114 -3.425809e-02 4.124010e-02 5.680050e-07 -6.835529e-07 -1.000852e+02 -9.993423e+01 -3.425554e-02 4.115831e-02
115 -3.477924e-02 4.920737e-02 1.756431e-06 -2.485118e-06 -1.000775e+02 -9.990953e+01 -3.477192e-02 4.920050e-02
116 -4.650051e-02 9.239819e-01 5.709744e-06 -1.134113e-04 -1.000692e+02 -9.813021e+01 -4.647842e-02 9.214240e-01
117 -5.061813e-02 -8.018721e-02 2.312564e-05 3.703815e-05 -9.997374e+01 -1.000363e+02 -5.051306e-02 -8.527586e-02
118 -5.016511e-02 9.105265e-02 6.439550e-05 -1.161335e-04 -9.973951e+01 -9.946045e+01 -4.987388e-02 8.706647e-02
