0 -6.800303e-02 -2.717285e-01 2.345141e-02 1.395633e+00 -6.139270e+00 -6.843780e+00 1.765551e-02 -1.193349e+01
1 -2.624662e-02 -2.275337e-01 4.041799e-01 9.869564e+01 -4.417016e-03 -4.426556e-03 7.782514e-01 9.999646e+01
2 3.058466e-02 -4.675113e-02 4.500411e-01 1.312718e+01 -8.749503e-02 -8.792878e-02 8.371261e-01 4.418825e+01
3 -2.621059e-01 5.424209e-01 2.374316e-01 -3.909930e+00 -1.675304e+00 -1.692550e+00 3.642777e-01 2.497569e+00
4 -6.354410e-02 -1.396590e+00 1.398521e-01 -3.042686e-01 -6.752466e+00 -6.773227e+00 2.000781e-01 -8.233068e-01
5 -6.968582e-02 -3.089127e-02 8.261097e-02 6.528712e-01 -1.758938e+01 -1.781983e+01 9.290074e-02 3.063318e-01
6 -5.715653e-02 3.454474e-02 2.677754e-02 5.024398e-02 -3.637175e+01 -3.644360e+01 3.646240e-03 -1.570508e-01
7 -6.596876e-02 1.411688e+00 1.163768e-02 2.136185e-02 -5.712607e+01 -5.720807e+01 -2.873575e-02 -4.273515e-02
8 -6.994742e-02 -1.495555e+00 4.526740e-03 5.424305e-02 -7.235163e+01 -7.320698e+01 -5.139908e-02 -4.560647e-02
9 -6.972481e-02 -4.855528e-01 1.977658e-03 8.631200e-03 -8.922171e+01 -8.943754e+01 -6.582813e-02 1.020535e-01
10 -5.887025e-02 4.919774e-01 1.841758e-03 -1.066531e-02 -8.779974e+01 -8.727534e+01 -5.098201e-02 -6.608588e-02
11 -4.954380e-02 -2.434462e-01 3.228999e-03 -3.048320e-04 -7.619964e+01 -7.601212e+01 -3.075348e-02 3.454539e-02
12 -5.382578e-02 -1.687481e-01 1.870954e-02 6.773075e-02 -3.563153e+01 -3.562932e+01 -2.873506e-04 4.125370e-01
13 -5.213510e-02 2.753590e-01 7.063621e-02 2.090521e+00 -1.085919e+01 -1.127484e+01 8.325631e-02 1.104806e+00
14 -4.543774e-02 -2.550985e-02 1.332062e-01 1.016698e+01 -2.843258e+00 -3.052615e+00 1.878175e-01 2.971752e+01
15 -6.070649e-02 -1.570112e-02 6.928551e-02 -1.529858e+00 -8.888832e+00 -8.574252e+00 6.303579e-02 -1.375779e+00
16 -4.354221e-02 -2.360993e-01 8.170922e-02 8.957958e+00 -3.890107e+00 -4.233674e+00 1.029569e-01 2.502487e+01
17 -5.451595e-02 5.665413e-02 1.527352e-01 3.954771e+00 -3.779958e+00 -3.911615e+00 2.255216e-01 1.097139e+01
18 -5.610427e-02 1.356012e-01 5.104285e-02 1.071201e-01 -1.930009e+01 -1.936645e+01 4.196790e-02 -2.095387e-01
19 -5.153778e-02 1.492935e+00 2.328468e-02 2.630438e-02 -3.494534e+01 -3.494376e+01 -1.268874e-02 -1.570898e-01
20 -1.293664e-01 2.154330e+00 1.771395e-02 -6.813620e-03 -4.895390e+01 -4.900749e+01 -3.153802e-02 -3.697392e-01
21 -6.834525e-02 1.045523e+00 5.265089e-03 1.278491e-02 -7.150254e+01 -7.136995e+01 -4.709156e-02 1.281078e-01
22 -6.533581e-02 1.743552e-02 2.211235e-03 4.142438e-03 -9.207335e+01 -9.230977e+01 -5.989613e-02 -2.596078e-01
23 -6.947997e-02 -4.180184e-01 5.286282e-04 3.207202e-03 -9.721342e+01 -9.790246e+01 -6.747201e-02 -4.028321e-01
24 -6.398325e-02 -9.206745e-01 7.874137e-05 1.756910e-03 -9.583821e+01 -9.939315e+01 -6.558586e-02 -3.322563e+00
25 -9.703932e-02 -1.350158e+00 8.751114e-05 1.487104e-03 -9.722273e+01 -1.008451e+02 -9.994426e-02 -2.908750e+00
26 -4.949368e-02 1.091411e-01 1.008632e-05 -2.224990e-05 -1.000404e+02 -9.972311e+01 -4.945379e-02 1.092871e-01
27 -5.881025e-02 1.564340e+00 5.091675e-05 -1.321557e-03 -9.962281e+01 -9.653680e+01 -5.864650e-02 1.341178e+00
28 -5.946554e-02 3.585050e-01 5.768484e-04 -2.651709e-03 -9.617383e+01 -9.567117e+01 -5.581511e-02 -2.662649e-02
29 -4.422917e-02 -6.019794e-01 4.079333e-03 3.290356e-02 -7.855718e+01 -7.885157e+01 -2.497266e-02 9.189703e-04
30 -4.367232e-02 -4.685918e-01 6.152732e-03 4.846405e-02 -7.427276e+01 -7.457997e+01 -1.891408e-02 3.525923e-02
31 -4.599562e-02 -2.228845e-02 4.481818e-03 4.037679e-03 -8.158536e+01 -8.161311e+01 -3.049829e-02 -1.418058e-01
32 -4.222264e-02 1.903743e-01 9.796291e-03 3.411872e-02 -6.541151e+01 -6.563392e+01 -1.271552e-02 -1.927830e-01
33 -4.457135e-02 1.209978e-01 1.956894e-02 3.253828e-02 -4.652848e+01 -4.661215e+01 2.558758e-03 -1.733863e-01
34 -4.282137e-02 -1.848551e-01 3.480093e-02 3.374535e-01 -1.931009e+01 -1.953676e+01 3.728583e-02 -6.671812e-01
35 -4.398671e-02 -2.046294e-01 9.464034e-02 2.888757e+00 -6.540187e+00 -6.812615e+00 1.291591e-01 5.874213e+00
36 -5.120019e-02 4.175030e-02 9.909710e-02 3.275247e+00 -5.581394e+00 -5.810518e+00 1.401964e-01 8.316531e+00
37 -5.456871e-02 -5.037328e-01 8.558170e-02 -9.632531e-02 -7.403216e+00 -7.547396e+00 9.731641e-02 -2.728217e+00
38 -4.476078e-02 6.854525e-02 1.095806e-01 1.045560e+01 -3.761956e+00 -4.106765e+00 1.543886e-01 2.588756e+01
39 -9.162837e-02 -3.163574e-01 5.414631e-02 6.859419e-01 -2.244320e+01 -2.305485e+01 4.681709e-02 -1.531708e+00
40 -5.352167e-02 7.103148e-01 6.419216e-03 -3.145039e-02 -7.081834e+01 -7.068883e+01 -2.503465e-02 -2.981879e-01
41 -9.203315e-02 -6.457661e-01 3.629776e-03 2.283244e-02 -8.839281e+01 -8.909149e+01 -5.970588e-02 -1.699749e-01
42 -5.601439e-02 4.281289e-01 7.525858e-04 -4.962157e-03 -9.499986e+01 -9.428873e+01 -5.173123e-02 1.332435e-01
43 -5.487828e-02 -2.145634e-01 1.581768e-04 6.248980e-04 -9.907463e+01 -9.939972e+01 -5.419697e-02 -2.242974e-01
44 -5.714935e-02 3.246941e-01 6.510766e-05 -3.622245e-04 -9.970907e+01 -9.897459e+01 -5.693523e-02 2.840127e-01
45 -4.564784e-02 3.257754e-01 3.904564e-05 -2.776748e-04 -9.986392e+01 -9.912753e+01 -4.545648e-02 3.175820e-01
46 -3.887695e-02 -2.785186e-02 2.435726e-05 1.726339e-05 -9.995297e+01 -9.992977e+01 -3.879181e-02 -2.601663e-02
47 -3.914338e-02 7.893400e-02 6.648849e-05 -1.326321e-04 -9.967492e+01 -9.944319e+01 -3.885221e-02 7.339098e-02
48 -4.749751e-02 -8.413383e-02 2.610674e-04 4.582473e-04 -9.855410e+01 -9.862316e+01 -4.611662e-02 -7.750926e-02
49 -5.821586e-02 8.771216e-01 1.735525e-03 -1.498454e-02 -9.162314e+01 -9.098173e+01 -5.172752e-02 -1.343223e-01
50 -5.247153e-02 -7.068490e-01 1.114920e-02 3.713870e-02 -5.814389e+01 -5.833952e+01 -1.178677e-02 -3.173185e-01
51 -3.571762e-02 -9.593044e-01 2.153505e-02 1.744418e-01 -3.509719e+01 -3.539607e+01 5.049369e-03 -4.528298e-01
52 -2.291629e-03 3.449155e-01 2.480668e-02 1.470954e-01 -3.576953e+01 -3.608994e+01 6.562555e-03 -5.450014e-01
53 -7.572076e-02 1.092582e-01 3.443028e-02 2.968647e-01 -2.837757e+01 -2.870115e+01 2.663279e-02 -6.789275e-01
54 -6.831372e-02 -3.232074e-01 3.499433e-02 9.056435e-02 -3.275254e+01 -3.280230e+01 2.268497e-02 8.987782e-02
55 -5.601324e-02 7.276823e-02 1.164990e-02 -1.545214e-02 -5.864675e+01 -5.853283e+01 -2.511444e-02 -2.075156e-01
56 -4.917624e-02 -2.274271e-01 1.127299e-03 5.023429e-03 -9.414365e+01 -9.444699e+01 -4.413878e-02 -1.601754e-01
57 -6.237351e-02 -2.381642e-01 3.292680e-04 1.247699e-03 -9.814811e+01 -9.848632e+01 -6.086718e-02 -2.218264e-01
58 -5.502608e-02 2.961803e-02 1.323839e-04 -7.034119e-05 -9.918931e+01 -9.902310e+01 -5.422497e-02 2.706707e-02
59 -4.939575e-02 1.133919e-01 4.626148e-05 -1.042424e-04 -9.979400e+01 -9.947766e+01 -4.919457e-02 1.006115e-01
60 -6.536475e-02 2.939071e-01 1.647496e-05 -7.373935e-05 -1.000185e+02 -9.930581e+01 -6.533912e-02 2.857683e-01
61 -5.566526e-02 -4.701327e-01 4.792613e-06 4.046713e-05 -1.000743e+02 -1.009026e+02 -5.564998e-02 -4.693141e-01
62 -4.146239e-02 -4.737295e-02 6.173094e-06 7.058368e-06 -1.000546e+02 -1.000666e+02 -4.143945e-02 -4.755966e-02
63 -4.039243e-02 -5.035224e-01 2.262107e-05 2.815480e-04 -9.996247e+01 -1.008842e+02 -4.028773e-02 -4.974190e-01
64 -4.261534e-02 4.226249e-01 9.915151e-05 -9.731935e-04 -9.965080e+01 -9.874241e+01 -4.222343e-02 3.931820e-01
65 -4.853012e-02 -1.943641e-01 5.570315e-04 2.548178e-03 -9.762374e+01 -9.800822e+01 -4.648363e-02 -3.120258e-01
66 -4.311285e-02 -2.631703e-01 2.179742e-03 1.584759e-02 -8.823422e+01 -8.876596e+01 -3.209687e-02 -3.872401e-01
67 -4.400090e-02 1.652216e-01 3.439924e-03 -7.285745e-03 -8.630113e+01 -8.615510e+01 -3.352670e-02 -9.381131e-02
68 -3.583692e-02 9.368996e-02 5.077077e-03 3.379116e-03 -7.469008e+01 -7.477350e+01 -1.482899e-02 -1.935514e-01
69 -5.036936e-02 -2.955184e-01 1.714377e-02 6.388459e-02 -5.366165e+01 -5.384814e+01 -3.336585e-03 -3.281750e-01
70 -4.390084e-02 -5.765352e-01 1.874155e-02 1.116358e-01 -4.229203e+01 -4.252577e+01 5.173987e-03 -2.686827e-01
71 -4.773677e-02 -1.526119e-01 2.847943e-02 1.804588e-01 -3.430118e+01 -3.456330e+01 1.369649e-02 -4.615106e-01
72 -3.881892e-02 -2.129838e-01 2.156315e-02 2.539209e-01 -3.747384e+01 -3.784058e+01 1.439865e-02 -6.996860e-01
73 -5.743108e-02 -1.201282e-01 2.567189e-02 1.334126e-01 -3.884138e+01 -3.910275e+01 1.128890e-02 -4.328119e-01
74 -1.387015e-01 1.581104e-01 4.198733e-03 -3.659440e-03 -8.942290e+01 -8.907114e+01 -6.651898e-02 3.156421e-02
75 -4.531040e-02 2.157618e-01 3.624751e-04 -1.674708e-03 -9.833005e+01 -9.784189e+01 -4.409425e-02 1.741534e-01
76 -4.857431e-02 -1.987389e-01 2.156340e-04 8.738398e-04 -9.898395e+01 -9.927356e+01 -4.779304e-02 -1.844712e-01
77 -5.320459e-02 -4.462433e-01 3.696264e-05 3.091925e-04 -9.991422e+01 -1.006941e+02 -5.306201e-02 -4.379718e-01
78 -5.271919e-02 -1.841052e-01 8.376090e-06 2.923267e-05 -1.000451e+02 -1.003073e+02 -5.269205e-02 -1.833254e-01
79 -4.728965e-02 2.778723e-01 8.103329e-06 -4.758430e-05 -1.000518e+02 -9.940243e+01 -4.725708e-02 2.766137e-01
80 -4.006124e-02 -1.370793e-01 2.421236e-05 8.258207e-05 -9.994794e+01 -1.001399e+02 -3.992185e-02 -1.339820e-01
81 -4.221635e-02 4.252080e-01 6.484377e-05 -6.486966e-04 -9.972004e+01 -9.880047e+01 -4.192387e-02 4.052913e-01
82 -3.752805e-02 -1.603969e-01 8.078557e-05 3.459931e-04 -9.959153e+01 -9.983721e+01 -3.716641e-02 -1.608852e-01
83 -4.536515e-02 -2.250375e-01 1.496400e-04 7.285406e-04 -9.931631e+01 -9.965642e+01 -4.477133e-02 -1.987571e-01
84 -2.042621e-02 3.234629e-01 2.249344e-04 -3.343606e-03 -9.774931e+01 -9.714341e+01 -2.064423e-02 2.167365e-01
85 -5.215133e-02 1.896883e-02 2.008142e-03 -1.693400e-03 -8.967545e+01 -8.946739e+01 -4.548683e-02 1.015265e-01
86 -4.150034e-02 2.145291e-01 2.221501e-03 -7.858481e-03 -8.469119e+01 -8.447529e+01 -3.002854e-02 -1.098425e-01
87 -5.262318e-02 -7.529641e-01 3.555280e-03 4.475720e-02 -7.935543e+01 -8.019817e+01 -3.596694e-02 -2.338689e-01
88 -3.974173e-02 1.608799e-01 3.335629e-03 -9.075389e-03 -8.086051e+01 -8.070155e+01 -2.322068e-02 -9.483738e-02
89 -6.192007e-02 2.957682e-02 1.557725e-03 -2.845545e-04 -9.365179e+01 -9.354502e+01 -5.540202e-02 -5.668455e-02
90 -5.835786e-02 -3.335785e-01 1.399006e-04 7.946380e-04 -9.963133e+01 -1.001703e+02 -5.779049e-02 -3.179234e-01
91 -5.196016e-02 -3.011341e-01 3.519069e-05 2.031928e-04 -9.991009e+01 -1.004030e+02 -5.179369e-02 -2.935482e-01
92 -5.563225e-02 1.282199e-01 2.064097e-05 -4.762662e-05 -9.995390e+01 -9.958619e+01 -5.550413e-02 1.287613e-01
93 -5.474361e-02 2.955940e-01 5.257668e-06 -2.836247e-05 -1.000760e+02 -9.937666e+01 -5.471515e-02 2.937632e-01
94 -4.514383e-02 -3.028229e-01 1.219121e-06 8.177215e-06 -1.000791e+02 -1.005943e+02 -4.514005e-02 -3.026659e-01
95 -5.518829e-02 -1.529741e-01 9.690863e-07 2.686426e-06 -1.001048e+02 -1.003005e+02 -5.518422e-02 -1.530503e-01
96 -4.112995e-02 1.575039e-01 2.173672e-06 -8.322242e-06 -1.000676e+02 -9.967051e+01 -4.111967e-02 1.572757e-01
97 -3.733872e-02 -3.498523e-01 2.312883e-06 2.167161e-05 -1.000729e+02 -1.006979e+02 -3.732907e-02 -3.498212e-01
98 -4.217950e-02 -1.055001e-01 7.214273e-06 1.804368e-05 -1.000537e+02 -1.001803e+02 -4.215194e-02 -1.054045e-01
99 -4.078265e-02 -1.634856e-01 2.247140e-05 9.033471e-05 -9.996350e+01 -1.002104e+02 -4.067878e-02 -1.658002e-01
100 -3.386680e-02 -1.539633e-01 7.712029e-05 3.557778e-04 -9.958928e+01 -9.983696e+01 -3.347925e-02 -1.654526e-01
101 -4.160817e-02 6.319186e-02 2.311484e-04 -3.331662e-04 -9.899771e+01 -9.880319e+01 -4.079995e-02 4.352365e-02
102 -3.552849e-02 -4.197431e-01 3.667571e-04 4.401499e-03 -9.746881e+01 -9.823445e+01 -3.320727e-02 -4.239102e-01
103 -4.758198e-02 1.573230e-01 1.343816e-03 -3.682039e-03 -9.349199e+01 -9.320803e+01 -4.289548e-02 1.466882e-06
104 -3.232144e-02 -1.989449e-01 1.081604e-03 6.052044e-03 -9.187563e+01 -9.211276e+01 -2.595742e-02 -8.603798e-02
105 -4.149145e-02 -4.310395e-01 1.286350e-03 1.370206e-02 -9.160819e+01 -9.234922e+01 -3.485162e-02 -4.177363e-01
106 -5.456668e-02 -6.562429e-02 2.467641e-03 3.711925e-03 -9.042414e+01 -9.050120e+01 -4.576210e-02 -1.369265e-01
107 -5.355558e-02 2.540583e-01 1.876790e-04 -8.810345e-04 -9.936142e+01 -9.876175e+01 -5.283537e-02 2.348195e-01
108 -4.167779e-02 -2.178138e-01 2.109792e-04 1.112579e-03 -9.894665e+01 -9.930183e+01 -4.067346e-02 -2.240410e-01
109 -5.503146e-02 -2.015759e-01 1.702265e-04 6.176149e-04 -9.907304e+01 -9.935527e+01 -5.407826e-02 -1.862706e-01
110 -4.057061e-02 -2.204589e-02 2.289927e-04 1.311539e-04 -9.874043e+01 -9.870861e+01 -3.950863e-02 -2.839052e-02
111 -6.733445e-02 1.067675e-01 3.597574e-05 -5.742275e-05 -9.982994e+01 -9.947999e+01 -6.702651e-02 1.104183e-01
112 -8.035860e-02 -2.087959e-01 5.384523e-06 1.398949e-05 -1.000738e+02 -1.003304e+02 -8.031232e-02 -2.085744e-01
113 -5.305918e-02 -4.100079e-01 1.128127e-06 8.716722e-06 -1.000935e+02 -1.008072e+02 -5.305481e-02 -4.097643e-01
114 -3.258800e-02 -1.830583e-01 4.704814e-07 2.642879e-06 -1.000864e+02 -1.003873e+02 -3.258560e-02 -1.830497e-01
115 -3.617781e-02 -2.800365e-01 1.913319e-06 1.480991e-05 -1.000798e+02 -1.005674e+02 -3.616833e-02 -2.799341e-01
116 -4.176546e-02 -1.489929e-01 4.594261e-06 1.639945e-05 -1.000628e+02 -1.002776e+02 -4.174734e-02 -1.494736e-01
117 -4.900547e-02 2.041965e-01 1.895314e-05 -7.885969e-05 -9.999164e+01 -9.948701e+01 -4.890967e-02 2.020349e-01
118 -5.080931e-02 -3.781752e-01 6.935815e-05 5.129377e-04 -9.970824e+01 -1.003506e+02 -5.046059e-02 -3.613446e-01
