0 -6.900913e-02 -1.774420e-01 2.352313e-02 1.294407e+00 -6.368462e+00 -6.977143e+00 1.481114e-02 -1.075389e+01
1 -2.790014e-02 -3.423201e-01 3.694639e-01 9.822168e+01 -7.587891e-03 -7.614954e-03 7.125490e-01 9.999315e+01
2 3.225123e-02 1.370671e-01 4.259448e-01 1.774947e+01 -1.098109e-01 -1.106517e-01 7.943332e-01 5.167410e+01
3 -2.569647e-01 6.416670e-01 2.327298e-01 -1.995624e+00 -1.682122e+00 -1.723888e+00 3.584574e-01 7.774084e+00
4 -6.364011e-02 -8.776876e-01 1.479124e-01 5.748911e-01 -6.266031e+00 -6.346310e+00 2.143614e-01 1.132430e+00
5 -7.146674e-02 1.947799e-02 8.820936e-02 1.008871e+00 -1.647402e+01 -1.684157e+01 1.031077e-01 4.859819e-01
6 -5.678075e-02 -2.002395e-01 2.890548e-02 1.099834e-01 -3.530878e+01 -3.555211e+01 6.332428e-03 -3.252746e-01
7 -6.476345e-02 1.147708e+00 1.236680e-02 -4.601678e-05 -5.546246e+01 -5.540210e+01 -2.653133e-02 -1.077725e-01
8 -7.007559e-02 -1.701762e+00 5.124545e-03 7.096578e-02 -7.038122e+01 -7.132761e+01 -4.952924e-02 1.553797e-01
9 -6.912224e-02 -5.409849e-01 2.319183e-03 1.005053e-02 -8.730654e+01 -8.746248e+01 -6.492655e-02 1.581156e-01
10 -5.939350e-02 4.316402e-01 2.057369e-03 -8.344486e-03 -8.696503e+01 -8.666403e+01 -5.110668e-02 -2.254893e-01
11 -4.934557e-02 -4.658304e-02 3.522350e-03 -1.165998e-02 -7.570834e+01 -7.534368e+01 -2.991157e-02 5.026942e-03
12 -5.435338e-02 -2.473655e-01 2.014275e-02 2.020634e-02 -3.446232e+01 -3.440213e+01 1.269529e-03 3.924892e-01
13 -5.166777e-02 3.114840e-02 7.239942e-02 2.187989e+00 -1.050671e+01 -1.095589e+01 8.697535e-02 1.220388e+00
14 -4.546377e-02 -1.041862e-01 1.327254e-01 1.077928e+01 -2.915122e+00 -3.139663e+00 1.887064e-01 3.109226e+01
15 -6.062400e-02 3.048251e-02 6.955485e-02 -1.180419e+00 -9.190396e+00 -8.913593e+00 6.368711e-02 -9.439447e-01
16 -4.420174e-02 -4.308732e-01 7.950490e-02 8.198586e+00 -4.336662e+00 -4.733511e+00 9.757762e-02 2.141931e+01
17 -5.450235e-02 -8.376755e-02 1.494895e-01 1.825238e+00 -3.972293e+00 -4.048745e+00 2.197345e-01 5.596340e+00
18 -5.662805e-02 1.845258e-01 5.159156e-02 2.790393e-01 -1.926173e+01 -1.941122e+01 4.311481e-02 -1.072178e-01
19 -5.120363e-02 1.447211e+00 2.350329e-02 1.803097e-02 -3.503531e+01 -3.506056e+01 -1.138396e-02 -3.118719e-01
20 -1.270111e-01 1.864896e+00 1.812936e-02 -4.409422e-03 -4.896463e+01 -4.888309e+01 -3.094711e-02 -8.080291e-02
21 -6.870727e-02 1.025592e+00 5.645583e-03 2.152540e-02 -7.086780e+01 -7.087578e+01 -4.600725e-02 1.575610e-01
22 -6.472147e-02 8.700294e-02 2.471815e-03 3.863802e-03 -9.124354e+01 -9.148434e+01 -5.853865e-02 -3.039882e-01
23 -6.883781e-02 -1.069874e-01 6.268383e-04 1.042545e-03 -9.674429e+01 -9.684076e+01 -6.663768e-02 -1.146185e-01
24 -6.641613e-02 -6.337328e-01 1.023878e-04 2.132005e-03 -9.418741e+01 -9.795063e+01 -6.669084e-02 -3.861181e+00
25 -9.861208e-02 -1.134009e+00 1.113102e-04 1.753099e-03 -9.628201e+01 -9.989767e+01 -1.026407e-01 -3.215677e+00
26 -4.884699e-02 -2.749747e-01 1.156941e-05 6.504216e-05 -1.000337e+02 -1.004843e+02 -4.880251e-02 -2.725620e-01
27 -6.013591e-02 1.583572e+00 6.002834e-05 -1.534211e-03 -9.954901e+01 -9.645694e+01 -5.997172e-02 1.312423e+00
28 -5.952097e-02 4.072438e-01 6.402803e-04 -3.381946e-03 -9.593996e+01 -9.536986e+01 -5.558356e-02 -2.547649e-03
29 -4.361863e-02 -7.460534e-01 4.091010e-03 4.511814e-02 -7.875618e+01 -7.923809e+01 -2.536037e-02 -8.439842e-02
30 -4.389174e-02 -5.040639e-01 6.040739e-03 5.145548e-02 -7.509353e+01 -7.544187e+01 -2.019710e-02 1.966600e-02
31 -4.729669e-02 -5.759498e-02 4.713448e-03 1.036053e-02 -8.159805e+01 -8.174176e+01 -3.159244e-02 -1.911504e-01
32 -4.249842e-02 1.342262e-01 1.002511e-02 6.494185e-02 -6.495923e+01 -6.534319e+01 -1.288809e-02 -2.094392e-01
33 -4.410550e-02 2.140209e-01 2.035544e-02 -3.383834e-02 -4.547132e+01 -4.543588e+01 3.858100e-03 -2.320006e-01
34 -4.370310e-02 -3.143296e-01 3.601754e-02 3.809647e-01 -1.884235e+01 -1.911107e+01 3.864106e-02 -8.815904e-01
35 -4.417973e-02 -1.959964e-01 9.400497e-02 3.427741e+00 -6.754482e+00 -7.077400e+00 1.282215e-01 6.948295e+00
36 -5.170962e-02 -8.475317e-02 9.683024e-02 2.991564e+00 -5.901362e+00 -6.131571e+00 1.345302e-01 6.929373e+00
37 -5.481859e-02 -3.500814e-01 8.534146e-02 2.364703e-01 -7.901580e+00 -8.066186e+00 9.664388e-02 -2.612311e+00
38 -4.423243e-02 3.320088e-02 1.075288e-01 9.701459e+00 -4.027663e+00 -4.374427e+00 1.526828e-01 2.372052e+01
39 -8.983176e-02 -4.012165e-01 5.524532e-02 6.815905e-01 -2.202615e+01 -2.258514e+01 4.877739e-02 -1.372094e+00
40 -5.383985e-02 2.674596e-01 6.731820e-03 -3.285530e-02 -7.016115e+01 -6.977607e+01 -2.353228e-02 -1.398872e-02
41 -9.093483e-02 -6.700865e-01 3.642669e-03 2.397853e-02 -8.828129e+01 -8.900551e+01 -5.909820e-02 -1.601164e-01
42 -5.598135e-02 5.249064e-01 8.020071e-04 -6.430739e-03 -9.477795e+01 -9.394457e+01 -5.179975e-02 1.438410e-01
43 -5.363066e-02 -2.558999e-01 1.732341e-04 8.156785e-04 -9.899598e+01 -9.938327e+01 -5.293098e-02 -2.330357e-01
44 -5.856390e-02 2.772559e-01 7.176162e-05 -3.323550e-04 -9.967936e+01 -9.903384e+01 -5.834588e-02 2.411380e-01
45 -4.387739e-02 2.363563e-01 3.763509e-05 -2.017737e-04 -9.986812e+01 -9.931343e+01 -4.370671e-02 2.288018e-01
46 -4.051574e-02 -1.342398e-01 2.700759e-05 8.949656e-05 -9.994495e+01 -1.001322e+02 -4.042662e-02 -1.340622e-01
47 -3.951389e-02 -2.213770e-01 7.211391e-05 4.055747e-04 -9.964130e+01 -1.000067e+02 -3.922406e-02 -2.246660e-01
48 -4.785589e-02 -2.085234e-01 2.824855e-04 1.225328e-03 -9.845909e+01 -9.877109e+01 -4.648617e-02 -1.972929e-01
49 -5.899783e-02 1.166775e+00 1.920001e-03 -2.228728e-02 -9.086575e+01 -8.999772e+01 -5.182332e-02 -1.414324e-01
50 -5.243117e-02 -8.843836e-01 1.148330e-02 4.110131e-02 -5.756059e+01 -5.777371e+01 -1.117967e-02 -3.213587e-01
51 -3.597521e-02 -1.105755e+00 2.099534e-02 1.621536e-01 -3.557564e+01 -3.585906e+01 3.937098e-03 -3.933734e-01
52 -1.362780e-03 3.893367e-01 2.425471e-02 1.553551e-01 -3.690477e+01 -3.726495e+01 5.199787e-03 -5.459016e-01
53 -7.659053e-02 2.694498e-01 3.408999e-02 3.293033e-01 -2.929561e+01 -2.968972e+01 2.580189e-02 -8.751075e-01
54 -6.847590e-02 -2.981724e-01 3.457088e-02 5.649807e-02 -3.330243e+01 -3.331855e+01 2.176466e-02 4.162563e-02
55 -5.598427e-02 2.848687e-01 1.202799e-02 -2.393450e-02 -5.813988e+01 -5.805372e+01 -2.442556e-02 -2.984789e-01
56 -4.961366e-02 -1.167759e-01 1.227911e-03 2.898645e-03 -9.364121e+01 -9.376706e+01 -4.423774e-02 -1.027423e-01
57 -6.231849e-02 -2.740500e-01 3.352554e-04 1.472201e-03 -9.813920e+01 -9.855348e+01 -6.083666e-02 -2.646817e-01
58 -5.456759e-02 2.950727e-01 1.361228e-04 -7.273326e-04 -9.916642e+01 -9.848773e+01 -5.375439e-02 2.701373e-01
59 -4.936120e-02 2.344329e-01 4.970470e-05 -2.334421e-04 -9.976881e+01 -9.921331e+01 -4.914960e-02 2.180417e-01
60 -6.570985e-02 5.213746e-01 1.843573e-05 -1.457050e-04 -1.000049e+02 -9.883976e+01 -6.568726e-02 5.090051e-01
61 -5.636437e-02 -1.999663e-01 5.454563e-06 1.935027e-05 -1.000720e+02 -1.003591e+02 -5.634721e-02 -1.998355e-01
62 -4.197226e-02 -8.342409e-02 6.902803e-06 1.371934e-05 -1.000524e+02 -1.001353e+02 -4.194688e-02 -8.334935e-02
63 -4.149924e-02 -8.693888e-01 2.617936e-05 5.476434e-04 -9.994231e+01 -1.015901e+02 -4.137227e-02 -8.589897e-01
64 -4.310741e-02 3.992019e-01 1.098692e-04 -1.005220e-03 -9.961360e+01 -9.875289e+01 -4.269172e-02 3.672705e-01
65 -4.860390e-02 -2.535319e-02 5.903893e-04 7.278877e-04 -9.749354e+01 -9.757413e+01 -4.644995e-02 -1.835537e-01
66 -4.298593e-02 -2.212838e-01 2.184533e-03 1.390472e-02 -8.841170e+01 -8.887811e+01 -3.227169e-02 -3.552483e-01
67 -4.322260e-02 1.702734e-01 3.337913e-03 -7.199628e-03 -8.672477e+01 -8.658418e+01 -3.338189e-02 -1.011319e-01
68 -3.595404e-02 7.194458e-02 5.138210e-03 1.573665e-02 -7.474086e+01 -7.498923e+01 -1.476343e-02 -2.920800e-01
69 -5.016255e-02 -2.501847e-01 1.705065e-02 6.201695e-02 -5.364596e+01 -5.382619e+01 -3.782805e-03 -3.081020e-01
70 -4.340176e-02 -6.715667e-01 1.838111e-02 1.142475e-01 -4.315993e+01 -4.341800e+01 4.611016e-03 -2.995727e-01
71 -4.797568e-02 -1.826901e-01 2.770759e-02 1.751200e-01 -3.532899e+01 -3.561110e+01 1.200577e-02 -5.623981e-01
72 -3.870666e-02 -1.428995e-01 2.076728e-02 2.230677e-01 -3.885999e+01 -3.918991e+01 1.308814e-02 -5.816174e-01
73 -5.621231e-02 -1.388203e-01 2.522471e-02 1.773813e-01 -3.920365e+01 -3.954576e+01 1.051888e-02 -4.507997e-01
74 -1.411555e-01 1.569111e+00 4.521484e-03 -3.431388e-02 -8.788092e+01 -8.657655e+01 -6.730661e-02 -1.352506e-01
75 -4.634314e-02 9.371161e-02 3.631931e-04 -6.763581e-04 -9.835404e+01 -9.810716e+01 -4.514126e-02 5.101030e-02
76 -4.795448e-02 -5.964013e-02 2.165086e-04 2.725316e-04 -9.898206e+01 -9.900798e+01 -4.721279e-02 -6.267021e-02
77 -5.298814e-02 -4.644478e-01 3.965235e-05 3.467047e-04 -9.990189e+01 -1.007186e+02 -5.283698e-02 -4.563261e-01
78 -5.287305e-02 1.658150e-01 9.012726e-06 -2.821414e-05 -1.000443e+02 -9.960835e+01 -5.284341e-02 1.639430e-01
79 -4.634398e-02 2.204004e-01 8.577511e-06 -4.075284e-05 -1.000482e+02 -9.951576e+01 -4.631099e-02 2.189616e-01
80 -3.990192e-02 -2.747681e-01 2.446870e-05 1.682367e-04 -9.994681e+01 -1.004141e+02 -3.977255e-02 -2.713853e-01
81 -4.231798e-02 3.027615e-01 6.386234e-05 -4.522893e-04 -9.972891e+01 -9.905364e+01 -4.203502e-02 2.826965e-01
82 -3.700905e-02 3.841404e-02 7.717693e-05 -7.696445e-05 -9.961380e+01 -9.946976e+01 -3.666257e-02 2.907856e-02
83 -4.486923e-02 -3.404675e-02 1.485516e-04 1.203503e-04 -9.932774e+01 -9.931547e+01 -4.432354e-02 -4.768592e-02
84 -2.098934e-02 -1.187597e-01 2.412702e-04 1.414957e-03 -9.763778e+01 -9.784756e+01 -2.110037e-02 -1.408100e-01
85 -5.146970e-02 -1.072290e-01 1.973771e-03 2.624751e-03 -8.977311e+01 -8.974825e+01 -4.529834e-02 5.235483e-02
86 -4.182205e-02 3.119310e-01 2.129872e-03 -1.172893e-02 -8.527857e+01 -8.494355e+01 -3.071546e-02 -1.053998e-01
87 -5.271505e-02 -7.218093e-01 3.415726e-03 4.524839e-02 -8.014312e+01 -8.112787e+01 -3.631700e-02 -4.213242e-01
88 -3.921578e-02 9.602910e-02 3.148630e-03 -6.046163e-03 -8.150608e+01 -8.135842e+01 -2.360721e-02 -3.789053e-02
89 -6.194517e-02 -1.419713e-02 1.581662e-03 9.299703e-04 -9.360960e+01 -9.359912e+01 -5.549111e-02 -1.179109e-01
90 -5.864283e-02 -2.387207e-01 1.439701e-04 5.823729e-04 -9.961436e+01 -9.996645e+01 -5.805990e-02 -2.274478e-01
91 -5.169137e-02 -3.364095e-01 3.433369e-05 2.230821e-04 -9.991647e+01 -1.004826e+02 -5.153426e-02 -3.321462e-01
92 -5.459596e-02 -1.472002e-02 2.038325e-05 5.560364e-06 -9.995465e+01 -9.987570e+01 -5.448768e-02 -1.574483e-02
93 -5.404467e-02 6.382346e-01 5.526721e-06 -6.522396e-05 -1.000732e+02 -9.869087e+01 -5.401494e-02 6.353482e-01
94 -4.600134e-02 -4.441173e-01 1.355526e-06 1.308579e-05 -1.000798e+02 -1.008758e+02 -4.599718e-02 -4.438630e-01
95 -5.523835e-02 -2.538630e-01 1.004403e-06 4.616516e-06 -1.001047e+02 -1.005021e+02 -5.523434e-02 -2.540118e-01
96 -4.097089e-02 1.172046e-01 2.134530e-06 -6.104731e-06 -1.000678e+02 -9.975159e+01 -4.096128e-02 1.170076e-01
97 -3.732676e-02 -6.568836e-02 2.364880e-06 4.162259e-06 -1.000726e+02 -1.001294e+02 -3.731763e-02 -6.571939e-02
98 -4.127873e-02 -3.896581e-02 7.336605e-06 6.949854e-06 -1.000516e+02 -1.000475e+02 -4.125149e-02 -3.976112e-02
99 -4.047089e-02 3.419985e-02 2.390584e-05 -1.971144e-05 -9.995574e+01 -9.980993e+01 -4.036769e-02 2.916821e-02
100 -3.389890e-02 1.884557e-02 7.900448e-05 -3.689180e-05 -9.959213e+01 -9.949922e+01 -3.351227e-02 9.727995e-04
101 -4.177266e-02 -1.708678e-02 2.312295e-04 1.086163e-04 -9.900243e+01 -9.896351e+01 -4.099007e-02 -3.110532e-02
102 -3.628956e-02 -3.105999e-01 3.751523e-04 3.286059e-03 -9.742473e+01 -9.798033e+01 -3.388656e-02 -3.248610e-01
103 -4.699884e-02 -6.390218e-02 1.294401e-03 1.843884e-03 -9.365578e+01 -9.370153e+01 -4.283633e-02 -8.681037e-02
104 -3.217363e-02 -2.165700e-01 1.030871e-03 6.171198e-03 -9.220086e+01 -9.245218e+01 -2.634469e-02 -7.837812e-02
105 -4.180631e-02 -2.457966e-01 1.219270e-03 7.246654e-03 -9.211354e+01 -9.249477e+01 -3.574727e-02 -2.271733e-01
106 -5.367704e-02 -1.307022e-01 2.355075e-03 6.102396e-03 -9.082103e+01 -9.099101e+01 -4.542436e-02 -1.606707e-01
107 -5.427424e-02 -5.363982e-02 1.875524e-04 1.895384e-04 -9.937306e+01 -9.937663e+01 -5.352561e-02 -6.025087e-02
108 -4.234142e-02 -8.173310e-02 2.045668e-04 4.097431e-04 -9.899690e+01 -9.908672e+01 -4.136598e-02 -9.769300e-02
109 -5.590048e-02 -4.270833e-01 1.621173e-04 1.230880e-03 -9.913488e+01 -9.985872e+01 -5.493634e-02 -4.034440e-01
110 -4.088808e-02 7.097856e-02 2.217217e-04 -3.781426e-04 -9.879532e+01 -9.857978e+01 -3.984916e-02 6.202772e-02
111 -6.771482e-02 -1.136301e-01 3.716389e-05 6.163737e-05 -9.982248e+01 -9.990876e+01 -6.738557e-02 -1.052569e-01
112 -8.094139e-02 -1.882700e-01 5.347950e-06 1.243907e-05 -1.000743e+02 -1.002888e+02 -8.089487e-02 -1.881355e-01
113 -5.365816e-02 -5.599206e-01 1.174208e-06 1.225198e-05 -1.000948e+02 -1.011071e+02 -5.365360e-02 -5.596412e-01
114 -3.278002e-02 -1.660910e-02 4.902668e-07 2.485648e-07 -1.000857e+02 -1.000534e+02 -3.277766e-02 -1.667021e-02
115 -3.611256e-02 -2.314255e-01 1.895989e-06 1.214996e-05 -1.000798e+02 -1.004704e+02 -3.610367e-02 -2.313240e-01
116 -4.311370e-02 2.299338e-01 4.826435e-06 -2.572720e-05 -1.000653e+02 -9.951986e+01 -4.309430e-02 2.291276e-01
117 -4.940594e-02 6.638636e-02 1.987105e-05 -2.659100e-05 -9.998759e+01 -9.975737e+01 -4.930800e-02 6.463734e-02
118 -5.061286e-02 -1.950251e-01 6.846888e-05 2.615231e-04 -9.971334e+01 -9.999418e+01 -5.026743e-02 -1.836489e-01
