0 -7.171490e-02 1.457293e-01 2.305961e-02 5.969478e-01 -9.275179e+00 -9.881289e+00 1.507143e-02 3.172616e-01
1 -3.774782e-02 7.581552e-02 2.089244e-01 8.249983e+01 -2.171463e-01 -2.345580e-01 3.515063e-01 9.910554e+01
2 4.986025e-02 1.111899e-01 3.107357e-01 1.401588e+01 -3.556015e-01 -3.652859e-01 5.563443e-01 4.932702e+01
3 -2.155805e-01 -6.758480e-01 2.229506e-01 2.328325e+01 -1.614101e+00 -1.899213e+00 2.833561e-01 5.627236e+01
4 -6.409826e-02 -1.452441e-01 2.149680e-01 3.940388e+00 -2.825882e+00 -2.909479e+00 3.464204e-01 1.362464e+01
5 -7.460303e-02 -3.575266e-02 1.497714e-01 2.307447e+00 -7.323480e+00 -7.587672e+00 2.036181e-01 4.600711e+00
6 -6.772131e-02 1.192945e+00 6.553780e-02 2.378694e-01 -2.272983e+01 -2.291657e+01 6.168851e-02 -5.905087e-01
7 -5.940378e-02 4.057548e-01 2.207566e-02 2.243529e-02 -4.343572e+01 -4.341841e+01 -9.005127e-03 -7.096710e-02
8 -6.822271e-02 3.000784e-01 1.312423e-02 -1.624221e-02 -5.262001e+01 -5.245435e+01 -2.444758e-02 -1.141359e-02
9 -7.664671e-02 6.261014e-01 9.254561e-03 5.461308e-02 -6.599568e+01 -6.635483e+01 -4.781578e-02 -1.162309e-01
10 -6.675002e-02 -4.088069e-01 6.071118e-03 2.189282e-02 -7.480016e+01 -7.489707e+01 -5.070522e-02 1.108163e-01
11 -4.674002e-02 1.372416e-01 8.864509e-03 1.507345e-02 -6.305165e+01 -6.317731e+01 -1.380390e-02 -8.668411e-02
12 -5.553055e-02 -6.897261e-01 3.878205e-02 1.401753e-01 -2.598219e+01 -2.609186e+01 2.687289e-02 -4.617402e-01
13 -5.028237e-02 -1.024116e-01 8.254722e-02 1.917915e+00 -8.348777e+00 -8.646382e+00 1.010475e-01 2.153817e+00
14 -4.249087e-02 3.668812e-02 1.145170e-01 4.384167e+00 -3.715708e+00 -3.838682e+00 1.750688e-01 1.260614e+01
15 -6.097332e-02 -2.154103e-01 6.353766e-02 7.319014e-02 -1.270920e+01 -1.273004e+01 5.612054e-02 -1.364463e+00
16 -4.285689e-02 -3.534581e-01 6.315175e-02 2.284362e+00 -9.158100e+00 -9.742028e+00 6.692179e-02 -2.112894e+00
17 -5.725093e-02 1.209402e-01 1.142420e-01 2.000641e+00 -6.886655e+00 -7.049665e+00 1.643592e-01 5.143233e+00
18 -5.943190e-02 2.145064e-01 6.148966e-02 9.052992e-02 -1.984394e+01 -1.989981e+01 6.044230e-02 -7.093001e-01
19 -5.082129e-02 6.110313e-01 2.763348e-02 1.556836e-02 -3.468311e+01 -3.468966e+01 2.136003e-03 -1.588158e-01
20 -9.906673e-02 7.675159e-01 2.175892e-02 1.086933e-02 -5.070195e+01 -5.063796e+01 -2.392465e-02 -1.351099e-01
21 -6.430288e-02 2.271366e+00 8.622830e-03 -3.552633e-02 -6.724497e+01 -6.699030e+01 -3.693380e-02 -1.906786e-01
22 -5.849299e-02 3.254654e-02 5.590029e-03 1.840204e-02 -8.297005e+01 -8.319841e+01 -4.505290e-02 6.630545e-03
23 -6.529659e-02 3.835462e-01 2.411597e-03 -7.899356e-03 -9.032411e+01 -9.000322e+01 -5.903670e-02 -1.175372e-01
24 -6.544530e-02 2.923378e+00 5.593951e-04 3.588680e-02 -6.823132e+01 -7.432363e+01 -4.864566e-02 5.006326e+00
25 -1.130572e-01 2.083786e+00 6.838656e-04 1.273262e-02 -7.841407e+01 -8.500194e+01 -1.307067e-01 -3.137314e+00
26 -4.890836e-02 -7.703690e-02 4.396835e-05 7.422982e-05 -9.986469e+01 -9.994275e+01 -4.881565e-02 -1.091012e-01
27 -6.076237e-02 -4.335305e-01 2.420578e-04 1.958132e-03 -9.806530e+01 -9.901413e+01 -6.048307e-02 -6.866746e-01
28 -5.096026e-02 1.130080e-01 1.333533e-03 -1.953513e-03 -9.382740e+01 -9.363611e+01 -4.642638e-02 3.593054e-03
29 -4.137850e-02 -1.480652e-01 4.384622e-03 1.077081e-02 -8.135647e+01 -8.141770e+01 -2.982242e-02 -2.656945e-02
30 -4.548893e-02 2.573916e-01 5.614646e-03 -8.477068e-03 -8.013502e+01 -8.011768e+01 -2.816530e-02 -2.175281e-01
31 -5.470919e-02 4.549710e-01 7.400780e-03 2.381729e-03 -7.655788e+01 -7.675617e+01 -3.425561e-02 -4.103769e-01
32 -4.133844e-02 2.673682e-03 1.312029e-02 1.687231e-02 -5.880593e+01 -5.884873e+01 -7.490590e-03 -1.219416e-01
33 -4.936459e-02 -3.595798e-01 3.395350e-02 1.285828e-01 -3.480628e+01 -3.497549e+01 2.308662e-02 -3.571026e-01
34 -4.513165e-02 2.378724e-01 4.313380e-02 5.146892e-01 -1.661495e+01 -1.686336e+01 4.881901e-02 -9.692427e-02
35 -4.563306e-02 -2.106770e-02 8.004921e-02 1.635565e+00 -1.001111e+01 -1.024667e+01 1.063936e-01 2.305765e+00
36 -5.170252e-02 3.686834e-01 8.346698e-02 1.194308e+00 -8.769584e+00 -9.019580e+00 1.008859e-01 5.562968e-01
37 -5.504059e-02 -5.828326e-01 6.968958e-02 1.483562e+00 -1.435643e+01 -1.497583e+01 7.658970e-02 -1.400504e+00
38 -4.082516e-02 -1.346747e-01 8.703604e-02 2.673142e+00 -7.770215e+00 -8.068892e+00 1.211005e-01 5.343585e+00
39 -7.745742e-02 6.195213e-01 6.238983e-02 3.762251e-01 -1.986118e+01 -2.015254e+01 6.166081e-02 -1.568997e+00
40 -6.771899e-02 4.993047e-01 1.441167e-02 2.545123e-02 -5.968393e+01 -5.980591e+01 -1.573888e-02 -2.133917e-01
41 -8.150691e-02 2.371126e-02 3.680709e-03 6.210039e-04 -8.847945e+01 -8.840825e+01 -5.865018e-02 -8.447412e-02
42 -5.664652e-02 -4.219513e-01 1.266957e-03 8.545940e-03 -9.319496e+01 -9.374345e+01 -5.189368e-02 -2.178296e-01
43 -4.030201e-02 -2.105985e-01 3.223558e-04 1.680143e-03 -9.802988e+01 -9.836269e+01 -3.953834e-02 -2.028636e-01
44 -7.864341e-02 -5.700227e-01 2.095733e-04 1.495137e-03 -9.919345e+01 -1.001340e+02 -7.809956e-02 -5.140151e-01
45 -3.347017e-02 3.242350e-02 4.026436e-05 -3.764677e-05 -9.979945e+01 -9.967209e+01 -3.364778e-02 2.592743e-02
46 -5.822795e-02 -1.091371e-01 8.122462e-05 1.517388e-04 -9.976200e+01 -9.986202e+01 -5.791022e-02 -1.063997e-01
47 -4.507130e-02 -1.978525e-01 1.542488e-04 6.780234e-04 -9.928424e+01 -9.958871e+01 -4.466718e-02 -1.976194e-01
48 -6.040788e-02 3.013975e-03 7.892726e-04 1.091569e-03 -9.612043e+01 -9.629147e+01 -5.916215e-02 -3.108866e-01
49 -5.970285e-02 7.741519e-01 4.723348e-03 -2.100846e-02 -8.192806e+01 -8.161847e+01 -4.451636e-02 -1.068524e-01
50 -4.962456e-02 -4.034942e-01 1.530692e-02 -1.023122e-02 -5.441171e+01 -5.440182e+01 -6.014599e-03 -2.092652e-01
51 -4.052734e-02 -8.541010e-01 1.720732e-02 8.104865e-02 -4.194293e+01 -4.208911e+01 -4.492527e-03 -2.948482e-01
52 4.812427e-03 1.098068e-01 1.767412e-02 9.804069e-02 -4.869131e+01 -4.893313e+01 -7.661559e-03 -2.250858e-01
53 -8.020942e-02 1.021420e-01 3.047269e-02 9.290626e-02 -3.886870e+01 -3.909181e+01 1.725904e-02 -7.053376e-01
54 -6.229576e-02 2.120363e-01 2.887855e-02 -5.261823e-03 -3.993537e+01 -3.986492e+01 1.187787e-02 5.751245e-02
55 -4.990155e-02 1.412173e-01 1.371650e-02 1.922070e-02 -5.595217e+01 -5.609020e+01 -1.943316e-02 -2.403886e-01
56 -5.170870e-02 3.737077e-01 2.665986e-03 -1.277348e-02 -8.699462e+01 -8.661388e+01 -4.356144e-02 -5.105671e-02
57 -6.586744e-02 -4.036493e-02 4.650935e-04 3.568998e-04 -9.815104e+01 -9.813955e+01 -6.426288e-02 -9.259736e-02
58 -5.413387e-02 5.869231e-02 1.672886e-04 -1.750313e-04 -9.909603e+01 -9.888050e+01 -5.348065e-02 4.602183e-02
59 -4.428632e-02 2.245283e-01 7.570357e-05 -3.785528e-04 -9.953746e+01 -9.901466e+01 -4.399605e-02 2.049413e-01
60 -7.434716e-02 2.320320e-01 4.980156e-05 -1.536125e-04 -9.984476e+01 -9.924371e+01 -7.434147e-02 2.159845e-01
61 -5.959696e-02 -3.721931e-01 1.718055e-05 1.071326e-04 -1.000185e+02 -1.006410e+02 -5.956952e-02 -3.686389e-01
62 -4.922110e-02 6.903321e-02 2.297354e-05 -3.201748e-05 -9.999738e+01 -9.976285e+01 -4.914465e-02 6.632952e-02
63 -5.178724e-02 -9.181206e-01 9.239330e-05 1.636703e-03 -9.954276e+01 -1.012620e+02 -5.136646e-02 -9.011723e-01
64 -4.753381e-02 -8.754197e-02 2.888366e-04 5.614355e-04 -9.893189e+01 -9.902968e+01 -4.670917e-02 -1.122823e-01
65 -4.467426e-02 1.517933e-01 9.175948e-04 -2.102708e-03 -9.619953e+01 -9.599889e+01 -4.199290e-02 -8.212641e-02
66 -4.000628e-02 -3.761081e-01 2.147034e-03 1.967522e-02 -9.022800e+01 -9.080579e+01 -3.288868e-02 -3.110522e-01
67 -4.120093e-02 -1.814270e-01 3.277514e-03 1.629593e-02 -8.811645e+01 -8.844315e+01 -3.371294e-02 -2.550978e-01
68 -3.549988e-02 2.744504e-01 5.849489e-03 -2.088756e-02 -7.345366e+01 -7.331360e+01 -1.467087e-02 -7.798082e-02
69 -5.009693e-02 -3.245847e-01 1.570794e-02 8.623157e-02 -5.630999e+01 -5.665380e+01 -9.189617e-03 -6.364419e-01
70 -4.313419e-02 -4.741660e-02 1.511706e-02 3.811482e-02 -5.285077e+01 -5.289739e+01 -3.758001e-03 -9.530410e-03
71 -4.707400e-02 2.528993e-01 1.931654e-02 3.095866e-02 -4.701825e+01 -4.708814e+01 -3.246608e-03 -2.124140e-01
72 -3.934632e-02 -1.725798e-03 1.431768e-02 8.262261e-02 -5.331598e+01 -5.355520e+01 1.179238e-04 -3.344393e-01
73 -4.628056e-02 3.309459e-01 1.915100e-02 3.430339e-02 -4.440964e+01 -4.459233e+01 -1.142355e-03 -5.604565e-01
74 -1.254016e-01 -2.587888e+00 8.460470e-03 4.891798e-02 -7.247283e+01 -7.290022e+01 -7.398721e-02 -5.449785e-03
75 -5.349384e-02 2.698192e-01 3.285133e-04 -1.517573e-03 -9.862515e+01 -9.807219e+01 -5.282851e-02 1.479767e-01
76 -4.695314e-02 4.454089e-02 2.238759e-04 -2.061148e-04 -9.906857e+01 -9.889216e+01 -4.656670e-02 3.661983e-02
77 -5.235114e-02 -1.653718e-01 7.087777e-05 2.243000e-04 -9.978069e+01 -1.000073e+02 -5.216672e-02 -1.665245e-01
78 -5.633441e-02 -4.195365e-01 1.786295e-05 1.332249e-04 -1.000193e+02 -1.007476e+02 -5.629378e-02 -4.228486e-01
79 -3.889113e-02 9.248301e-03 1.313458e-05 -3.082067e-06 -1.000137e+02 -9.991801e+01 -3.885537e-02 8.505631e-03
80 -4.028451e-02 -3.896595e-01 2.808203e-05 2.711908e-04 -9.994260e+01 -1.006378e+02 -4.017955e-02 -3.849035e-01
81 -3.953081e-02 -2.954185e-01 4.913615e-05 3.672346e-04 -9.981803e+01 -1.003286e+02 -3.939034e-02 -2.945380e-01
82 -3.926280e-02 5.979101e-01 6.916771e-05 -1.042028e-03 -9.974780e+01 -9.850286e+01 -3.908696e-02 5.575785e-01
83 -5.066919e-02 7.571371e-01 2.299194e-04 -3.300219e-03 -9.901660e+01 -9.753095e+01 -5.012834e-02 5.847041e-01
84 -2.646481e-02 4.774313e-03 4.271522e-04 3.258646e-05 -9.665350e+01 -9.661815e+01 -2.577293e-02 -3.128037e-02
85 -4.950871e-02 -7.496515e-02 1.616240e-03 1.804177e-03 -9.169112e+01 -9.167567e+01 -4.608015e-02 -7.536775e-03
86 -4.181688e-02 1.180223e-01 1.318255e-03 -2.771578e-03 -9.093784e+01 -9.075302e+01 -3.658524e-02 -5.326855e-02
87 -4.885447e-02 9.142043e-02 2.159504e-03 -2.725780e-03 -8.720732e+01 -8.706512e+01 -3.981217e-02 -8.306647e-02
88 -3.656968e-02 -1.075650e-01 1.780678e-03 4.204173e-03 -8.772568e+01 -8.777654e+01 -2.779455e-02 1.466580e-02
89 -6.348085e-02 1.636801e-01 1.646058e-03 -3.610565e-03 -9.397666e+01 -9.363840e+01 -5.739248e-02 2.547331e-02
90 -5.802587e-02 3.751493e-01 1.995840e-04 -1.263086e-03 -9.929488e+01 -9.846653e+01 -5.733543e-02 3.256867e-01
91 -4.650237e-02 -1.490637e-01 2.556847e-05 8.202110e-05 -9.996337e+01 -1.001687e+02 -4.642669e-02 -1.494881e-01
92 -5.495005e-02 2.077761e-01 1.965164e-05 -7.395747e-05 -9.999213e+01 -9.947104e+01 -5.489951e-02 2.017712e-01
93 -4.983490e-02 1.227502e-02 7.665554e-06 -1.886721e-06 -1.000564e+02 -9.993227e+01 -4.980631e-02 1.221268e-02
94 -5.030771e-02 -4.750438e-02 2.860657e-06 2.699095e-06 -1.000783e+02 -1.000725e+02 -5.030078e-02 -4.727037e-02
95 -5.193726e-02 -1.507339e-01 1.280561e-06 3.716607e-06 -1.000968e+02 -1.002944e+02 -5.193392e-02 -1.507545e-01
96 -4.593202e-02 -2.295803e-01 2.263960e-06 1.131760e-05 -1.000813e+02 -1.004487e+02 -4.592446e-02 -2.297543e-01
97 -4.468234e-02 -4.965651e-02 4.271285e-06 4.759208e-06 -1.000777e+02 -1.000881e+02 -4.467314e-02 -5.042523e-02
98 -4.237671e-02 1.697395e-02 1.260663e-05 -4.955548e-06 -1.000352e+02 -9.991782e+01 -4.233759e-02 1.506816e-02
99 -3.669075e-02 1.707128e-01 3.867728e-05 -1.788792e-04 -9.987326e+01 -9.946334e+01 -3.658432e-02 1.641260e-01
100 -3.148006e-02 -9.967903e-02 8.785394e-05 2.803547e-04 -9.961910e+01 -9.975790e+01 -3.121220e-02 -1.034678e-01
101 -4.410076e-02 -3.934983e-01 2.449402e-04 2.156790e-03 -9.887068e+01 -9.954134e+01 -4.340123e-02 -3.574866e-01
102 -4.156765e-02 7.335678e-02 4.098609e-04 -4.933689e-04 -9.731949e+01 -9.718466e+01 -3.931958e-02 -5.294930e-02
103 -4.624467e-02 -5.811424e-01 9.098997e-04 1.059438e-02 -9.557254e+01 -9.644604e+01 -4.404252e-02 -3.451633e-01
104 -3.237476e-02 -5.171010e-01 6.323131e-04 9.699769e-03 -9.513234e+01 -9.597577e+01 -2.972382e-02 -3.666349e-01
105 -4.577222e-02 3.910732e-02 7.266955e-04 -2.517931e-04 -9.607758e+01 -9.599958e+01 -4.253567e-02 -7.512418e-02
106 -4.567237e-02 9.753935e-02 1.398070e-03 -2.227042e-03 -9.419605e+01 -9.401497e+01 -4.181241e-02 -3.180009e-02
107 -5.648417e-02 -1.505645e-02 1.640500e-04 4.658511e-05 -9.950577e+01 -9.942739e+01 -5.581676e-02 -2.067085e-02
108 -4.578853e-02 1.930220e-01 1.320775e-04 -5.450816e-04 -9.942974e+01 -9.897140e+01 -4.530519e-02 1.672232e-01
109 -5.727093e-02 6.393622e-02 8.667453e-05 -9.414160e-05 -9.961642e+01 -9.938194e+01 -5.686337e-02 5.388556e-02
110 -4.324629e-02 4.252781e-03 1.469093e-04 -1.194216e-05 -9.926194e+01 -9.917064e+01 -4.269875e-02 -8.661305e-05
111 -7.090913e-02 7.632259e-01 4.391368e-05 -4.706651e-04 -9.979055e+01 -9.814095e+01 -7.053635e-02 7.400745e-01
112 -8.808797e-02 4.493371e-01 4.429893e-06 -2.259150e-05 -1.000848e+02 -9.901100e+01 -8.804906e-02 4.484945e-01
113 -5.314290e-02 2.083737e-01 1.287123e-06 -5.045728e-06 -1.000955e+02 -9.957266e+01 -5.313837e-02 2.080831e-01
114 -3.687185e-02 -1.031754e-01 6.612661e-07 1.850583e-06 -1.000859e+02 -1.002186e+02 -3.686935e-02 -1.032402e-01
115 -3.595315e-02 -3.037504e-01 1.610120e-06 1.360255e-05 -1.000799e+02 -1.006155e+02 -3.594774e-02 -3.036275e-01
116 -5.093608e-02 -4.855140e-01 7.641124e-06 7.278111e-05 -1.000652e+02 -1.009326e+02 -5.090560e-02 -4.831145e-01
117 -5.152240e-02 2.809702e-01 2.701033e-05 -1.466956e-04 -9.995807e+01 -9.929861e+01 -5.141301e-02 2.735445e-01
118 -5.023556e-02 1.315829e-01 5.472849e-05 -1.400127e-04 -9.980526e+01 -9.945485e+01 -5.002321e-02 1.128689e-01
