0 -6.850220e-02 -1.756941e-01 2.301099e-02 1.529182e+00 -5.816354e+00 -6.685826e+00 2.483602e-02 -1.262105e+01
1 -2.494287e-02 -3.906380e-02 4.480843e-01 9.890682e+01 -1.652490e-03 -1.653915e-03 8.790419e-01 9.999767e+01
2 2.533515e-02 -2.505637e-01 4.768332e-01 1.832784e+01 -5.946887e-02 -5.968650e-02 9.007885e-01 5.030910e+01
3 -2.678929e-01 9.000392e-01 2.427146e-01 -7.647418e+00 -1.673707e+00 -1.653339e+00 3.684509e-01 -6.317327e+00
4 -6.359017e-02 -1.877035e+00 1.275155e-01 3.157041e-01 -7.593677e+00 -7.650482e+00 1.813092e-01 9.093038e-02
5 -6.929502e-02 -4.556316e-01 7.444865e-02 2.258137e-01 -1.941108e+01 -1.946580e+01 7.855617e-02 -1.163599e-01
6 -5.697960e-02 3.186162e-01 2.321251e-02 5.717204e-02 -3.812238e+01 -3.825304e+01 -1.883590e-03 -9.836177e-02
7 -6.628114e-02 1.344588e+00 1.041343e-02 -4.939484e-03 -5.995034e+01 -5.986181e+01 -3.243876e-02 -6.404772e-02
8 -6.938826e-02 -1.422459e+00 3.635881e-03 4.347708e-02 -7.560821e+01 -7.647873e+01 -5.399080e-02 -1.808053e-01
9 -6.857772e-02 1.859114e-01 1.493094e-03 -3.415878e-03 -9.179792e+01 -9.140806e+01 -6.617780e-02 6.420091e-02
10 -5.905663e-02 6.587791e-01 1.567128e-03 -1.393987e-02 -8.905639e+01 -8.818742e+01 -5.151752e-02 7.927215e-02
11 -5.056447e-02 -3.945242e-01 2.861068e-03 1.198215e-02 -7.683452e+01 -7.696335e+01 -3.206670e-02 5.766270e-03
12 -5.295556e-02 3.055732e-01 1.680309e-02 -5.554920e-02 -3.763587e+01 -3.737881e+01 -1.532686e-03 2.754553e-01
13 -5.224725e-02 9.858185e-02 6.763714e-02 1.279117e+00 -1.143668e+01 -1.173416e+01 7.740127e-02 4.549130e-01
14 -4.544411e-02 -2.244919e-02 1.358902e-01 8.743708e+00 -2.737201e+00 -2.915896e+00 1.924614e-01 2.684766e+01
15 -6.071988e-02 -8.411881e-02 7.057616e-02 -1.495519e+00 -8.438084e+00 -8.191420e+00 6.438252e-02 -1.990309e+00
16 -4.302432e-02 -9.677629e-02 8.989488e-02 1.003722e+01 -3.206159e+00 -3.465289e+00 1.206555e-01 3.037962e+01
17 -5.432517e-02 1.439994e-01 1.602524e-01 5.501927e+00 -3.505995e+00 -3.677444e+00 2.389520e-01 1.542937e+01
18 -5.827271e-02 -3.971792e-01 5.070105e-02 2.841069e-01 -1.940912e+01 -1.956818e+01 4.114228e-02 -1.304834e-01
19 -5.249162e-02 1.320560e+00 2.254732e-02 1.264063e-01 -3.475471e+01 -3.492793e+01 -1.438398e-02 -1.760177e-02
20 -1.349309e-01 1.906006e+00 1.712263e-02 1.193198e-02 -4.904679e+01 -4.911459e+01 -3.226960e-02 -2.040186e-01
21 -6.902910e-02 1.444464e+00 4.728799e-03 2.238921e-02 -7.262728e+01 -7.286066e+01 -4.892402e-02 6.587464e-02
22 -6.621502e-02 4.077874e-01 1.831011e-03 -6.184722e-03 -9.333460e+01 -9.300586e+01 -6.187141e-02 -1.589963e-01
23 -7.091725e-02 -4.101832e-01 4.001246e-04 2.314416e-03 -9.786799e+01 -9.853057e+01 -6.915814e-02 -3.866953e-01
24 -6.450539e-02 -9.712970e-01 5.445847e-05 1.039513e-03 -9.771393e+01 -1.005012e+02 -6.549693e-02 -2.319161e+00
25 -9.368564e-02 -1.423443e+00 5.814680e-05 9.876703e-04 -9.833774e+01 -1.016344e+02 -9.534990e-02 -2.348744e+00
26 -5.301588e-02 -4.566396e-03 8.506081e-06 7.492626e-07 -1.000534e+02 -9.995696e+01 -5.297805e-02 -5.182646e-03
27 -5.846978e-02 1.736329e+00 4.071157e-05 -1.188688e-03 -9.971646e+01 -9.625441e+01 -5.822095e-02 1.558582e+00
28 -6.120369e-02 3.972588e-02 5.015362e-04 1.452074e-04 -9.655233e+01 -9.655937e+01 -5.760609e-02 -2.000842e-01
29 -4.414646e-02 -4.912936e-01 4.009349e-03 2.282747e-02 -7.828436e+01 -7.843356e+01 -2.434514e-02 2.312909e-02
30 -4.272412e-02 -4.218980e-01 6.303903e-03 4.927589e-02 -7.292632e+01 -7.325587e+01 -1.736212e-02 -5.190477e-02
31 -4.614519e-02 -1.175350e-01 4.380621e-03 1.719967e-02 -8.121572e+01 -8.152652e+01 -3.028699e-02 -3.778787e-01
32 -4.160452e-02 1.971118e-01 9.492061e-03 2.442962e-02 -6.610450e+01 -6.631072e+01 -1.249656e-02 -2.635583e-01
33 -4.554738e-02 -4.004245e-03 1.859195e-02 4.078942e-02 -4.811369e+01 -4.820091e+01 8.679436e-04 -2.033052e-01
34 -4.203716e-02 -2.328991e-01 3.328462e-02 3.110868e-01 -2.015595e+01 -2.036666e+01 3.525824e-02 -5.475773e-01
35 -4.408100e-02 -1.028898e-02 9.607311e-02 2.280133e+00 -6.239157e+00 -6.460732e+00 1.298436e-01 4.767554e+00
36 -5.106717e-02 2.072376e-01 1.021974e-01 3.877994e+00 -5.062570e+00 -5.276061e+00 1.481573e-01 1.042406e+01
37 -5.461512e-02 -6.735730e-01 8.826995e-02 -4.957497e-01 -6.667532e+00 -6.744638e+00 1.007394e-01 -2.733453e+00
38 -4.575028e-02 -7.506112e-02 1.132047e-01 8.382700e+00 -3.381795e+00 -3.666546e+00 1.579811e-01 2.366051e+01
39 -9.298445e-02 5.647564e-02 5.226242e-02 3.943516e-01 -2.317767e+01 -2.362600e+01 4.368688e-02 -1.457079e+00
40 -5.250172e-02 2.468978e-01 5.867862e-03 -1.767220e-02 -7.159904e+01 -7.142169e+01 -2.664257e-02 -2.368392e-01
41 -9.375465e-02 -4.697626e-01 3.598524e-03 1.691408e-02 -8.861831e+01 -8.914392e+01 -6.098030e-02 -1.991571e-01
42 -5.588152e-02 1.383841e-01 6.745770e-04 -1.225714e-03 -9.536166e+01 -9.512078e+01 -5.181695e-02 -2.817567e-02
43 -5.685842e-02 1.157507e-01 1.358134e-04 -2.519121e-04 -9.919091e+01 -9.888881e+01 -5.621673e-02 5.601166e-02
44 -5.532271e-02 2.887812e-01 5.642172e-05 -2.890096e-04 -9.974873e+01 -9.908418e+01 -5.508297e-02 2.558048e-01
45 -4.757288e-02 1.858405e-01 4.098134e-05 -1.593737e-04 -9.985359e+01 -9.939134e+01 -4.735995e-02 1.800702e-01
46 -3.679411e-02 -1.481533e-01 2.116234e-05 8.510727e-05 -9.996224e+01 -1.001840e+02 -3.671400e-02 -1.467511e-01
47 -3.800036e-02 -2.795120e-02 5.767059e-05 4.351598e-05 -9.972311e+01 -9.970596e+01 -3.773683e-02 -3.198464e-02
48 -4.769670e-02 -1.456450e-01 2.346582e-04 7.185603e-04 -9.869274e+01 -9.888707e+01 -4.639103e-02 -1.440310e-01
49 -5.806311e-02 3.054934e-02 1.508011e-03 5.481850e-03 -9.270648e+01 -9.325584e+01 -5.170807e-02 -5.601024e-01
50 -5.306241e-02 -8.257822e-01 1.041045e-02 4.124457e-02 -5.917446e+01 -5.933877e+01 -1.312353e-02 -1.478922e-01
51 -3.521299e-02 -6.247616e-01 2.228202e-02 1.389271e-01 -3.439377e+01 -3.469243e+01 6.526458e-03 -7.374399e-01
52 -2.844874e-03 4.053785e-01 2.574770e-02 1.357919e-01 -3.400789e+01 -3.431263e+01 8.657418e-03 -6.902142e-01
53 -7.412163e-02 1.808676e-01 3.473541e-02 1.219824e-01 -2.695720e+01 -2.710425e+01 2.739573e-02 -6.379045e-01
54 -6.970813e-02 -7.745598e-02 3.580228e-02 1.983562e-02 -3.193209e+01 -3.190395e+01 2.409918e-02 1.184336e-01
55 -5.722417e-02 -5.646321e-01 1.122241e-02 8.704707e-02 -5.954532e+01 -5.997454e+01 -2.642304e-02 -2.193960e-01
56 -4.802150e-02 3.234480e-01 9.792523e-04 -6.328913e-03 -9.479880e+01 -9.414805e+01 -4.340851e-02 2.210101e-01
57 -6.362986e-02 4.565082e-02 3.259762e-04 -2.293263e-04 -9.817417e+01 -9.796286e+01 -6.204652e-02 4.012977e-02
58 -5.533694e-02 2.074927e-01 1.249869e-04 -4.640881e-04 -9.922870e+01 -9.871575e+01 -5.456973e-02 1.928432e-01
59 -4.914114e-02 -1.423274e-01 4.077174e-05 1.185565e-04 -9.983198e+01 -1.000201e+02 -4.897121e-02 -1.451329e-01
60 -6.459325e-02 2.698255e-01 1.370069e-05 -5.705607e-05 -1.000373e+02 -9.937214e+01 -6.456401e-02 2.647538e-01
61 -5.392025e-02 -6.834042e-01 3.883856e-06 4.921651e-05 -1.000760e+02 -1.013342e+02 -5.390781e-02 -6.825095e-01
62 -4.067144e-02 -1.867734e-01 5.228256e-06 2.401203e-05 -1.000571e+02 -1.003493e+02 -4.065163e-02 -1.868024e-01
63 -3.834653e-02 -4.288788e-02 1.774524e-05 1.988926e-05 -9.998730e+01 -9.999673e+01 -3.825992e-02 -4.329506e-02
64 -4.112208e-02 3.837396e-02 8.295460e-05 -7.298093e-05 -9.969961e+01 -9.955008e+01 -4.077641e-02 2.509789e-02
65 -4.884173e-02 -3.455534e-01 5.131592e-04 3.828807e-03 -9.782159e+01 -9.846858e+01 -4.682158e-02 -4.157315e-01
66 -4.326124e-02 -1.429748e-01 2.168754e-03 9.449657e-03 -8.796305e+01 -8.827402e+01 -3.187625e-02 -2.861496e-01
67 -4.464079e-02 -9.898023e-02 3.583449e-03 1.033313e-02 -8.555621e+01 -8.572500e+01 -3.339150e-02 -1.234589e-01
68 -3.555317e-02 -3.469162e-01 4.957156e-03 4.156372e-02 -7.447417e+01 -7.478013e+01 -1.454327e-02 -9.740993e-02
69 -4.976533e-02 -4.132044e-01 1.697965e-02 9.839663e-02 -5.378789e+01 -5.404729e+01 -2.963853e-03 -2.961216e-01
70 -4.333314e-02 -5.395228e-01 1.898556e-02 1.134917e-01 -4.097277e+01 -4.123113e+01 5.510743e-03 -4.599535e-01
71 -4.783331e-02 -3.624333e-01 3.002627e-02 2.915217e-01 -3.273293e+01 -3.306672e+01 1.661526e-02 -4.271351e-01
72 -3.862445e-02 -2.418420e-01 2.288095e-02 2.961047e-01 -3.532880e+01 -3.571661e+01 1.680822e-02 -7.820494e-01
73 -5.927580e-02 -1.663195e-01 2.639606e-02 6.940423e-02 -3.832033e+01 -3.842406e+01 1.282307e-02 -3.860186e-01
74 -1.343283e-01 -2.870949e-01 3.788716e-03 9.275100e-03 -9.124879e+01 -9.157571e+01 -6.666604e-02 -1.911643e-01
75 -4.391701e-02 2.414388e-01 3.624366e-04 -1.937319e-03 -9.829038e+01 -9.775609e+01 -4.265816e-02 1.967511e-01
76 -4.889801e-02 -3.365512e-01 2.105109e-04 1.431517e-03 -9.898845e+01 -9.954167e+01 -4.810255e-02 -3.079630e-01
77 -5.360506e-02 -3.197160e-01 3.298511e-05 1.961957e-04 -9.993293e+01 -1.004608e+02 -5.346916e-02 -3.136856e-01
78 -5.437696e-02 -4.196852e-01 7.720970e-06 5.956289e-05 -1.000492e+02 -1.007787e+02 -5.434977e-02 -4.182900e-01
79 -4.863912e-02 -1.557903e-01 7.341264e-06 2.351202e-05 -1.000570e+02 -1.002712e+02 -4.860945e-02 -1.556173e-01
80 -4.027462e-02 2.912587e-02 2.379877e-05 -1.718445e-05 -9.994952e+01 -9.981115e+01 -4.013370e-02 2.875393e-02
81 -4.259487e-02 4.422561e-01 6.724684e-05 -6.923240e-04 -9.970756e+01 -9.875685e+01 -4.228471e-02 4.169701e-01
82 -3.858422e-02 -2.348330e-01 8.764652e-05 5.313679e-04 -9.955423e+01 -9.994073e+01 -3.817857e-02 -2.270692e-01
83 -4.633848e-02 -3.928943e-01 1.539575e-04 1.277698e-03 -9.928238e+01 -9.993677e+01 -4.566871e-02 -3.401154e-01
84 -1.949752e-02 4.879819e-01 2.002786e-04 -4.749636e-03 -9.791998e+01 -9.700945e+01 -1.978660e-02 3.536870e-01
85 -5.242665e-02 2.981051e-02 2.026259e-03 -3.808626e-04 -8.955448e+01 -8.947035e+01 -4.549358e-02 -5.223845e-02
86 -4.127681e-02 7.403814e-02 2.381931e-03 -2.819930e-03 -8.376179e+01 -8.364765e+01 -2.872811e-02 -3.073482e-02
87 -5.218370e-02 -8.688775e-01 3.757510e-03 5.129917e-02 -7.809837e+01 -7.891866e+01 -3.493938e-02 -4.555573e-02
88 -4.075033e-02 1.522690e-01 3.670797e-03 -4.827986e-03 -7.982632e+01 -7.980277e+01 -2.285439e-02 -2.256991e-01
89 -6.098109e-02 6.932731e-02 1.492875e-03 -1.641545e-03 -9.374332e+01 -9.350556e+01 -5.471346e-02 6.281823e-02
90 -5.831434e-02 -2.514424e-01 1.356552e-04 5.802513e-04 -9.965108e+01 -1.000272e+02 -5.774029e-02 -2.371101e-01
91 -5.227813e-02 -4.063345e-01 3.651065e-05 2.823175e-04 -9.989922e+01 -1.005975e+02 -5.210027e-02 -3.924805e-01
92 -5.463163e-02 2.576175e-01 1.999166e-05 -9.426796e-05 -9.994784e+01 -9.932435e+01 -5.450875e-02 2.569461e-01
93 -5.629694e-02 2.615745e-01 4.858443e-06 -2.255246e-05 -1.000813e+02 -9.944672e+01 -5.626733e-02 2.599442e-01
94 -4.426591e-02 -2.007425e-02 1.034957e-06 4.692186e-07 -1.000790e+02 -1.000306e+02 -4.426252e-02 -2.004030e-02
95 -5.594407e-02 -2.592166e-01 9.294901e-07 4.306714e-06 -1.001067e+02 -1.005132e+02 -5.593976e-02 -2.591701e-01
96 -4.156333e-02 -1.966771e-01 2.254251e-06 1.066762e-05 -1.000676e+02 -1.003779e+02 -4.155170e-02 -1.966811e-01
97 -3.750025e-02 2.582543e-01 2.268117e-06 -1.561776e-05 -1.000733e+02 -9.948199e+01 -3.748952e-02 2.579666e-01
98 -4.312150e-02 -3.248023e-01 7.016870e-06 5.281204e-05 -1.000555e+02 -1.006176e+02 -4.309351e-02 -3.230884e-01
99 -4.147248e-02 1.750168e-01 2.042729e-05 -8.541875e-05 -9.997547e+01 -9.954942e+01 -4.137599e-02 1.650986e-01
100 -3.443205e-02 -2.202017e-01 7.544683e-05 4.865256e-04 -9.958653e+01 -9.996294e+01 -3.401799e-02 -2.282740e-01
101 -4.071822e-02 -8.840098e-02 2.282730e-04 5.020488e-04 -9.897855e+01 -9.907724e+01 -3.990916e-02 -9.312880e-02
102 -3.361686e-02 -2.745359e-02 3.458913e-04 3.615033e-04 -9.753875e+01 -9.755572e+01 -3.150093e-02 -6.610414e-02
103 -4.821764e-02 3.031644e-01 1.415718e-03 -7.656271e-03 -9.324443e+01 -9.273960e+01 -4.309866e-02 7.682068e-02
104 -3.210368e-02 -1.234855e-01 1.151186e-03 4.468659e-03 -9.134351e+01 -9.150919e+01 -2.527657e-02 -1.033635e-01
105 -4.123932e-02 -5.237411e-01 1.410907e-03 1.836325e-02 -9.076624e+01 -9.167237e+01 -3.393488e-02 -4.993444e-01
106 -5.610772e-02 1.908574e-01 2.653897e-03 -7.470480e-03 -8.976955e+01 -8.943826e+01 -4.620393e-02 2.100107e-02
107 -5.304250e-02 2.682902e-02 1.898371e-04 -8.691517e-05 -9.934537e+01 -9.919708e+01 -5.229912e-02 1.126491e-02
108 -4.129573e-02 -3.139237e-01 2.246429e-04 1.709387e-03 -9.886541e+01 -9.940379e+01 -4.020635e-02 -3.075397e-01
109 -5.524594e-02 -2.197754e-01 1.890493e-04 7.522256e-04 -9.897254e+01 -9.929752e+01 -5.411713e-02 -2.148310e-01
110 -4.151367e-02 -3.781047e-02 2.490134e-04 2.391028e-04 -9.865139e+01 -9.865212e+01 -4.032611e-02 -4.858052e-02
111 -6.806753e-02 4.446259e-01 3.471525e-05 -2.262778e-04 -9.984517e+01 -9.882665e+01 -6.775589e-02 4.368283e-01
112 -7.993759e-02 -1.372417e-01 5.449399e-06 9.354178e-06 -1.000738e+02 -1.001883e+02 -7.989061e-02 -1.370129e-01
113 -5.312395e-02 -3.078459e-01 1.071935e-06 6.211033e-06 -1.000935e+02 -1.006027e+02 -5.311969e-02 -3.076173e-01
114 -3.203410e-02 -4.301289e-01 4.348047e-07 5.838147e-06 -1.000872e+02 -1.008834e+02 -3.203186e-02 -4.300575e-01
115 -3.723370e-02 -3.688854e-01 1.986542e-06 1.968044e-05 -1.000816e+02 -1.007448e+02 -3.722318e-02 -3.686870e-01
116 -3.949736e-02 3.120747e-02 4.262789e-06 -3.355237e-06 -1.000580e+02 -9.991713e+01 -3.948022e-02 3.047956e-02
117 -4.842881e-02 -9.280217e-02 1.756890e-05 3.374811e-05 -9.999809e+01 -1.000876e+02 -4.833463e-02 -9.395889e-02
118 -5.179619e-02 -2.966692e-01 7.136718e-05 4.048641e-04 -9.970281e+01 -1.001791e+02 -5.139049e-02 -2.776901e-01
