0 -7.040000e-02 -1.765659e-01 2.333841e-02 1.059823e+00 -7.565209e+00 -8.050475e+00 1.410446e-02 -3.101325e+00
1 -3.309527e-02 -2.676425e-01 2.731467e-01 9.427315e+01 -5.174371e-02 -5.287352e-02 5.090599e-01 9.992043e+01
2 4.313888e-02 -4.883237e-01 3.560516e-01 1.448980e-02 -2.354135e-01 -2.374354e-01 6.574295e-01 2.627626e+01
3 -2.387773e-01 -7.314435e-02 2.212136e-01 6.616703e-01 -1.743036e+00 -1.837524e+00 3.301775e-01 1.555256e+01
4 -6.527051e-02 9.071734e-01 1.773086e-01 3.093691e+00 -4.467072e+00 -4.612319e+00 2.683930e-01 8.065732e+00
5 -7.307967e-02 1.977818e-01 1.160870e-01 1.183883e+00 -1.174577e+01 -1.200700e+01 1.523436e-01 1.219536e+00
6 -5.970799e-02 3.723755e-01 4.031981e-02 -6.369785e-02 -3.038761e+01 -3.024555e+01 2.430869e-02 -8.327298e-02
7 -6.177841e-02 3.374627e-01 1.598010e-02 -3.474171e-02 -4.944362e+01 -4.929813e+01 -1.904202e-02 -1.258029e-01
8 -7.089583e-02 -4.941197e-02 8.574252e-03 -1.209395e-02 -6.175810e+01 -6.163175e+01 -3.789908e-02 -1.601914e-01
9 -7.323482e-02 -1.937769e-01 4.818169e-03 1.842368e-03 -7.736901e+01 -7.714675e+01 -5.834519e-02 -5.190149e-03
10 -5.877514e-02 -6.232759e-02 3.213525e-03 3.372619e-03 -8.246714e+01 -8.248755e+01 -4.993530e-02 -1.261625e-01
11 -4.725763e-02 1.184132e-01 5.205123e-03 -4.893431e-03 -7.183221e+01 -7.178201e+01 -2.323088e-02 -1.280239e-01
12 -5.574362e-02 -2.817997e-01 2.718451e-02 -1.523644e-01 -3.011752e+01 -2.987880e+01 8.989303e-03 -1.330625e-01
13 -5.009140e-02 1.325276e-01 7.858733e-02 3.017333e+00 -9.197122e+00 -9.725852e+00 9.695433e-02 3.161698e+00
14 -4.519357e-02 8.574411e-02 1.262017e-01 7.606328e+00 -3.267064e+00 -3.451249e+00 1.882358e-01 2.263225e+01
15 -6.034611e-02 -3.947885e-02 6.750415e-02 1.070669e+00 -1.071042e+01 -1.094221e+01 6.218655e-02 -1.245732e-02
16 -4.491737e-02 -3.079183e-01 6.890272e-02 5.418673e+00 -6.409391e+00 -7.023585e+00 7.597863e-02 8.087398e+00
17 -5.466961e-02 -4.240133e-02 1.295346e-01 1.106785e+00 -5.049451e+00 -5.126951e+00 1.885747e-01 4.181955e+00
18 -5.595405e-02 6.737943e-02 5.459441e-02 2.324135e-01 -1.935255e+01 -1.947102e+01 4.927808e-02 -3.149632e-01
19 -5.011603e-02 2.355315e+00 2.525473e-02 8.895790e-02 -3.513361e+01 -3.525071e+01 -5.392209e-03 -5.063822e-02
20 -1.140942e-01 1.253327e+00 1.987455e-02 5.637585e-02 -4.951019e+01 -4.969577e+01 -2.831432e-02 -3.212288e-01
21 -6.571855e-02 7.047384e-01 7.064971e-03 5.761407e-02 -6.868440e+01 -6.930220e+01 -4.122553e-02 -1.564283e-01
22 -6.203818e-02 3.060606e-02 3.809234e-03 9.611656e-03 -8.743529e+01 -8.769303e+01 -5.248343e-02 -1.846941e-01
23 -6.686669e-02 -5.932486e-02 1.244088e-03 1.777249e-03 -9.417051e+01 -9.426437e+01 -6.323442e-02 -1.328420e-01
24 -6.267946e-02 1.192456e+00 2.475769e-04 6.385488e-03 -8.236672e+01 -8.792679e+01 -6.068802e-02 -3.919103e+00
25 -1.027403e-01 2.789640e-03 2.815309e-04 4.055140e-03 -8.957468e+01 -9.429811e+01 -1.157358e-01 -5.096771e+00
26 -4.861889e-02 -3.350308e-01 2.199392e-05 1.520514e-04 -9.998788e+01 -1.005644e+02 -4.854350e-02 -3.409258e-01
27 -5.976345e-02 9.033192e-01 1.143336e-04 -1.618372e-03 -9.903709e+01 -9.734011e+01 -5.983284e-02 5.998391e-01
28 -5.583082e-02 7.351123e-01 9.281755e-04 -1.022539e-02 -9.494403e+01 -9.384977e+01 -5.149498e-02 2.157386e-01
29 -4.110444e-02 1.882485e-02 4.059920e-03 -1.482924e-02 -7.985622e+01 -7.951727e+01 -2.672301e-02 1.659869e-02
30 -4.363829e-02 -1.428295e-01 5.517586e-03 9.194960e-03 -7.823317e+01 -7.822940e+01 -2.359784e-02 -2.055017e-02
31 -5.171982e-02 -3.400209e-01 5.852209e-03 3.729099e-02 -7.999751e+01 -8.042633e+01 -3.366711e-02 -2.167573e-01
32 -4.237052e-02 5.695160e-02 1.096712e-02 3.496235e-02 -6.277549e+01 -6.289708e+01 -1.161791e-02 -9.063980e-02
33 -4.551484e-02 5.450757e-01 2.536165e-02 6.735039e-02 -4.045666e+01 -4.061612e+01 1.130589e-02 -4.162512e-01
34 -4.540575e-02 -2.164684e-01 3.966398e-02 7.317277e-01 -1.734875e+01 -1.772560e+01 4.433347e-02 -6.579700e-01
35 -4.459758e-02 -1.435664e-02 8.723229e-02 2.015421e+00 -7.958456e+00 -8.199205e+00 1.186003e-01 3.399583e+00
36 -5.166765e-02 3.784935e-01 8.795560e-02 3.133476e-01 -7.236887e+00 -7.326523e+00 1.127097e-01 -8.060520e-02
37 -5.588835e-02 7.005331e-02 7.774373e-02 1.241730e+00 -1.045372e+01 -1.089253e+01 8.730775e-02 -1.791723e+00
38 -4.200195e-02 -2.657770e-02 9.898257e-02 5.844904e+00 -5.451767e+00 -5.786543e+00 1.416985e-01 1.365900e+01
39 -8.431027e-02 -4.018817e-02 5.923247e-02 6.183491e-01 -2.062400e+01 -2.104974e+01 5.581571e-02 -1.233039e+00
40 -6.073469e-02 -3.493868e-01 9.587674e-03 1.191613e-02 -6.601163e+01 -6.595827e+01 -2.027597e-02 -3.624401e-02
41 -8.819389e-02 1.414381e-01 3.748366e-03 -3.423530e-03 -8.810477e+01 -8.789656e+01 -5.944375e-02 -5.696889e-02
42 -5.605657e-02 4.735189e-02 1.022333e-03 -7.057406e-04 -9.390077e+01 -9.372955e+01 -5.150447e-02 3.384740e-02
43 -4.741688e-02 -2.367649e-01 2.425336e-04 1.157013e-03 -9.859721e+01 -9.892998e+01 -4.660429e-02 -1.735648e-01
44 -6.498277e-02 -1.601047e-02 1.125948e-04 2.335265e-05 -9.949972e+01 -9.939217e+01 -6.478167e-02 -1.164207e-03
45 -3.864936e-02 -1.237247e-01 3.621352e-05 1.163151e-04 -9.987104e+01 -1.000425e+02 -3.854517e-02 -1.258600e-01
46 -4.791162e-02 -6.783643e-02 4.419808e-05 6.343332e-05 -9.988359e+01 -9.992705e+01 -4.778258e-02 -7.315265e-02
47 -4.309975e-02 -1.428303e-01 1.072224e-04 3.613624e-04 -9.948178e+01 -9.968960e+01 -4.270421e-02 -1.556215e-01
48 -5.525305e-02 7.979295e-01 4.563749e-04 -6.142610e-03 -9.785757e+01 -9.639184e+01 -5.357226e-02 4.922384e-01
49 -6.068580e-02 7.439278e-01 2.972028e-03 -7.807412e-03 -8.701491e+01 -8.703459e+01 -5.023385e-02 -3.308220e-01
50 -5.043411e-02 -1.230885e-01 1.324505e-02 1.246581e-02 -5.558407e+01 -5.575703e+01 -8.177552e-03 -3.678356e-01
51 -3.694273e-02 -8.676661e-01 1.872904e-02 -8.405136e-02 -3.805064e+01 -3.791301e+01 -2.647642e-04 -1.376901e-01
52 2.194913e-03 1.102445e-01 2.118621e-02 1.185043e-01 -4.210554e+01 -4.240521e+01 -7.641269e-04 -4.769072e-01
53 -7.954820e-02 -3.056243e-01 3.265745e-02 2.413241e-01 -3.353975e+01 -3.394425e+01 2.284703e-02 -9.012700e-01
54 -6.593619e-02 5.551070e-02 3.216813e-02 -2.498926e-02 -3.602003e+01 -3.595290e+01 1.763833e-02 -3.235801e-02
55 -5.264134e-02 1.071748e-01 1.293880e-02 3.246647e-02 -5.649290e+01 -5.664193e+01 -2.150504e-02 -9.421974e-02
56 -5.197400e-02 8.787351e-02 1.824964e-03 -2.280487e-03 -9.081481e+01 -9.063944e+01 -4.505129e-02 -3.325761e-02
57 -6.361343e-02 -3.971663e-02 3.764981e-04 2.896556e-04 -9.815615e+01 -9.814461e+01 -6.206849e-02 -8.919835e-02
58 -5.293685e-02 1.053245e-01 1.501651e-04 -2.941475e-04 -9.909688e+01 -9.878981e+01 -5.222783e-02 9.427275e-02
59 -4.696232e-02 -2.562006e-02 6.269266e-05 3.785470e-05 -9.965258e+01 -9.962092e+01 -4.671760e-02 -4.164000e-02
60 -6.899157e-02 5.901705e-01 3.014120e-05 -2.562071e-04 -9.993708e+01 -9.863502e+01 -6.897715e-02 5.678733e-01
61 -5.876623e-02 -1.068249e-01 9.617703e-06 1.749135e-05 -1.000555e+02 -1.001518e+02 -5.874107e-02 -1.070841e-01
62 -4.549160e-02 1.533164e-01 1.206891e-05 -4.058958e-05 -1.000374e+02 -9.964125e+01 -4.544893e-02 1.512485e-01
63 -4.660132e-02 -9.167388e-01 4.879081e-05 9.572743e-04 -9.980879e+01 -1.015341e+02 -4.638633e-02 -8.971411e-01
64 -4.621067e-02 2.483546e-01 1.769750e-04 -9.216126e-04 -9.938506e+01 -9.883067e+01 -4.563563e-02 2.011857e-01
65 -4.750548e-02 3.838167e-01 7.428687e-04 -4.919524e-03 -9.689404e+01 -9.631174e+01 -4.509381e-02 3.574412e-02
66 -4.178163e-02 -3.919411e-01 2.175368e-03 2.027581e-02 -8.924693e+01 -8.985906e+01 -3.280622e-02 -3.350605e-01
67 -4.174469e-02 -4.214127e-02 3.154075e-03 6.613104e-03 -8.806345e+01 -8.819924e+01 -3.342235e-02 -1.703447e-01
68 -3.643813e-02 2.832987e-01 5.503230e-03 -2.555018e-02 -7.436896e+01 -7.422712e+01 -1.460684e-02 -2.084909e-01
69 -5.042231e-02 -2.238385e-01 1.678150e-02 1.201191e-01 -5.421553e+01 -5.461523e+01 -5.747282e-03 -3.774342e-01
70 -4.378447e-02 -5.885614e-01 1.708799e-02 1.020954e-01 -4.730456e+01 -4.753813e+01 1.535051e-03 -1.728085e-01
71 -4.789531e-02 -2.468620e-01 2.379802e-02 1.398118e-01 -4.024496e+01 -4.050287e+01 4.758658e-03 -4.911646e-01
72 -3.915971e-02 4.131115e-02 1.776141e-02 1.501522e-01 -4.524874e+01 -4.561860e+01 7.375365e-03 -5.704819e-01
73 -5.065709e-02 2.453929e-02 2.224501e-02 1.092731e-01 -4.115298e+01 -4.143670e+01 5.544693e-03 -6.080477e-01
74 -1.398274e-01 -1.517451e+00 6.190507e-03 7.979970e-02 -7.961597e+01 -8.089241e+01 -7.043017e-02 2.586590e-01
75 -4.942956e-02 1.346657e-01 3.505491e-04 -8.111461e-04 -9.846107e+01 -9.817577e+01 -4.843967e-02 2.394241e-02
76 -4.710055e-02 7.078870e-02 2.236834e-04 -3.196400e-04 -9.899934e+01 -9.877945e+01 -4.654675e-02 4.969878e-02
77 -5.304122e-02 2.769645e-01 5.374856e-05 -2.795367e-04 -9.984659e+01 -9.919255e+01 -5.286983e-02 2.694898e-01
78 -5.450083e-02 1.928693e-02 1.256328e-05 -4.249362e-06 -1.000379e+02 -9.989379e+01 -5.446783e-02 1.418681e-02
79 -4.238436e-02 7.028682e-02 1.069782e-05 -1.770973e-05 -1.000319e+02 -9.980720e+01 -4.234903e-02 6.950177e-02
80 -4.117957e-02 -4.886157e-02 2.693268e-05 3.205945e-05 -9.994612e+01 -9.996208e+01 -4.105355e-02 -4.964336e-02
81 -4.100418e-02 -1.693735e-01 5.700344e-05 2.359489e-04 -9.976791e+01 -1.000252e+02 -4.078988e-02 -1.705600e-01
82 -3.482938e-02 -1.461524e-01 6.486281e-05 2.723837e-04 -9.969635e+01 -9.991851e+01 -3.459176e-02 -1.458358e-01
83 -4.798306e-02 -2.425306e-02 1.740784e-04 1.492718e-04 -9.928112e+01 -9.929986e+01 -4.746126e-02 -1.184662e-01
84 -2.305645e-02 -2.159893e-01 3.168299e-04 2.821282e-03 -9.714719e+01 -9.748545e+01 -2.283567e-02 -1.549949e-01
85 -5.012756e-02 -1.809252e-01 1.833774e-03 5.006063e-03 -9.044500e+01 -9.054448e+01 -4.516481e-02 -1.270321e-02
86 -4.260579e-02 3.162233e-01 1.744973e-03 -9.672180e-03 -8.790887e+01 -8.754673e+01 -3.399186e-02 -9.704389e-02
87 -5.214813e-02 -1.122060e-02 2.842704e-03 6.011880e-03 -8.354743e+01 -8.376380e+01 -3.859516e-02 -3.186673e-01
88 -3.685477e-02 -3.426488e-01 2.385017e-03 1.870760e-02 -8.435439e+01 -8.469504e+01 -2.484174e-02 -5.084572e-02
89 -6.326662e-02 4.757312e-03 1.674876e-03 2.218067e-04 -9.360824e+01 -9.352792e+01 -5.665836e-02 -5.918372e-02
90 -5.905059e-02 3.070279e-01 1.668570e-04 -8.615613e-04 -9.949518e+01 -9.877627e+01 -5.841744e-02 2.914740e-01
91 -4.962680e-02 -3.068265e-01 3.024737e-05 1.869723e-04 -9.994081e+01 -1.004542e+02 -4.951846e-02 -3.057847e-01
92 -5.469704e-02 3.934670e-01 2.050579e-05 -1.473032e-04 -9.997000e+01 -9.907694e+01 -5.461538e-02 3.895901e-01
93 -5.257363e-02 9.592443e-02 6.784311e-06 -1.238369e-05 -1.000652e+02 -9.976819e+01 -5.254052e-02 9.610617e-02
94 -4.888793e-02 -2.078453e-01 2.036665e-06 8.657189e-06 -1.000808e+02 -1.003985e+02 -4.888165e-02 -2.075850e-01
95 -5.374779e-02 2.225017e-01 1.136350e-06 -4.701897e-06 -1.001011e+02 -9.954904e+01 -5.374426e-02 2.218368e-01
96 -4.285694e-02 -4.968295e-02 2.140313e-06 2.484274e-06 -1.000736e+02 -1.000875e+02 -4.284885e-02 -5.004143e-02
97 -4.039655e-02 1.037118e-01 2.998425e-06 -7.692464e-06 -1.000759e+02 -9.978803e+01 -4.038804e-02 1.032443e-01
98 -4.210087e-02 -1.002456e-01 9.310598e-06 2.222788e-05 -1.000481e+02 -1.001654e+02 -4.206935e-02 -1.017561e-01
99 -3.799824e-02 -1.302060e-01 3.000121e-05 1.029322e-04 -9.991713e+01 -1.001019e+02 -3.789157e-02 -1.308219e-01
100 -3.269184e-02 -1.908962e-01 8.366385e-05 4.927832e-04 -9.960535e+01 -9.992654e+01 -3.236414e-02 -1.986963e-01
101 -4.363559e-02 -6.342646e-02 2.410902e-04 3.622393e-04 -9.897390e+01 -9.902141e+01 -4.283519e-02 -7.464220e-02
102 -3.878188e-02 4.764729e-01 3.994918e-04 -4.610459e-03 -9.728337e+01 -9.639707e+01 -3.639560e-02 2.967651e-01
103 -4.640445e-02 -3.431444e-01 1.116399e-03 7.511730e-03 -9.447371e+01 -9.493038e+01 -4.301450e-02 -1.948171e-01
104 -3.241002e-02 -1.229241e-01 8.409047e-04 2.220735e-03 -9.358942e+01 -9.362670e+01 -2.794522e-02 5.962767e-02
105 -4.350555e-02 -1.894560e-01 9.626013e-04 4.218859e-03 -9.413510e+01 -9.441074e+01 -3.893555e-02 -1.687803e-01
106 -4.994807e-02 -4.299510e-01 1.889255e-03 1.640490e-02 -9.246649e+01 -9.318203e+01 -4.382021e-02 -4.050136e-01
107 -5.585260e-02 -5.382354e-02 1.802015e-04 1.776626e-04 -9.942978e+01 -9.943069e+01 -5.512832e-02 -6.054576e-02
108 -4.291006e-02 -1.606216e-01 1.665084e-04 6.349571e-04 -9.920332e+01 -9.944824e+01 -4.218651e-02 -1.754919e-01
109 -5.667264e-02 -4.963299e-01 1.230426e-04 1.072055e-03 -9.937840e+01 -1.002408e+02 -5.600161e-02 -4.748606e-01
110 -4.222724e-02 -8.359826e-02 1.887166e-04 3.781099e-04 -9.902142e+01 -9.910714e+01 -4.140329e-02 -8.777998e-02
111 -7.037518e-02 -9.164601e-02 4.228025e-05 5.480941e-05 -9.979953e+01 -9.984027e+01 -6.998511e-02 -8.868172e-02
112 -8.472142e-02 1.926838e-01 5.102733e-06 -1.160249e-05 -1.000796e+02 -9.952536e+01 -8.467683e-02 1.923071e-01
113 -5.298519e-02 1.910501e-01 1.265475e-06 -4.562774e-06 -1.000940e+02 -9.960604e+01 -5.298052e-02 1.909855e-01
114 -3.457168e-02 3.004342e-01 5.834825e-07 -5.070300e-06 -1.000851e+02 -9.941513e+01 -3.456916e-02 3.003135e-01
115 -3.473124e-02 1.789341e-01 1.733441e-06 -8.929257e-06 -1.000775e+02 -9.965024e+01 -3.472411e-02 1.787307e-01
116 -4.693953e-02 6.781261e-01 5.912949e-06 -8.537876e-05 -1.000689e+02 -9.862059e+01 -4.691717e-02 6.756887e-01
117 -5.089396e-02 1.188749e-03 2.383647e-05 -8.569934e-08 -9.997106e+01 -9.987105e+01 -5.078596e-02 -4.802244e-03
118 -5.014352e-02 -4.005509e-04 6.332299e-05 1.377401e-06 -9.974699e+01 -9.965061e+01 -4.985494e-02 -4.470579e-03
