0 -7.230100e-02 1.258350e-01 2.284113e-02 5.191036e-01 -9.627816e+00 -1.023398e+01 1.408749e-02 -1.371324e-01
1 -3.860526e-02 -1.194218e-01 1.927351e-01 8.004165e+01 -2.599761e-01 -2.842414e-01 3.111495e-01 9.880028e+01
2 5.045360e-02 1.300181e-01 3.105923e-01 1.892910e+01 -3.634248e-01 -3.750904e-01 5.451750e-01 5.570247e+01
3 -2.111002e-01 -6.901734e-01 2.241629e-01 2.595336e+01 -1.560224e+00 -1.858019e+00 2.768388e-01 6.144987e+01
4 -6.472287e-02 5.412030e-02 2.221516e-01 3.116999e+00 -2.593516e+00 -2.655996e+00 3.613247e-01 1.214676e+01
5 -7.346277e-02 2.755839e-01 1.526532e-01 3.146293e+00 -6.764017e+00 -7.066962e+00 2.087831e-01 6.923695e+00
6 -6.951384e-02 1.457099e+00 7.085397e-02 2.667932e-01 -2.128900e+01 -2.146137e+01 6.888706e-02 -2.590760e-01
7 -5.954002e-02 7.630582e-01 2.334580e-02 7.694400e-03 -4.216503e+01 -4.214819e+01 -6.083597e-03 -2.556943e-01
8 -6.920208e-02 5.535919e-01 1.415781e-02 -2.580257e-02 -5.131847e+01 -5.109326e+01 -2.363082e-02 -2.938837e-02
9 -7.721456e-02 1.143958e+00 1.015842e-02 3.645495e-02 -6.433741e+01 -6.445527e+01 -4.676249e-02 -7.462311e-02
10 -6.813181e-02 4.420848e-02 6.719246e-03 -6.764228e-04 -7.330139e+01 -7.316369e+01 -5.102382e-02 -4.449745e-02
11 -4.721217e-02 1.182923e-01 9.800610e-03 1.626064e-02 -6.124183e+01 -6.132883e+01 -1.228863e-02 -6.700879e-02
12 -5.569884e-02 -6.181863e-01 4.094190e-02 1.048656e-01 -2.531559e+01 -2.539703e+01 3.029611e-02 -4.300645e-01
13 -4.952003e-02 -2.922202e-01 8.336889e-02 1.809782e+00 -8.288685e+00 -8.569431e+00 1.021390e-01 2.082866e+00
14 -4.193938e-02 1.261096e-01 1.118615e-01 4.567459e+00 -3.790464e+00 -3.914465e+00 1.693857e-01 1.224515e+01
15 -6.012292e-02 -2.215054e-01 6.289961e-02 8.056361e-02 -1.308135e+01 -1.304606e+01 5.540408e-02 -6.242910e-01
16 -4.256918e-02 -4.688801e-01 6.306531e-02 2.156513e+00 -9.697218e+00 -1.028193e+01 6.769421e-02 -2.756709e+00
17 -5.722258e-02 4.004884e-01 1.116006e-01 2.028265e+00 -7.260122e+00 -7.442658e+00 1.595024e-01 5.133378e+00
18 -5.835415e-02 1.114424e-01 6.201225e-02 1.351416e-01 -1.996277e+01 -2.006082e+01 6.180242e-02 -8.184524e-01
19 -5.042000e-02 2.602493e-01 2.816521e-02 5.830895e-02 -3.458058e+01 -3.461297e+01 3.183593e-03 -6.061142e-02
20 -9.762702e-02 6.729584e-01 2.209896e-02 5.740881e-02 -5.091295e+01 -5.119525e+01 -2.314628e-02 -4.181167e-01
21 -6.557718e-02 2.282549e+00 8.942661e-03 -3.099151e-02 -6.712088e+01 -6.697709e+01 -3.617260e-02 -2.504907e-01
22 -5.802104e-02 1.139021e-01 5.900416e-03 1.166071e-02 -8.223925e+01 -8.233739e+01 -4.377392e-02 3.530815e-02
23 -6.488561e-02 5.793605e-01 2.648027e-03 -1.558392e-02 -8.962684e+01 -8.902893e+01 -5.821194e-02 -1.447221e-02
24 -6.673716e-02 3.304324e+00 6.174298e-04 4.205307e-02 -6.694706e+01 -7.215423e+01 -4.773848e-02 5.892773e+00
25 -1.117310e-01 2.462712e+00 7.651276e-04 1.562712e-02 -7.668273e+01 -8.349714e+01 -1.341473e-01 -2.271608e+00
26 -4.861289e-02 5.887832e-02 4.849712e-05 -5.162814e-05 -9.983351e+01 -9.964714e+01 -4.852675e-02 1.735764e-02
27 -6.015166e-02 -4.623883e-01 2.687444e-04 2.284032e-03 -9.786222e+01 -9.883202e+01 -5.995256e-02 -6.577860e-01
28 -5.010051e-02 1.814878e-01 1.404811e-03 -3.678436e-03 -9.363628e+01 -9.336078e+01 -4.558579e-02 6.804826e-03
29 -4.150052e-02 -1.137189e-01 4.456301e-03 1.073701e-02 -8.158481e+01 -8.166953e+01 -3.046425e-02 -6.350283e-02
30 -4.571448e-02 4.198052e-01 5.670636e-03 -2.137074e-02 -8.021240e+01 -8.006754e+01 -2.886540e-02 -2.032727e-01
31 -5.539583e-02 6.303770e-01 7.728207e-03 -1.800013e-02 -7.599430e+01 -7.595027e+01 -3.444095e-02 -2.915580e-01
32 -4.163886e-02 -2.069015e-01 1.376040e-02 6.463301e-02 -5.788109e+01 -5.809326e+01 -6.385844e-03 -2.864377e-01
33 -4.995852e-02 -5.732134e-01 3.544839e-02 2.832176e-01 -3.398420e+01 -3.431779e+01 2.518131e-02 -3.831570e-01
34 -4.464079e-02 1.938385e-01 4.402145e-02 3.611255e-01 -1.658900e+01 -1.673836e+01 4.991999e-02 -1.462591e-01
35 -4.544737e-02 -1.263148e-01 7.873094e-02 1.620992e+00 -1.044820e+01 -1.070650e+01 1.038652e-01 2.338546e+00
36 -5.260316e-02 2.158911e-01 8.349264e-02 1.077728e+00 -9.041676e+00 -9.291290e+00 1.001170e-01 -8.557874e-02
37 -5.579867e-02 -5.111092e-01 6.852349e-02 1.127316e+00 -1.514721e+01 -1.566847e+01 7.469603e-02 -1.736762e+00
38 -4.086066e-02 1.490871e-01 8.656723e-02 2.731670e+00 -8.248276e+00 -8.566779e+00 1.197346e-01 5.116208e+00
39 -7.683597e-02 7.926624e-01 6.288416e-02 3.909489e-01 -1.982901e+01 -2.014507e+01 6.271085e-02 -1.608270e+00
40 -6.854655e-02 6.321918e-01 1.527892e-02 6.923740e-03 -5.857672e+01 -5.862756e+01 -1.483051e-02 -2.653556e-01
41 -8.049837e-02 9.747382e-02 3.674887e-03 -2.311562e-03 -8.857740e+01 -8.841476e+01 -5.870380e-02 -8.378293e-02
42 -5.634201e-02 -3.052709e-01 1.292977e-03 5.561595e-03 -9.312003e+01 -9.337407e+01 -5.173010e-02 -2.899583e-02
43 -3.918393e-02 9.814505e-02 3.342493e-04 -7.977472e-04 -9.792627e+01 -9.767418e+01 -3.837536e-02 7.051057e-02
44 -8.151914e-02 -4.302403e-01 2.331549e-04 1.216184e-03 -9.912974e+01 -9.980159e+01 -8.072045e-02 -3.966695e-01
45 -3.270307e-02 4.559735e-02 4.144066e-05 -5.662100e-05 -9.977653e+01 -9.962338e+01 -3.296274e-02 4.056873e-02
46 -5.970479e-02 -9.768866e-02 8.897837e-05 1.446500e-04 -9.973588e+01 -9.980906e+01 -5.933766e-02 -9.338956e-02
47 -4.516671e-02 -1.469284e-01 1.618827e-04 5.281390e-04 -9.925266e+01 -9.945646e+01 -4.478331e-02 -1.482381e-01
48 -6.200602e-02 1.379791e-01 8.791494e-04 -5.626338e-04 -9.564573e+01 -9.558410e+01 -6.061672e-02 -1.968792e-01
49 -5.919843e-02 5.209203e-01 5.052506e-03 -7.465577e-03 -8.105473e+01 -8.098335e+01 -4.323928e-02 -1.610952e-01
50 -4.945219e-02 -6.008275e-01 1.561366e-02 2.924470e-02 -5.433893e+01 -5.444271e+01 -5.879894e-03 -2.771199e-01
51 -4.137451e-02 -7.706257e-01 1.688556e-02 1.034722e-01 -4.274117e+01 -4.298083e+01 -5.068450e-03 -3.557853e-01
52 4.835785e-03 1.933545e-01 1.699767e-02 6.057663e-02 -4.986783e+01 -5.002958e+01 -8.686761e-03 -2.694853e-01
53 -8.027849e-02 -1.427137e-01 3.023010e-02 1.768763e-01 -3.981666e+01 -4.012761e+01 1.618363e-02 -5.558151e-01
54 -6.135294e-02 2.132421e-01 2.823252e-02 3.115867e-02 -4.069370e+01 -4.072556e+01 1.087867e-02 -8.819346e-02
55 -5.037971e-02 3.324111e-02 1.391207e-02 2.374574e-02 -5.603665e+01 -5.612046e+01 -1.919455e-02 -8.674828e-02
56 -5.136253e-02 3.299656e-01 2.811040e-03 -1.036091e-02 -8.637394e+01 -8.610920e+01 -4.342185e-02 -1.109025e-01
57 -6.593938e-02 3.206956e-01 4.842197e-04 -2.218149e-03 -9.811589e+01 -9.742771e+01 -6.439495e-02 2.121097e-01
58 -5.446325e-02 3.677053e-02 1.694958e-04 -1.072099e-04 -9.910463e+01 -9.893291e+01 -5.382638e-02 2.285426e-02
59 -4.342075e-02 3.871951e-02 7.663963e-05 -6.352938e-05 -9.952200e+01 -9.936931e+01 -4.315300e-02 2.247531e-02
60 -7.534842e-02 -1.753815e-02 5.358653e-05 1.396476e-05 -9.982895e+01 -9.972186e+01 -7.533269e-02 -2.991900e-02
61 -5.930851e-02 -3.292346e-02 1.861075e-05 1.026759e-05 -1.000097e+02 -9.995615e+01 -5.928463e-02 -3.169501e-02
62 -4.971598e-02 5.670227e-02 2.535295e-05 -2.863362e-05 -9.998769e+01 -9.977730e+01 -4.963615e-02 5.331233e-02
63 -5.227609e-02 -9.118640e-01 1.011467e-04 1.764439e-03 -9.948580e+01 -1.011944e+02 -5.188236e-02 -8.990134e-01
64 -4.751258e-02 -1.214742e-01 3.104904e-04 8.359160e-04 -9.883377e+01 -9.900474e+01 -4.667202e-02 -1.543399e-01
65 -4.397154e-02 1.729358e-01 9.402836e-04 -2.529704e-03 -9.609010e+01 -9.587030e+01 -4.125243e-02 -9.190032e-02
66 -3.953819e-02 -3.453744e-01 2.135141e-03 1.792215e-02 -9.037933e+01 -9.089044e+01 -3.278503e-02 -2.655583e-01
67 -4.115839e-02 -2.404743e-01 3.326780e-03 1.970082e-02 -8.794551e+01 -8.831572e+01 -3.379476e-02 -2.370678e-01
68 -3.576807e-02 1.840555e-01 5.941225e-03 -7.114078e-03 -7.334047e+01 -7.332017e+01 -1.469884e-02 -1.380676e-01
69 -5.017240e-02 -4.790925e-01 1.552215e-02 1.363130e-01 -5.682968e+01 -5.735181e+01 -9.921149e-03 -6.315578e-01
70 -4.285906e-02 5.166014e-02 1.468094e-02 3.829216e-02 -5.387195e+01 -5.398625e+01 -4.939176e-03 -1.639671e-01
71 -4.670684e-02 3.130009e-01 1.848512e-02 1.724248e-02 -4.829584e+01 -4.832118e+01 -4.538629e-03 -1.306217e-01
72 -3.902479e-02 5.847403e-03 1.363517e-02 7.169880e-02 -5.474539e+01 -5.495657e+01 -1.219159e-03 -2.863960e-01
73 -4.568656e-02 2.972274e-01 1.867148e-02 4.494266e-02 -4.509625e+01 -4.529206e+01 -2.288692e-03 -5.093158e-01
74 -1.224907e-01 -2.246149e+00 8.875192e-03 3.152566e-02 -7.149278e+01 -7.185848e+01 -7.376849e-02 -1.178324e-01
75 -5.400476e-02 2.732974e-01 3.224204e-04 -1.487760e-03 -9.865936e+01 -9.810352e+01 -5.342000e-02 1.438924e-01
76 -4.695942e-02 -1.449940e-02 2.225077e-04 7.531696e-05 -9.908566e+01 -9.902672e+01 -4.659684e-02 -2.252882e-02
77 -5.215692e-02 -2.145584e-01 7.349982e-05 3.024632e-04 -9.977040e+01 -1.000946e+02 -5.197146e-02 -2.142269e-01
78 -5.639275e-02 -3.834905e-01 1.875221e-05 1.277697e-04 -1.000146e+02 -1.006713e+02 -5.635574e-02 -3.876244e-01
79 -3.947377e-02 8.787239e-02 1.387176e-05 -3.084421e-05 -1.000129e+02 -9.975880e+01 -3.943645e-02 8.718071e-02
80 -4.048158e-02 -7.750129e-02 2.842679e-05 5.426310e-05 -9.994308e+01 -1.000161e+02 -4.037871e-02 -7.596106e-02
81 -3.944306e-02 -3.298665e-01 4.796979e-05 4.007065e-04 -9.982694e+01 -1.004049e+02 -3.931011e-02 -3.264576e-01
82 -4.093355e-02 4.717954e-01 7.212843e-05 -8.174089e-04 -9.974746e+01 -9.875645e+01 -4.076495e-02 4.234799e-01
83 -5.122555e-02 8.277376e-01 2.426873e-04 -3.759940e-03 -9.895785e+01 -9.734798e+01 -5.068307e-02 6.314333e-01
84 -2.753601e-02 2.857640e-02 4.532621e-04 -3.889361e-04 -9.658874e+01 -9.649762e+01 -2.675665e-02 3.714996e-03
85 -4.951387e-02 8.163867e-02 1.572991e-03 -2.678574e-03 -9.194430e+01 -9.169444e+01 -4.618961e-02 5.925806e-02
86 -4.189149e-02 1.033032e-01 1.259563e-03 -2.486104e-03 -9.142363e+01 -9.123345e+01 -3.685894e-02 -2.959726e-02
87 -4.853463e-02 2.280946e-01 2.063460e-03 -8.225181e-03 -8.777599e+01 -8.741199e+01 -4.001106e-02 -8.469003e-03
88 -3.674844e-02 -5.266528e-02 1.696905e-03 2.667887e-03 -8.829806e+01 -8.833408e+01 -2.830060e-02 -2.783036e-02
89 -6.299569e-02 1.957407e-01 1.615070e-03 -4.265863e-03 -9.407828e+01 -9.369801e+01 -5.710395e-02 2.997866e-02
90 -5.776618e-02 3.954429e-01 2.050640e-04 -1.367646e-03 -9.925995e+01 -9.840077e+01 -5.709072e-02 3.329352e-01
91 -4.590544e-02 -2.511169e-01 2.477748e-05 1.354760e-04 -9.996651e+01 -1.003760e+02 -4.583587e-02 -2.500245e-01
92 -5.504510e-02 1.358936e-01 1.940246e-05 -4.758440e-05 -9.999618e+01 -9.961820e+01 -5.499882e-02 1.304439e-01
93 -4.992921e-02 3.723755e-02 7.821406e-06 -5.830606e-06 -1.000564e+02 -9.988219e+01 -4.990110e-02 3.711442e-02
94 -5.079731e-02 -5.735445e-02 3.008113e-06 3.393506e-06 -1.000784e+02 -1.000913e+02 -5.078985e-02 -5.705131e-02
95 -5.179016e-02 -1.878650e-01 1.304015e-06 4.730465e-06 -1.000964e+02 -1.003686e+02 -5.178662e-02 -1.879109e-01
96 -4.642647e-02 -3.111447e-01 2.287109e-06 1.532934e-05 -1.000824e+02 -1.006119e+02 -4.641908e-02 -3.112662e-01
97 -4.562512e-02 8.815241e-02 4.553206e-06 -8.778614e-06 -1.000780e+02 -9.981124e+01 -4.561602e-02 8.701558e-02
98 -4.226973e-02 5.714887e-02 1.318734e-05 -1.772405e-05 -1.000321e+02 -9.983476e+01 -4.222926e-02 5.507688e-02
99 -3.683132e-02 4.863346e-02 4.046188e-05 -5.236265e-05 -9.986677e+01 -9.970005e+01 -3.672292e-02 4.270552e-02
100 -3.120091e-02 -2.783347e-01 8.802622e-05 7.863560e-04 -9.962030e+01 -1.001137e+02 -3.094858e-02 -2.784356e-01
101 -4.467166e-02 -5.097843e-01 2.476910e-04 2.794220e-03 -9.885432e+01 -9.975078e+01 -4.392543e-02 -4.672906e-01
102 -4.192639e-02 2.833855e-01 4.077987e-04 -2.574590e-03 -9.735293e+01 -9.679364e+01 -3.966661e-02 1.684649e-01
103 -4.623583e-02 -5.443967e-01 8.742002e-04 9.530949e-03 -9.576637e+01 -9.657986e+01 -4.424410e-02 -3.228239e-01
104 -3.259125e-02 -4.824285e-01 6.032290e-04 8.589707e-03 -9.538441e+01 -9.617249e+01 -3.018047e-02 -3.479356e-01
105 -4.627593e-02 -6.549810e-02 6.934869e-04 1.361292e-03 -9.635968e+01 -9.648885e+01 -4.322829e-02 -1.830376e-01
106 -4.477225e-02 -4.439881e-02 1.315541e-03 1.865041e-03 -9.446812e+01 -9.453552e+01 -4.128830e-02 -1.307513e-01
107 -5.638090e-02 1.558660e-02 1.601983e-04 -4.283769e-05 -9.951906e+01 -9.937813e+01 -5.572476e-02 1.236562e-02
108 -4.631522e-02 2.112432e-01 1.263406e-04 -5.630528e-04 -9.946599e+01 -9.897326e+01 -4.586725e-02 1.808143e-01
109 -5.664834e-02 1.191608e-01 8.037552e-05 -1.648136e-04 -9.965017e+01 -9.931187e+01 -5.630434e-02 1.013158e-01
110 -4.344472e-02 -1.436171e-01 1.399625e-04 4.622785e-04 -9.930093e+01 -9.949921e+01 -4.293935e-02 -1.411488e-01
111 -7.166897e-02 5.259758e-01 4.416261e-05 -3.222750e-04 -9.979348e+01 -9.861426e+01 -7.128059e-02 5.055278e-01
112 -8.964208e-02 6.299412e-01 4.333784e-06 -3.044975e-05 -1.000877e+02 -9.864982e+01 -8.960326e-02 6.290449e-01
113 -5.241741e-02 1.497668e-02 1.259135e-06 -3.588547e-07 -1.000943e+02 -9.995963e+01 -5.241336e-02 1.474902e-02
114 -3.682084e-02 -2.009594e-01 6.605122e-07 3.605032e-06 -1.000853e+02 -1.004136e+02 -3.681859e-02 -2.009828e-01
115 -3.695081e-02 -3.974253e-01 1.613758e-06 1.735627e-05 -1.000819e+02 -1.008028e+02 -3.694532e-02 -3.972905e-01
116 -5.153273e-02 -6.282929e-01 7.946759e-06 9.681992e-05 -1.000640e+02 -1.012153e+02 -5.150194e-02 -6.252816e-01
117 -5.177019e-02 2.855628e-01 2.740415e-05 -1.505744e-04 -9.995753e+01 -9.928824e+01 -5.166207e-02 2.783768e-01
118 -4.999256e-02 1.374665e-01 5.268598e-05 -1.411252e-04 -9.981600e+01 -9.945621e+01 -4.980990e-02 1.158800e-01
