0 -7.340342e-02 -1.244364e-01 2.293263e-02 1.733897e-01 -1.106440e+01 -1.149456e+01 1.172415e-02 -2.249469e+00
1 -4.061061e-02 -1.854957e-01 1.785746e-01 7.111652e+01 -4.346955e-01 -4.946621e-01 2.680234e-01 9.705645e+01
2 5.033958e-02 8.133487e-01 3.134635e-01 3.486756e+01 -3.702213e-01 -3.878487e-01 5.326705e-01 7.393373e+01
3 -1.973532e-01 -6.162367e-01 2.361886e-01 3.838554e+01 -1.380395e+00 -1.688976e+00 2.740207e-01 7.841700e+01
4 -6.427932e-02 -6.804503e-02 2.415975e-01 4.925598e+00 -1.954008e+00 -1.998207e+00 4.170847e-01 1.624664e+01
5 -7.178891e-02 3.481575e-01 1.688212e-01 7.494164e+00 -5.286852e+00 -5.716775e+00 2.320066e-01 1.916399e+01
6 -7.307925e-02 1.662754e+00 8.869828e-02 3.113160e-01 -1.685676e+01 -1.698815e+01 9.140430e-02 -2.432613e-01
7 -5.880377e-02 5.692641e-01 2.841648e-02 3.866152e-02 -3.775534e+01 -3.784124e+01 4.183419e-03 -4.160245e-01
8 -7.368331e-02 1.362922e+00 1.792362e-02 2.398184e-02 -4.751587e+01 -4.744364e+01 -2.051380e-02 6.338298e-03
9 -7.757601e-02 3.086753e+00 1.297967e-02 -5.648206e-02 -5.969982e+01 -5.939779e+01 -4.258610e-02 -4.606472e-01
10 -7.069338e-02 4.958444e-01 8.876795e-03 1.981405e-02 -6.834010e+01 -6.864330e+01 -5.057308e-02 -2.490651e-01
11 -4.908093e-02 -1.079636e-01 1.340045e-02 3.536495e-02 -5.514721e+01 -5.523860e+01 -6.018482e-03 -7.166364e-02
12 -5.594681e-02 8.677914e-02 4.930350e-02 2.162240e-01 -2.318330e+01 -2.335603e+01 4.358493e-02 -6.647279e-01
13 -4.974490e-02 -6.244656e-02 8.467931e-02 9.367643e-01 -8.269930e+00 -8.456884e+00 1.027438e-01 7.472237e-01
14 -4.295289e-02 -1.442330e-01 1.122518e-01 4.687031e+00 -4.037323e+00 -4.195905e+00 1.658141e-01 1.300304e+01
15 -5.958505e-02 -7.039636e-02 6.057861e-02 2.608564e-01 -1.440552e+01 -1.450557e+01 5.201382e-02 -4.586462e-01
16 -4.028978e-02 -6.412431e-01 6.233220e-02 2.246964e+00 -1.168542e+01 -1.238764e+01 7.001450e-02 -3.135832e+00
17 -5.978196e-02 1.167065e-01 1.027788e-01 1.443826e+00 -8.618579e+00 -8.782065e+00 1.424717e-01 2.889187e+00
18 -5.937354e-02 3.756500e-01 6.418134e-02 3.920958e-01 -2.048909e+01 -2.080999e+01 6.634445e-02 -9.387373e-01
19 -5.048166e-02 6.448083e-01 2.967011e-02 1.249465e-01 -3.430796e+01 -3.451779e+01 6.548779e-03 -4.138792e-01
20 -9.044877e-02 3.050765e-01 2.290496e-02 6.552241e-02 -5.157035e+01 -5.183551e+01 -2.086205e-02 -3.457044e-01
21 -6.434505e-02 2.136445e+00 9.516041e-03 1.988056e-03 -6.699022e+01 -6.722671e+01 -3.462199e-02 -3.682341e-01
22 -5.608474e-02 4.248495e-01 6.792587e-03 7.961067e-04 -8.001225e+01 -8.007539e+01 -4.041561e-02 -9.295130e-02
23 -6.369572e-02 4.554395e-01 3.473124e-03 -1.215586e-02 -8.737176e+01 -8.709801e+01 -5.525755e-02 -1.912216e-01
24 -7.121366e-02 4.410330e+00 7.959991e-04 5.937968e-02 -6.479933e+01 -6.715210e+01 -4.998507e-02 5.451444e+00
25 -1.171886e-01 3.882100e+00 1.078901e-03 2.660067e-02 -7.211847e+01 -7.885395e+01 -1.398087e-01 6.242421e-01
26 -4.972690e-02 6.880221e-01 6.747999e-05 -9.111656e-04 -9.971574e+01 -9.830916e+01 -4.966045e-02 5.910608e-01
27 -6.105505e-02 -2.515674e-01 3.844052e-04 2.093434e-03 -9.714581e+01 -9.780935e+01 -6.059797e-02 -5.852203e-01
28 -4.687088e-02 4.728384e-02 1.611221e-03 -1.056606e-03 -9.299909e+01 -9.287124e+01 -4.256910e-02 5.338240e-03
29 -4.172617e-02 -1.484022e-02 4.695025e-03 5.820097e-03 -8.217461e+01 -8.221624e+01 -3.211852e-02 -6.397078e-02
30 -4.643537e-02 -7.286583e-02 5.894945e-03 2.137174e-02 -8.003778e+01 -8.027682e+01 -3.035378e-02 -1.433067e-01
31 -5.634279e-02 4.552031e-01 8.600219e-03 -9.068536e-03 -7.437425e+01 -7.438928e+01 -3.467012e-02 -2.886646e-01
32 -4.029577e-02 -1.472585e-01 1.566865e-02 4.987770e-02 -5.442577e+01 -5.458488e+01 -2.000301e-03 -2.768396e-01
33 -5.093523e-02 -2.805836e-01 3.989671e-02 2.220432e-01 -3.166632e+01 -3.195523e+01 3.206109e-02 -6.134172e-01
34 -4.423959e-02 1.690160e-02 4.556637e-02 3.305760e-01 -1.670910e+01 -1.684499e+01 5.145643e-02 -1.517053e-02
35 -4.700670e-02 -3.322818e-01 7.478409e-02 1.208497e+00 -1.209309e+01 -1.238322e+01 9.707943e-02 1.244669e+00
36 -5.196269e-02 -3.456387e-01 8.290411e-02 1.866942e+00 -1.002236e+01 -1.039299e+01 9.951338e-02 3.047237e-01
37 -5.530919e-02 -5.622535e-01 6.373333e-02 1.025557e+00 -1.810066e+01 -1.866512e+01 6.786610e-02 -1.142164e+00
38 -4.232466e-02 -1.879439e-02 8.185256e-02 2.382376e+00 -1.003651e+01 -1.043506e+01 1.101589e-01 3.834673e+00
39 -7.262043e-02 2.415826e-01 6.349491e-02 6.921362e-01 -1.995848e+01 -2.042405e+01 6.432832e-02 -1.388228e+00
40 -6.955839e-02 3.447230e-01 1.810229e-02 1.681781e-02 -5.509456e+01 -5.513793e+01 -1.183305e-02 -1.085315e-01
41 -7.639890e-02 -7.559735e-02 3.621330e-03 6.036480e-03 -8.886254e+01 -8.901667e+01 -5.869344e-02 -2.242390e-01
42 -5.589802e-02 -8.516673e-01 1.365527e-03 1.813399e-02 -9.298591e+01 -9.410591e+01 -5.171543e-02 -3.147635e-01
43 -3.560454e-02 1.157442e-01 3.659995e-04 -1.182223e-03 -9.758427e+01 -9.728961e+01 -3.511094e-02 1.091246e-01
44 -8.904216e-02 -9.792074e-02 3.167804e-04 3.407925e-04 -9.888986e+01 -9.889885e+01 -8.754105e-02 -8.286650e-02
45 -2.817329e-02 -1.532082e-01 4.248401e-05 2.277973e-04 -9.967417e+01 -9.991733e+01 -2.887858e-02 -1.444065e-01
46 -6.569630e-02 -3.168294e-02 1.192457e-04 5.720778e-05 -9.964574e+01 -9.957744e+01 -6.507289e-02 -3.044145e-02
47 -4.732018e-02 -3.222602e-01 1.929978e-04 1.317673e-03 -9.916380e+01 -9.971282e+01 -4.692587e-02 -3.242288e-01
48 -6.348173e-02 1.738605e-01 1.178859e-03 -7.590219e-04 -9.365479e+01 -9.361213e+01 -6.257499e-02 -2.034282e-01
49 -5.852927e-02 -1.736592e-02 6.278174e-03 1.276872e-02 -7.827766e+01 -7.835148e+01 -3.922886e-02 -7.773676e-02
50 -4.871345e-02 -6.272799e-01 1.643135e-02 6.426565e-02 -5.440270e+01 -5.458815e+01 -5.875749e-03 -2.430691e-01
51 -4.297805e-02 -1.256905e-01 1.592584e-02 -3.526479e-02 -4.570871e+01 -4.569302e+01 -7.189575e-03 -2.080027e-01
52 4.142022e-03 3.479361e-01 1.484834e-02 4.888215e-02 -5.384338e+01 -5.407285e+01 -1.290973e-02 -3.253883e-01
53 -7.996494e-02 -2.418363e-01 2.899730e-02 1.013883e-01 -4.305111e+01 -4.326751e+01 1.228443e-02 -5.952035e-01
54 -6.085882e-02 3.731559e-01 2.620869e-02 1.119119e-02 -4.343098e+01 -4.337781e+01 7.000393e-03 1.279036e-01
55 -4.935324e-02 -1.205369e-01 1.401857e-02 5.277059e-02 -5.672745e+01 -5.689567e+01 -1.912178e-02 -1.299685e-01
56 -5.062545e-02 -1.217822e-01 3.286343e-03 8.064247e-03 -8.451916e+01 -8.463687e+01 -4.263930e-02 -5.970985e-02
57 -6.736636e-02 4.831275e-02 5.704882e-04 -4.051773e-04 -9.785688e+01 -9.763167e+01 -6.586502e-02 4.438983e-02
58 -5.478469e-02 2.552218e-01 1.714481e-04 -7.904075e-04 -9.914828e+01 -9.854375e+01 -5.423262e-02 2.372105e-01
59 -4.148265e-02 -4.946079e-01 7.941188e-05 9.445853e-04 -9.948722e+01 -1.003840e+02 -4.119252e-02 -4.840385e-01
60 -7.937926e-02 6.370510e-02 6.665356e-05 -5.165990e-05 -9.978145e+01 -9.950455e+01 -7.932389e-02 5.078288e-02
61 -5.952028e-02 1.090615e-01 2.391797e-05 -4.374966e-05 -9.998061e+01 -9.964445e+01 -5.950990e-02 1.079079e-01
62 -5.070817e-02 1.905113e-01 3.367937e-05 -1.263520e-04 -9.994978e+01 -9.946910e+01 -5.061301e-02 1.885258e-01
63 -5.402432e-02 -6.464850e-01 1.328822e-04 1.605848e-03 -9.928284e+01 -1.004827e+02 -5.356979e-02 -6.671633e-01
64 -4.764606e-02 7.569252e-02 3.873744e-04 -5.558691e-04 -9.847907e+01 -9.826414e+01 -4.666388e-02 3.432294e-02
65 -4.221378e-02 1.889132e-01 1.012079e-03 -3.475643e-03 -9.577114e+01 -9.548586e+01 -3.948150e-02 -2.593637e-02
66 -3.842214e-02 -1.589087e-01 2.119852e-03 9.337666e-03 -9.080882e+01 -9.106415e+01 -3.296762e-02 -1.878972e-01
67 -4.502190e-02 -1.563005e-01 3.839030e-03 1.604273e-02 -8.711387e+01 -8.741215e+01 -3.653778e-02 -2.614467e-01
68 -3.703383e-02 2.346901e-01 6.319703e-03 -1.292574e-02 -7.322037e+01 -7.317511e+01 -1.572867e-02 -1.622027e-01
69 -4.971698e-02 -4.170331e-01 1.449755e-02 1.044890e-01 -5.889585e+01 -5.930424e+01 -1.255840e-02 -4.560797e-01
70 -4.288006e-02 2.737945e-01 1.348380e-02 4.090228e-03 -5.740240e+01 -5.745989e+01 -8.938150e-03 -2.354979e-01
71 -4.688115e-02 -1.855840e-03 1.617974e-02 1.500243e-02 -5.276724e+01 -5.278255e+01 -9.144432e-03 -1.196606e-01
72 -3.908726e-02 -2.781416e-02 1.184260e-02 8.452012e-02 -5.956843e+01 -5.992846e+01 -6.041159e-03 -3.227375e-01
73 -4.479013e-02 -6.638997e-01 1.726821e-02 1.484689e-01 -4.769146e+01 -4.804127e+01 -5.810226e-03 -4.420369e-01
74 -1.174515e-01 -4.865397e-01 1.013986e-02 -4.240488e-02 -6.862795e+01 -6.846818e+01 -7.443464e-02 -3.819948e-01
75 -5.527525e-02 8.789913e-02 2.976411e-04 -3.642652e-04 -9.878708e+01 -9.858016e+01 -5.493501e-02 -1.740196e-02
76 -4.660016e-02 -2.804918e-01 2.127517e-04 1.279036e-03 -9.915199e+01 -9.961566e+01 -4.640075e-02 -2.774822e-01
77 -5.256738e-02 -2.116550e-01 8.254748e-05 3.314187e-04 -9.974308e+01 -1.000579e+02 -5.237782e-02 -2.072941e-01
78 -5.720296e-02 -1.829634e-01 2.179909e-05 7.053000e-05 -9.999913e+01 -1.002589e+02 -5.716684e-02 -1.953715e-01
79 -4.085424e-02 -1.150684e-01 1.596484e-05 4.498747e-05 -1.000095e+02 -1.001580e+02 -4.081446e-02 -1.152862e-01
80 -3.991196e-02 -2.317616e-01 2.834823e-05 1.647251e-04 -9.994342e+01 -1.003272e+02 -3.982365e-02 -2.321909e-01
81 -3.806427e-02 -2.418341e-01 4.271844e-05 2.716592e-04 -9.985354e+01 -1.002612e+02 -3.796936e-02 -2.425818e-01
82 -4.508231e-02 4.684956e-01 8.087739e-05 -8.230074e-04 -9.971213e+01 -9.872615e+01 -4.498163e-02 4.108802e-01
83 -5.184386e-02 4.655591e-01 2.816099e-04 -2.376645e-03 -9.875726e+01 -9.784033e+01 -5.133155e-02 3.101220e-01
84 -3.247414e-02 -3.568078e-01 5.586926e-04 5.980443e-03 -9.643611e+01 -9.703019e+01 -3.139599e-02 -2.876854e-01
85 -4.970024e-02 -2.324591e-01 1.422714e-03 6.394277e-03 -9.284300e+01 -9.316071e+01 -4.718153e-02 -1.937523e-01
86 -4.235023e-02 -6.067901e-02 1.091158e-03 1.650705e-03 -9.291842e+01 -9.296371e+01 -3.873840e-02 -6.651234e-02
87 -5.187619e-02 8.734724e-01 1.927093e-03 -2.669953e-02 -8.952714e+01 -8.835700e+01 -4.433476e-02 1.485245e-01
88 -3.527921e-02 -6.068695e-02 1.368309e-03 3.483312e-03 -9.015445e+01 -9.028898e+01 -2.936704e-02 -1.400500e-01
89 -6.310510e-02 -1.204200e-01 1.530415e-03 3.276854e-03 -9.449403e+01 -9.465494e+01 -5.772450e-02 -1.803144e-01
90 -5.710237e-02 2.313636e-01 2.218025e-04 -8.565228e-04 -9.915592e+01 -9.862653e+01 -5.640832e-02 1.668650e-01
91 -4.515838e-02 -4.767195e-02 2.281620e-05 2.419003e-05 -9.997794e+01 -9.998378e+01 -4.510280e-02 -4.884308e-02
92 -5.528496e-02 4.658376e-01 1.828768e-05 -1.537462e-04 -1.000093e+02 -9.897198e+01 -5.525387e-02 4.593017e-01
93 -4.948186e-02 -1.259324e-01 8.013850e-06 2.037944e-05 -1.000558e+02 -1.002082e+02 -4.945517e-02 -1.252731e-01
94 -5.139692e-02 -3.594716e-01 3.377471e-06 2.361779e-05 -1.000772e+02 -1.006930e+02 -5.138929e-02 -3.590220e-01
95 -4.978773e-02 1.781392e-01 1.321144e-06 -4.726553e-06 -1.000920e+02 -9.963620e+01 -4.978503e-02 1.780242e-01
96 -4.845474e-02 -1.098739e-01 2.374305e-06 5.385939e-06 -1.000868e+02 -1.002098e+02 -4.844761e-02 -1.101108e-01
97 -4.806272e-02 -4.110003e-03 5.455832e-06 5.033948e-07 -1.000771e+02 -9.999050e+01 -4.805411e-02 -6.052639e-03
98 -4.116509e-02 4.151977e-02 1.475720e-05 -1.479391e-05 -1.000202e+02 -9.985598e+01 -4.112589e-02 3.997267e-02
99 -3.822401e-02 2.656532e-01 4.710036e-05 -3.256528e-04 -9.984883e+01 -9.924780e+01 -3.811711e-02 2.567407e-01
100 -3.022000e-02 -2.003744e-01 8.726938e-05 5.798328e-04 -9.962215e+01 -9.996256e+01 -3.000543e-02 -2.014375e-01
101 -4.515886e-02 -7.879380e-01 2.464365e-04 4.227228e-03 -9.881450e+01 -1.002314e+02 -4.450399e-02 -6.994041e-01
102 -4.348761e-02 1.307997e-01 3.987283e-04 -1.158716e-03 -9.752148e+01 -9.720016e+01 -4.145876e-02 9.807804e-02
103 -4.601936e-02 -4.529830e-01 7.525279e-04 6.752190e-03 -9.640232e+01 -9.704499e+01 -4.474302e-02 -2.350166e-01
104 -3.264679e-02 -2.916769e-01 4.997567e-04 4.376075e-03 -9.618388e+01 -9.666016e+01 -3.098534e-02 -2.392516e-01
105 -4.695625e-02 1.537973e-01 5.795336e-04 -1.568233e-03 -9.718427e+01 -9.689469e+01 -4.460884e-02 1.078270e-02
106 -4.254786e-02 2.076138e-01 1.078349e-03 -5.035961e-03 -9.531872e+01 -9.487325e+01 -4.000489e-02 1.464473e-01
107 -5.591451e-02 -2.723264e-01 1.461078e-04 7.123367e-04 -9.956397e+01 -9.999525e+01 -5.534334e-02 -2.711984e-01
108 -4.766991e-02 -1.739089e-01 1.067608e-04 3.926398e-04 -9.957907e+01 -9.983590e+01 -4.734043e-02 -1.809912e-01
109 -5.687245e-02 -1.072920e-01 6.467828e-05 1.265093e-04 -9.975443e+01 -9.987053e+01 -5.665236e-02 -1.296144e-01
110 -4.418828e-02 -1.253914e-01 1.177216e-04 3.304830e-04 -9.942565e+01 -9.958174e+01 -4.380243e-02 -1.163377e-01
111 -7.184460e-02 2.740752e-01 4.250476e-05 -1.603799e-04 -9.980582e+01 -9.912818e+01 -7.148096e-02 2.550725e-01
112 -9.102983e-02 3.969244e-01 3.788387e-06 -1.651520e-05 -1.000901e+02 -9.911509e+01 -9.099659e-02 3.962618e-01
113 -5.228555e-02 -2.881206e-01 1.192994e-06 6.574086e-06 -1.000949e+02 -1.005666e+02 -5.228180e-02 -2.881166e-01
114 -3.818883e-02 -1.300125e-01 6.695012e-07 2.279297e-06 -1.000865e+02 -1.002702e+02 -3.818681e-02 -1.300062e-01
115 -4.027871e-02 1.714612e-02 1.592520e-06 -6.761098e-07 -1.000883e+02 -9.997368e+01 -4.027378e-02 1.686988e-02
116 -5.364813e-02 -5.562812e-01 8.924466e-06 9.238132e-05 -1.000603e+02 -1.010613e+02 -5.361386e-02 -5.502741e-01
117 -5.200005e-02 2.162366e-02 2.775331e-05 -1.104976e-05 -9.995800e+01 -9.981462e+01 -5.190460e-02 1.610877e-02
118 -5.001181e-02 1.250393e-01 4.636473e-05 -1.135320e-04 -9.985449e+01 -9.951541e+01 -4.986751e-02 1.093666e-01
