0 -7.364912e-02 -2.936141e-02 2.358500e-02 1.605628e-01 -1.181845e+01 -1.219458e+01 1.199946e-02 -2.341608e+00
1 -4.128939e-02 -1.033105e-01 1.679151e-01 6.417612e+01 -5.208321e-01 -6.007975e-01 2.440535e-01 9.495615e+01
2 4.929303e-02 8.487105e-01 3.042680e-01 3.835492e+01 -3.728268e-01 -3.924678e-01 5.063469e-01 7.772515e+01
3 -1.915831e-01 -2.485401e-01 2.425947e-01 3.789908e+01 -1.320056e+00 -1.598919e+00 2.811279e-01 7.928562e+01
4 -6.339298e-02 -2.781064e-01 2.512550e-01 4.144784e+00 -1.751262e+00 -1.779479e+00 4.434408e-01 1.318211e+01
5 -7.242415e-02 7.322867e-01 1.734871e-01 8.064019e+00 -4.834273e+00 -5.242123e+00 2.370279e-01 2.136004e+01
6 -7.459979e-02 1.652565e+00 9.612316e-02 1.211231e-01 -1.530653e+01 -1.534935e+01 1.005876e-01 -2.474781e-01
7 -5.877318e-02 -6.632775e-02 3.048716e-02 1.129987e-01 -3.608728e+01 -3.626330e+01 7.935410e-03 -3.737422e-01
8 -7.558681e-02 3.090811e+00 1.957090e-02 1.648479e-02 -4.619017e+01 -4.621099e+01 -1.951448e-02 -1.133465e-01
9 -7.882133e-02 3.333257e+00 1.429345e-02 -1.120805e-02 -5.811781e+01 -5.809927e+01 -4.099396e-02 -2.759833e-01
10 -7.123559e-02 4.700087e-01 9.718644e-03 2.923271e-02 -6.642768e+01 -6.666889e+01 -5.006221e-02 -3.586152e-02
11 -5.023565e-02 -5.849641e-02 1.514155e-02 5.065781e-02 -5.275199e+01 -5.292987e+01 -3.763569e-03 -1.895955e-01
12 -5.564426e-02 1.307581e-01 5.277591e-02 2.485421e-01 -2.236541e+01 -2.256808e+01 4.916399e-02 -7.893996e-01
13 -4.924916e-02 -1.542306e-01 8.457921e-02 1.407045e+00 -8.343633e+00 -8.575323e+00 1.020293e-01 1.692946e+00
14 -4.348038e-02 4.901655e-02 1.128399e-01 4.307027e+00 -4.147206e+00 -4.312518e+00 1.634747e-01 1.211608e+01
15 -5.914131e-02 8.731057e-03 5.940159e-02 2.673864e-01 -1.499303e+01 -1.513218e+01 5.091105e-02 -8.768758e-01
16 -3.934572e-02 -5.491386e-01 6.168001e-02 1.905807e+00 -1.259800e+01 -1.327355e+01 7.079836e-02 -3.274346e+00
17 -6.030929e-02 2.737996e-01 1.001514e-01 1.552054e+00 -9.234236e+00 -9.423157e+00 1.362493e-01 2.818567e+00
18 -5.897706e-02 2.353281e-01 6.505722e-02 7.237825e-01 -2.078595e+01 -2.125676e+01 6.764293e-02 -7.050876e-01
19 -5.144128e-02 2.950469e-01 3.009333e-02 2.236071e-01 -3.425709e+01 -3.460731e+01 7.663631e-03 -4.113683e-01
20 -8.806775e-02 1.699074e-01 2.319336e-02 9.541633e-02 -5.182199e+01 -5.219270e+01 -2.036415e-02 -3.566793e-01
21 -6.436648e-02 2.263253e+00 9.707627e-03 -1.285353e-02 -6.707241e+01 -6.721253e+01 -3.425287e-02 -3.829250e-01
22 -5.548808e-02 -1.232219e-01 7.150596e-03 2.711824e-02 -7.924084e+01 -7.951080e+01 -3.967626e-02 -1.505582e-01
23 -6.333405e-02 6.193507e-01 3.817489e-03 -2.146423e-02 -8.651544e+01 -8.604157e+01 -5.423300e-02 -1.535412e-01
24 -6.830545e-02 4.835085e+00 8.633253e-04 6.371471e-02 -6.449823e+01 -6.603238e+01 -5.062754e-02 4.537532e+00
25 -1.186654e-01 4.478784e+00 1.202516e-03 3.160982e-02 -7.079060e+01 -7.733723e+01 -1.425151e-01 1.402187e+00
26 -4.994125e-02 9.410184e-01 7.546269e-05 -1.388464e-03 -9.966041e+01 -9.777043e+01 -4.992053e-02 8.125483e-01
27 -6.060073e-02 1.189325e-01 4.312249e-04 -1.180584e-04 -9.684019e+01 -9.685172e+01 -6.010837e-02 -3.143701e-01
28 -4.628176e-02 -6.950587e-02 1.707057e-03 2.583772e-03 -9.274350e+01 -9.278299e+01 -4.194487e-02 -4.172420e-02
29 -4.167581e-02 -1.378400e-01 4.765080e-03 1.518076e-02 -8.232399e+01 -8.246224e+01 -3.248962e-02 -4.339146e-02
30 -4.663332e-02 3.615924e-01 5.990261e-03 -2.253730e-02 -7.983349e+01 -7.958213e+01 -3.074038e-02 -7.796074e-02
31 -5.758696e-02 4.016725e-01 9.032463e-03 -6.393574e-03 -7.384134e+01 -7.381908e+01 -3.527088e-02 -1.793361e-01
32 -3.943453e-02 -2.612874e-01 1.645425e-02 7.216811e-02 -5.292931e+01 -5.313899e+01 8.816767e-05 -2.927693e-01
33 -5.082036e-02 -4.576689e-01 4.122971e-02 2.883503e-01 -3.090577e+01 -3.124887e+01 3.412106e-02 -6.057694e-01
34 -4.366699e-02 2.064742e-02 4.536897e-02 2.539379e-01 -1.685139e+01 -1.695670e+01 5.093308e-02 1.211703e-02
35 -4.708365e-02 -2.017562e-01 7.358213e-02 1.194653e+00 -1.285723e+01 -1.315708e+01 9.488012e-02 1.059079e+00
36 -5.247982e-02 -2.264288e-01 8.274554e-02 2.045924e+00 -1.047542e+01 -1.090191e+01 9.948824e-02 3.879743e-01
37 -5.441837e-02 -5.934933e-01 6.201626e-02 1.103491e+00 -1.947267e+01 -2.008575e+01 6.560277e-02 -7.750793e-01
38 -4.307481e-02 -1.342504e-03 8.004533e-02 1.626232e+00 -1.086852e+01 -1.118496e+01 1.067151e-01 1.998894e+00
39 -7.181204e-02 2.619061e-01 6.425925e-02 6.673359e-01 -2.012552e+01 -2.057533e+01 6.570201e-02 -1.351918e+00
40 -6.963239e-02 4.885901e-01 1.919792e-02 -3.830508e-02 -5.380953e+01 -5.360374e+01 -1.078981e-02 -1.622240e-02
41 -7.441648e-02 -1.633505e-01 3.582286e-03 9.503392e-03 -8.893209e+01 -8.919353e+01 -5.855748e-02 -2.509309e-01
42 -5.626497e-02 -7.097194e-01 1.394011e-03 1.508271e-02 -9.298503e+01 -9.386104e+01 -5.201731e-02 -1.968403e-01
43 -3.414330e-02 7.685322e-02 3.736571e-04 -8.384743e-04 -9.744973e+01 -9.723218e+01 -3.380431e-02 7.481172e-02
44 -9.195017e-02 -2.120193e-01 3.540589e-04 8.221572e-04 -9.878209e+01 -9.902450e+01 -9.009023e-02 -2.146930e-01
45 -2.705087e-02 -1.515506e-01 4.362578e-05 2.384978e-04 -9.962524e+01 -9.986195e+01 -2.798300e-02 -1.350622e-01
46 -6.778889e-02 -3.933628e-03 1.317726e-04 9.415499e-06 -9.960728e+01 -9.948397e+01 -6.704494e-02 -9.224334e-03
47 -4.803513e-02 -1.000238e-01 2.041505e-04 4.399685e-04 -9.913425e+01 -9.925121e+01 -4.766169e-02 -1.194626e-01
48 -6.479425e-02 -1.343203e-01 1.335930e-03 5.437263e-03 -9.267999e+01 -9.320379e+01 -6.390514e-02 -4.401592e-01
49 -5.857038e-02 -9.177628e-02 6.797889e-03 2.166535e-02 -7.722818e+01 -7.742655e+01 -3.741902e-02 -1.524215e-01
50 -4.830739e-02 -6.148858e-01 1.659120e-02 7.851843e-02 -5.457798e+01 -5.480747e+01 -6.051681e-03 -2.788690e-01
51 -4.294105e-02 -2.868839e-01 1.536307e-02 -4.529992e-02 -4.707271e+01 -4.693752e+01 -8.065537e-03 -6.490862e-02
52 4.044604e-03 3.354460e-01 1.386490e-02 3.500323e-02 -5.548445e+01 -5.569849e+01 -1.472846e-02 -3.664115e-01
53 -7.907978e-02 -5.735832e-01 2.839848e-02 1.338147e-01 -4.442411e+01 -4.467802e+01 1.067512e-02 -4.453429e-01
54 -5.987294e-02 3.059731e-01 2.517299e-02 -1.555171e-02 -4.465529e+01 -4.459515e+01 4.957879e-03 -1.247721e-01
55 -4.826716e-02 -9.352352e-02 1.388234e-02 5.612541e-02 -5.719853e+01 -5.742384e+01 -1.953247e-02 -2.496093e-01
56 -5.064188e-02 -3.203381e-01 3.477976e-03 1.833457e-02 -8.387801e+01 -8.418052e+01 -4.262988e-02 -6.475277e-02
57 -6.912283e-02 2.454368e-01 6.222766e-04 -2.027475e-03 -9.767701e+01 -9.713714e+01 -6.771010e-02 1.295370e-01
58 -5.475912e-02 2.273809e-01 1.703089e-04 -6.998908e-04 -9.917239e+01 -9.862176e+01 -5.423170e-02 2.116925e-01
59 -4.049182e-02 -3.412420e-01 7.923140e-05 6.660430e-04 -9.947971e+01 -1.000748e+02 -4.025437e-02 -3.340612e-01
60 -8.011444e-02 1.285555e-01 7.091138e-05 -1.116882e-04 -9.976278e+01 -9.935580e+01 -8.004809e-02 1.144289e-01
61 -5.960646e-02 -9.850130e-02 2.606827e-05 4.297407e-05 -9.996810e+01 -1.000449e+02 -5.960523e-02 -9.707164e-02
62 -5.111620e-02 7.677523e-02 3.725279e-05 -5.575337e-05 -9.993291e+01 -9.967860e+01 -5.101488e-02 7.499715e-02
63 -5.503292e-02 -6.912627e-01 1.471892e-04 1.872162e-03 -9.919726e+01 -1.004913e+02 -5.446351e-02 -7.211884e-01
64 -4.720313e-02 -5.824252e-02 4.147237e-04 5.465896e-04 -9.832593e+01 -9.836284e+01 -4.622384e-02 -7.827554e-02
65 -4.116561e-02 -1.241683e-02 1.023969e-03 1.095597e-03 -9.566563e+01 -9.572386e+01 -3.851864e-02 -1.571288e-01
66 -3.847049e-02 -8.053918e-02 2.135918e-03 6.452521e-03 -9.094343e+01 -9.113893e+01 -3.319006e-02 -2.162996e-01
67 -4.688728e-02 -8.837707e-02 4.081338e-03 1.242709e-02 -8.670467e+01 -8.693795e+01 -3.771671e-02 -2.504076e-01
68 -3.678247e-02 2.848497e-02 6.331969e-03 7.144724e-03 -7.331236e+01 -7.335407e+01 -1.613008e-02 -7.753075e-02
69 -4.989208e-02 -4.311696e-01 1.414086e-02 1.091577e-01 -5.989018e+01 -6.034133e+01 -1.359767e-02 -5.379881e-01
70 -4.308317e-02 4.485939e-01 1.311799e-02 -1.176590e-02 -5.891223e+01 -5.895963e+01 -1.089993e-02 -2.865334e-01
71 -4.723295e-02 -4.353857e-02 1.544386e-02 2.202579e-02 -5.468843e+01 -5.475089e+01 -1.110210e-02 -2.055500e-01
72 -3.888132e-02 -6.002262e-02 1.111980e-02 7.945717e-02 -6.156653e+01 -6.194138e+01 -7.815608e-03 -3.287874e-01
73 -4.426777e-02 -8.284650e-01 1.651789e-02 1.291070e-01 -4.890070e+01 -4.921432e+01 -7.561119e-03 -3.410611e-01
74 -1.119114e-01 3.617154e-01 1.061966e-02 -8.530121e-02 -6.762384e+01 -6.690890e+01 -7.493337e-02 -2.770042e-01
75 -5.585362e-02 1.479587e-01 2.869470e-04 -6.604518e-04 -9.884531e+01 -9.851465e+01 -5.557802e-02 4.686505e-02
76 -4.711290e-02 -1.779047e-01 2.101455e-04 8.003551e-04 -9.918463e+01 -9.945078e+01 -4.693461e-02 -1.863037e-01
77 -5.235976e-02 -1.356479e-01 8.493321e-05 2.194735e-04 -9.973382e+01 -9.989851e+01 -5.218043e-02 -1.330792e-01
78 -5.756170e-02 1.036757e-01 2.294123e-05 -4.021150e-05 -9.999265e+01 -9.968150e+01 -5.753426e-02 8.713273e-02
79 -4.087242e-02 -1.357340e-02 1.647677e-05 5.549359e-06 -1.000073e+02 -9.995346e+01 -4.083532e-02 -1.471166e-02
80 -3.971631e-02 -2.569309e-01 2.814236e-05 1.820410e-04 -9.994423e+01 -1.003780e+02 -3.963349e-02 -2.562600e-01
81 -3.792913e-02 -1.789211e-01 4.101235e-05 1.933098e-04 -9.986475e+01 -1.001457e+02 -3.784521e-02 -1.776716e-01
82 -4.657928e-02 6.322226e-01 8.464139e-05 -1.124405e-03 -9.968256e+01 -9.838116e+01 -4.654608e-02 5.536526e-01
83 -5.150295e-02 5.780552e-01 2.940561e-04 -3.144727e-03 -9.867907e+01 -9.753685e+01 -5.107721e-02 4.264339e-01
84 -3.487721e-02 -2.016017e-01 6.042989e-04 3.636284e-03 -9.640529e+01 -9.675642e+01 -3.354614e-02 -2.213547e-01
85 -5.023367e-02 -2.571094e-01 1.367348e-03 6.700417e-03 -9.323075e+01 -9.358803e+01 -4.791144e-02 -2.053906e-01
86 -4.261693e-02 -3.439456e-03 1.029051e-03 3.922324e-04 -9.346996e+01 -9.343996e+01 -3.947822e-02 -5.610483e-02
87 -5.336726e-02 1.137458e+00 1.870552e-03 -3.087249e-02 -9.018008e+01 -8.882811e+01 -4.633060e-02 7.528901e-02
88 -3.540514e-02 -1.142143e-01 1.269725e-03 4.972649e-03 -9.088775e+01 -9.110424e+01 -2.979791e-02 -1.681133e-01
89 -6.237760e-02 5.856047e-02 1.467970e-03 -8.812533e-04 -9.469272e+01 -9.453977e+01 -5.760819e-02 -5.029477e-02
90 -5.617584e-02 3.650013e-01 2.245095e-04 -1.416408e-03 -9.912002e+01 -9.832647e+01 -5.553518e-02 3.004997e-01
91 -4.520564e-02 6.666195e-02 2.216425e-05 -3.260668e-05 -9.998267e+01 -9.975978e+01 -4.515316e-02 6.563769e-02
92 -5.549106e-02 2.793880e-01 1.775380e-05 -8.912862e-05 -1.000147e+02 -9.934862e+01 -5.546734e-02 2.744435e-01
93 -4.874790e-02 2.670742e-02 7.903990e-06 -4.322221e-06 -1.000548e+02 -9.990417e+01 -4.872522e-02 2.639548e-02
94 -5.228152e-02 -3.783598e-01 3.534293e-06 2.557469e-05 -1.000782e+02 -1.007301e+02 -5.227362e-02 -3.780459e-01
95 -5.015912e-02 -1.626559e-01 1.347747e-06 4.370267e-06 -1.000925e+02 -1.003175e+02 -5.015647e-02 -1.626020e-01
96 -4.854672e-02 2.301273e-01 2.365113e-06 -1.120596e-05 -1.000870e+02 -9.953018e+01 -4.854016e-02 2.294268e-01
97 -4.934875e-02 -1.355418e-01 5.852707e-06 1.611092e-05 -1.000771e+02 -1.002507e+02 -4.934015e-02 -1.373252e-01
98 -4.139309e-02 1.346805e-01 1.554006e-05 -5.050614e-05 -1.000168e+02 -9.966554e+01 -4.134949e-02 1.336393e-01
99 -3.892026e-02 2.787860e-01 4.971752e-05 -3.542351e-04 -9.984282e+01 -9.921462e+01 -3.881622e-02 2.692252e-01
100 -3.149837e-02 -1.228864e-01 9.121024e-05 3.581304e-04 -9.962578e+01 -9.981088e+01 -3.128482e-02 -1.267629e-01
101 -4.547688e-02 -7.915743e-01 2.449631e-04 4.202178e-03 -9.880941e+01 -1.002400e+02 -4.482858e-02 -7.126892e-01
102 -4.336892e-02 1.026658e-01 3.855527e-04 -8.860303e-04 -9.761187e+01 -9.733942e+01 -4.161057e-02 7.893962e-02
103 -4.632675e-02 -3.565269e-01 7.089429e-04 5.069398e-03 -9.665620e+01 -9.716682e+01 -4.513605e-02 -2.186413e-01
104 -3.293724e-02 -1.850213e-01 4.640360e-04 2.627698e-03 -9.649346e+01 -9.679225e+01 -3.153955e-02 -1.782373e-01
105 -4.713744e-02 1.048414e-01 5.363779e-04 -9.386163e-04 -9.747393e+01 -9.726211e+01 -4.501619e-02 -1.430419e-02
106 -4.137154e-02 1.539335e-01 9.818922e-04 -3.477668e-03 -9.564203e+01 -9.529492e+01 -3.922151e-02 1.025105e-01
107 -5.595098e-02 -2.097298e-01 1.404751e-04 5.266148e-04 -9.958325e+01 -9.988909e+01 -5.541523e-02 -2.078374e-01
108 -4.792331e-02 -1.112866e-01 9.846107e-05 2.302574e-04 -9.962161e+01 -9.975090e+01 -4.764598e-02 -1.152474e-01
109 -5.633017e-02 -3.314381e-02 5.831093e-05 3.891907e-05 -9.979040e+01 -9.976175e+01 -5.611813e-02 -5.880061e-02
110 -4.470394e-02 -7.048081e-02 1.094741e-04 1.714906e-04 -9.947481e+01 -9.952427e+01 -4.436061e-02 -6.718263e-02
111 -7.244727e-02 3.507851e-01 4.168146e-05 -1.998364e-04 -9.981507e+01 -9.898508e+01 -7.208686e-02 3.287066e-01
112 -9.153886e-02 3.013709e-01 3.552245e-06 -1.169220e-05 -1.000910e+02 -9.930594e+01 -9.150853e-02 3.008451e-01
113 -5.269348e-02 -1.700204e-01 1.164407e-06 3.757114e-06 -1.000962e+02 -1.003308e+02 -5.268986e-02 -1.700210e-01
114 -3.820225e-02 -2.332022e-01 6.562139e-07 4.005739e-06 -1.000860e+02 -1.004760e+02 -3.820047e-02 -2.331671e-01
115 -4.122121e-02 3.541552e-02 1.552802e-06 -1.332593e-06 -1.000901e+02 -9.993702e+01 -4.121658e-02 3.517087e-02
116 -5.422631e-02 -6.528869e-01 9.220882e-06 1.108599e-04 -1.000585e+02 -1.012516e+02 -5.419661e-02 -6.469032e-01
117 -5.156582e-02 1.369086e-01 2.730502e-05 -7.198980e-05 -9.995869e+01 -9.958604e+01 -5.147580e-02 1.309789e-01
118 -5.006046e-02 1.970285e-01 4.368154e-05 -1.699370e-04 -9.987053e+01 -9.938639e+01 -4.993568e-02 1.830030e-01
