0 -7.095982e-02 -2.853861e-01 2.286999e-02 1.052951e+00 -8.369615e+00 -9.010068e+00 1.469248e-02 6.039570e-02
1 -3.526482e-02 5.894717e-02 2.372270e-01 8.941018e+01 -1.167930e-01 -1.222082e-01 4.216540e-01 9.969965e+01
2 4.715973e-02 -1.224171e-01 3.259157e-01 2.159936e+00 -3.111874e-01 -3.156423e-01 5.965050e-01 3.132374e+01
3 -2.279953e-01 -4.918483e-01 2.204026e-01 1.441575e+01 -1.723378e+00 -1.939247e+00 3.080227e-01 3.870040e+01
4 -6.429910e-02 1.732665e-01 1.963721e-01 2.965898e+00 -3.591862e+00 -3.693864e+00 3.062826e-01 9.418213e+00
5 -7.336127e-02 3.413111e-01 1.334209e-01 1.877915e+00 -9.293068e+00 -9.559949e+00 1.785028e-01 2.654103e+00
6 -6.394642e-02 7.814915e-01 5.178104e-02 1.702855e-01 -2.684030e+01 -2.702006e+01 4.202004e-02 -5.927751e-01
7 -6.087032e-02 2.363519e-01 1.862735e-02 -2.150991e-02 -4.662203e+01 -4.640301e+01 -1.493256e-02 1.328640e-01
8 -6.981576e-02 1.756374e+00 1.082929e-02 -3.578966e-02 -5.685733e+01 -5.667610e+01 -3.094432e-02 -1.309988e-01
9 -7.494754e-02 6.792346e-01 6.905807e-03 -6.450574e-03 -7.143115e+01 -7.127434e+01 -5.274792e-02 -1.822557e-01
10 -6.326960e-02 8.326002e-01 4.480499e-03 -3.223764e-02 -7.893349e+01 -7.838676e+01 -5.032499e-02 -2.186831e-01
11 -4.539808e-02 -4.470056e-01 6.617379e-03 2.958680e-02 -6.792980e+01 -6.798078e+01 -1.865772e-02 1.148412e-01
12 -5.582759e-02 -1.619616e-01 3.234536e-02 1.033548e-01 -2.798283e+01 -2.810181e+01 1.671350e-02 -2.988435e-01
13 -4.949198e-02 3.620773e-01 8.076165e-02 2.979316e+00 -8.665753e+00 -9.105432e+00 9.972599e-02 3.726085e+00
14 -4.419407e-02 3.081576e-02 1.200800e-01 6.683862e+00 -3.491796e+00 -3.658361e+00 1.831707e-01 1.905378e+01
15 -6.115784e-02 -2.348333e-01 6.632099e-02 8.113434e-01 -1.168175e+01 -1.193733e+01 6.010378e-02 -1.068516e+00
16 -4.466303e-02 -5.361882e-01 6.456500e-02 3.771494e+00 -7.718381e+00 -8.355968e+00 6.866270e-02 1.861126e+00
17 -5.532289e-02 -3.845772e-02 1.218455e-01 2.146789e+00 -5.890805e+00 -6.021549e+00 1.763024e-01 5.766962e+00
18 -5.782549e-02 2.838646e-01 5.793205e-02 1.074215e-01 -1.955834e+01 -1.963087e+01 5.462396e-02 -7.469932e-01
19 -5.058275e-02 1.463849e+00 2.641863e-02 -1.833601e-02 -3.496306e+01 -3.493688e+01 -1.778802e-03 -2.163231e-01
20 -1.062367e-01 7.069442e-01 2.084771e-02 1.074767e-01 -5.007795e+01 -5.035499e+01 -2.615137e-02 -1.027987e-01
21 -6.605993e-02 8.109525e-01 7.896390e-03 2.931194e-02 -6.781718e+01 -6.805996e+01 -3.903787e-02 -1.764444e-01
22 -6.052242e-02 1.609238e-01 4.702711e-03 1.426461e-02 -8.517588e+01 -8.555622e+01 -4.860041e-02 -2.537992e-01
23 -6.649888e-02 1.473871e-01 1.780644e-03 -1.360224e-03 -9.232167e+01 -9.221706e+01 -6.154840e-02 -1.330393e-01
24 -6.329951e-02 2.018903e+00 3.873926e-04 1.758772e-02 -7.415233e+01 -8.113104e+01 -5.168032e-02 2.443499e-01
25 -1.064641e-01 9.921905e-01 4.538588e-04 6.971667e-03 -8.402744e+01 -8.973105e+01 -1.259307e-01 -4.995975e+00
26 -4.892244e-02 1.572763e-01 3.166281e-05 -9.962321e-05 -9.993791e+01 -9.953939e+01 -4.883578e-02 1.372875e-01
27 -5.984410e-02 -8.658546e-02 1.671506e-04 3.994794e-04 -9.859784e+01 -9.886251e+01 -5.988035e-02 -3.619298e-01
28 -5.303631e-02 5.862154e-01 1.117643e-03 -1.065834e-02 -9.438233e+01 -9.343924e+01 -4.871782e-02 2.502793e-01
29 -4.099223e-02 -1.814860e-01 4.186549e-03 5.092599e-03 -8.061658e+01 -8.055893e+01 -2.827088e-02 -8.349777e-03
30 -4.348144e-02 -7.980214e-02 5.387150e-03 1.403044e-03 -7.948830e+01 -7.937382e+01 -2.569109e-02 1.034436e-01
31 -5.343060e-02 -1.377184e-01 6.614961e-03 3.227885e-02 -7.831199e+01 -7.870056e+01 -3.405658e-02 -2.786143e-01
32 -4.135502e-02 -1.738404e-01 1.174496e-02 7.084264e-02 -6.108250e+01 -6.131631e+01 -9.993451e-03 -7.076220e-02
33 -4.799560e-02 1.095855e-01 2.965653e-02 1.621421e-01 -3.748902e+01 -3.771194e+01 1.712405e-02 -2.608091e-01
34 -4.558655e-02 5.089243e-02 4.139098e-02 1.114005e+00 -1.685581e+01 -1.736205e+01 4.685101e-02 -3.651585e-02
35 -4.462757e-02 -6.738022e-02 8.323222e-02 8.533405e-01 -8.883814e+00 -8.991175e+00 1.114791e-01 7.758437e-01
36 -5.142592e-02 2.322984e-01 8.484632e-02 9.449991e-01 -8.002315e+00 -8.165346e+00 1.047752e-01 6.933055e-01
37 -5.545230e-02 -3.293967e-01 7.360913e-02 1.683570e+00 -1.226430e+01 -1.288396e+01 8.203694e-02 -1.534853e+00
38 -4.138327e-02 -2.658061e-01 9.330725e-02 4.429731e+00 -6.516566e+00 -6.865450e+00 1.320954e-01 9.859356e+00
39 -8.163055e-02 1.181770e-01 6.089172e-02 6.315884e-01 -2.012269e+01 -2.051984e+01 5.866273e-02 -1.198197e+00
40 -6.473730e-02 -1.422160e-01 1.187434e-02 2.735818e-02 -6.293010e+01 -6.298420e+01 -1.809620e-02 -5.142481e-02
41 -8.488554e-02 3.264981e-01 3.718566e-03 -1.016850e-02 -8.823029e+01 -8.782311e+01 -5.898943e-02 -7.562893e-02
42 -5.697790e-02 -6.561631e-01 1.163986e-03 1.228680e-02 -9.349461e+01 -9.442538e+01 -5.224216e-02 -3.378535e-01
43 -4.420975e-02 -7.410717e-02 2.866708e-04 4.921987e-04 -9.832487e+01 -9.839083e+01 -4.330187e-02 -8.342700e-02
44 -7.105435e-02 -7.758041e-01 1.528439e-04 1.644817e-03 -9.935996e+01 -1.007182e+02 -7.078489e-02 -7.077380e-01
45 -3.701188e-02 -6.220307e-02 3.869681e-05 6.535789e-05 -9.985014e+01 -9.990168e+01 -3.699571e-02 -6.399627e-02
46 -5.266640e-02 8.440406e-02 5.991287e-05 -9.475828e-05 -9.982848e+01 -9.955946e+01 -5.247269e-02 7.752238e-02
47 -4.440010e-02 3.967849e-02 1.307588e-04 -1.115895e-04 -9.938169e+01 -9.922169e+01 -4.399774e-02 2.885274e-02
48 -5.872639e-02 2.567733e-01 6.053640e-04 -1.806628e-03 -9.718995e+01 -9.686971e+01 -5.705043e-02 -1.234081e-01
49 -6.030522e-02 8.413048e-01 3.776069e-03 -1.727735e-02 -8.449761e+01 -8.424792e+01 -4.760330e-02 -1.883089e-01
50 -4.999817e-02 -2.784897e-01 1.424334e-02 6.926825e-03 -5.484236e+01 -5.495707e+01 -6.879248e-03 -3.552779e-01
51 -3.866189e-02 -8.542075e-01 1.793331e-02 1.117873e-01 -3.984211e+01 -4.004884e+01 -2.612805e-03 -2.423684e-01
52 4.141424e-03 3.832694e-02 1.938513e-02 1.103364e-01 -4.533574e+01 -4.557201e+01 -4.194681e-03 -2.806041e-01
53 -8.041472e-02 5.713464e-02 3.174173e-02 1.244550e-01 -3.616480e+01 -3.637389e+01 2.033311e-02 -6.328550e-01
54 -6.407767e-02 1.300388e-01 3.068957e-02 -1.954206e-02 -3.787373e+01 -3.777433e+01 1.474897e-02 5.192104e-02
55 -5.102064e-02 1.956296e-01 1.337600e-02 -1.009045e-02 -5.601255e+01 -5.601155e+01 -2.010860e-02 -3.224145e-01
56 -5.161537e-02 1.470620e-01 2.215920e-03 -1.938383e-03 -8.889544e+01 -8.886272e+01 -4.420488e-02 -2.506407e-01
57 -6.500965e-02 6.774427e-02 4.156018e-04 -4.017770e-04 -9.817926e+01 -9.793720e+01 -6.339837e-02 3.987681e-02
58 -5.407999e-02 3.768806e-01 1.615892e-04 -1.108831e-03 -9.908678e+01 -9.825576e+01 -5.337249e-02 3.381934e-01
59 -4.512157e-02 -1.734408e-02 6.901582e-05 2.897182e-05 -9.958879e+01 -9.953982e+01 -4.486049e-02 -2.670119e-02
60 -7.121010e-02 4.331544e-01 3.912413e-05 -2.355953e-04 -9.989097e+01 -9.890082e+01 -7.120664e-02 4.073253e-01
61 -5.936528e-02 -2.848935e-01 1.306314e-05 6.261660e-05 -1.000393e+02 -1.004888e+02 -5.933824e-02 -2.827684e-01
62 -4.739758e-02 2.221809e-01 1.679840e-05 -7.861111e-05 -1.000207e+02 -9.948341e+01 -4.734133e-02 2.196736e-01
63 -4.913755e-02 -1.161483e+00 6.793518e-05 1.602983e-03 -9.969000e+01 -1.018970e+02 -4.883653e-02 -1.139795e+00
64 -4.685987e-02 6.662917e-02 2.274288e-04 -2.891998e-04 -9.918441e+01 -9.898698e+01 -4.617875e-02 2.614959e-02
65 -4.588732e-02 4.941175e-01 8.277494e-04 -7.733185e-03 -9.653807e+01 -9.573261e+01 -4.338191e-02 1.628071e-01
66 -4.059767e-02 -5.094857e-01 2.145547e-03 2.635325e-02 -8.975013e+01 -9.055617e+01 -3.272339e-02 -4.212027e-01
67 -4.155824e-02 6.209301e-02 3.191035e-03 -6.549987e-04 -8.832150e+01 -8.830430e+01 -3.369962e-02 -1.371967e-01
68 -3.623443e-02 2.443178e-01 5.735714e-03 -2.329667e-02 -7.389790e+01 -7.371092e+01 -1.475060e-02 -2.729268e-02
69 -5.046061e-02 -2.739636e-01 1.633595e-02 9.747190e-02 -5.506490e+01 -5.540245e+01 -7.439093e-03 -4.966609e-01
70 -4.377610e-02 -2.063129e-01 1.621124e-02 -5.220732e-02 -4.998950e+01 -4.977326e+01 -7.711002e-04 6.438064e-03
71 -4.770509e-02 3.518833e-02 2.159901e-02 1.320200e-01 -4.348831e+01 -4.378028e+01 9.188164e-04 -3.281015e-01
72 -3.968872e-02 4.208384e-02 1.601854e-02 9.375282e-02 -4.921810e+01 -4.949139e+01 3.992491e-03 -4.992807e-01
73 -4.781151e-02 -1.207857e-03 2.056203e-02 1.413517e-01 -4.263308e+01 -4.302823e+01 2.313730e-03 -7.154382e-01
74 -1.336329e-01 -3.482807e+00 7.308228e-03 1.184122e-01 -7.567931e+01 -7.692270e+01 -7.224778e-02 6.038721e-01
75 -5.120500e-02 1.476088e-01 3.393403e-04 -8.472802e-04 -9.853538e+01 -9.821803e+01 -5.038443e-02 4.209623e-02
76 -4.650225e-02 -3.705974e-02 2.230987e-04 1.727553e-04 -9.902647e+01 -9.900362e+01 -4.603408e-02 -3.062141e-02
77 -5.271747e-02 8.004527e-02 6.242815e-05 -9.344690e-05 -9.981277e+01 -9.955245e+01 -5.253365e-02 7.305369e-02
78 -5.532749e-02 -4.866201e-01 1.506954e-05 1.326909e-04 -1.000298e+02 -1.008940e+02 -5.528880e-02 -4.895465e-01
79 -4.019130e-02 6.342010e-02 1.187247e-05 -1.867267e-05 -1.000221e+02 -9.981581e+01 -4.015526e-02 6.211510e-02
80 -4.095036e-02 -2.275905e-01 2.774377e-05 1.537626e-04 -9.994440e+01 -1.003146e+02 -4.083704e-02 -2.231834e-01
81 -4.068417e-02 -2.957733e-01 5.362670e-05 3.896602e-04 -9.979361e+01 -1.003017e+02 -4.050287e-02 -2.935375e-01
82 -3.569153e-02 -7.161490e-02 6.386587e-05 1.300872e-04 -9.973088e+01 -9.980677e+01 -3.548804e-02 -7.760912e-02
83 -4.969206e-02 -4.466144e-02 1.996889e-04 2.302509e-04 -9.917175e+01 -9.921046e+01 -4.918158e-02 -1.120923e-01
84 -2.476200e-02 -2.851479e-01 3.720595e-04 4.277138e-03 -9.688123e+01 -9.738830e+01 -2.430533e-02 -2.737381e-01
85 -4.931731e-02 -6.813183e-02 1.719837e-03 2.091824e-03 -9.101284e+01 -9.102497e+01 -4.531483e-02 -5.377176e-02
86 -4.243347e-02 5.554997e-01 1.527434e-03 -1.817126e-02 -8.945436e+01 -8.855988e+01 -3.563599e-02 2.182756e-01
87 -5.018903e-02 -4.873953e-01 2.468852e-03 2.254440e-02 -8.544298e+01 -8.609475e+01 -3.906767e-02 -2.650128e-01
88 -3.708223e-02 -1.425273e-01 2.087111e-03 5.930836e-03 -8.604235e+01 -8.611078e+01 -2.646081e-02 2.003114e-03
89 -6.333975e-02 9.583217e-02 1.674577e-03 -2.274905e-03 -9.374214e+01 -9.347960e+01 -5.686146e-02 3.705669e-02
90 -5.871052e-02 1.711658e-02 1.831040e-04 -4.122199e-05 -9.939871e+01 -9.926342e+01 -5.805530e-02 -5.185177e-03
91 -4.767883e-02 -2.067163e-01 2.761776e-05 1.199461e-04 -9.995203e+01 -1.002711e+02 -4.759086e-02 -2.084572e-01
92 -5.449525e-02 2.440552e-01 2.010573e-05 -8.972005e-05 -9.998011e+01 -9.938712e+01 -5.443041e-02 2.385502e-01
93 -5.081545e-02 -2.956706e-01 7.261965e-06 4.224243e-05 -1.000596e+02 -1.005488e+02 -5.078499e-02 -2.950140e-01
94 -4.966494e-02 -2.121259e-01 2.453667e-06 1.047782e-05 -1.000796e+02 -1.004043e+02 -4.965809e-02 -2.118379e-01
95 -5.234757e-02 5.644678e-02 1.201625e-06 -1.294378e-06 -1.000980e+02 -9.988061e+01 -5.234424e-02 5.609218e-02
96 -4.442280e-02 1.922286e-02 2.196305e-06 -9.473389e-07 -1.000776e+02 -9.995060e+01 -4.441484e-02 1.884869e-02
97 -4.159644e-02 -2.313202e-01 3.493920e-06 1.943170e-05 -1.000754e+02 -1.004549e+02 -4.158781e-02 -2.314011e-01
98 -4.263098e-02 -4.091159e-02 1.094601e-05 1.058878e-05 -1.000432e+02 -1.000411e+02 -4.259611e-02 -4.284130e-02
99 -3.676096e-02 1.577568e-01 3.384596e-05 -1.449404e-04 -9.989388e+01 -9.950690e+01 -3.665595e-02 1.552988e-01
100 -3.189199e-02 -2.140108e-01 8.558952e-05 5.767045e-04 -9.961290e+01 -9.997869e+01 -3.160148e-02 -2.172501e-01
101 -4.387775e-02 8.486056e-02 2.434239e-04 -4.550995e-04 -9.892554e+01 -9.868212e+01 -4.311621e-02 6.705603e-02
102 -3.992387e-02 2.197896e-02 4.050890e-04 1.627941e-04 -9.726777e+01 -9.729011e+01 -3.762975e-02 -1.745905e-01
103 -4.657127e-02 -5.030305e-01 1.020170e-03 1.009418e-02 -9.501256e+01 -9.573472e+01 -4.383472e-02 -2.822552e-01
104 -3.259421e-02 -4.004045e-01 7.378045e-04 8.253326e-03 -9.437537e+01 -9.493380e+01 -2.901244e-02 -1.783101e-01
105 -4.480034e-02 -6.091101e-02 8.400305e-04 1.426476e-03 -9.516900e+01 -9.525294e+01 -4.082978e-02 -1.234014e-01
106 -4.756506e-02 -1.162948e-01 1.628286e-03 4.298687e-03 -9.336010e+01 -9.352133e+01 -4.274684e-02 -1.494214e-01
107 -5.625850e-02 2.138072e-01 1.729423e-04 -6.481529e-04 -9.946693e+01 -9.894252e+01 -5.555371e-02 1.936189e-01
108 -4.407046e-02 -1.029662e-01 1.483089e-04 3.545830e-04 -9.931907e+01 -9.944534e+01 -4.346636e-02 -1.156024e-01
109 -5.721686e-02 -4.816936e-01 1.040331e-04 8.748731e-04 -9.950468e+01 -1.003461e+02 -5.666730e-02 -4.733837e-01
110 -4.300748e-02 1.200637e-01 1.687432e-04 -4.597615e-04 -9.914510e+01 -9.883365e+01 -4.228886e-02 1.012501e-01
111 -7.083493e-02 1.209043e-01 4.372565e-05 -7.401816e-05 -9.979172e+01 -9.941356e+01 -7.045075e-02 1.143367e-01
112 -8.625669e-02 4.048921e-02 4.796195e-06 -2.248429e-06 -1.000818e+02 -9.982867e+01 -8.621421e-02 4.015420e-02
113 -5.313753e-02 1.834625e-01 1.294518e-06 -4.468542e-06 -1.000948e+02 -9.962182e+01 -5.313281e-02 1.832210e-01
114 -3.547832e-02 5.275362e-01 6.247476e-07 -9.289111e-06 -1.000849e+02 -9.895894e+01 -3.547577e-02 5.273448e-01
115 -3.418692e-02 2.780422e-02 1.628579e-06 -1.324054e-06 -1.000764e+02 -9.995249e+01 -3.418125e-02 2.774014e-02
116 -4.871023e-02 -2.098652e-01 6.698243e-06 2.886754e-05 -1.000673e+02 -1.003898e+02 -4.868405e-02 -2.101231e-01
117 -5.132925e-02 1.495221e-01 2.571762e-05 -7.423054e-05 -9.996322e+01 -9.956755e+01 -5.121558e-02 1.410483e-01
118 -5.018205e-02 -1.049913e-01 5.942663e-05 1.260248e-04 -9.977424e+01 -9.988918e+01 -4.993537e-02 -1.128969e-01
