0 -7.246788e-02 5.778228e-02 2.270493e-02 4.729308e-01 -9.748408e+00 -1.034922e+01 1.352713e-02 -3.205931e-01
1 -3.876249e-02 -9.974552e-02 1.983708e-01 7.928380e+01 -2.747782e-01 -3.016111e-01 3.234032e-01 9.869446e+01
2 5.023712e-02 2.602884e-01 3.124029e-01 2.098158e+01 -3.649968e-01 -3.773798e-01 5.517283e-01 5.822109e+01
3 -2.080607e-01 -6.449260e-01 2.256489e-01 2.690071e+01 -1.542375e+00 -1.843314e+00 2.749253e-01 6.305918e+01
4 -6.518185e-02 9.790009e-02 2.225947e-01 3.819016e+00 -2.522399e+00 -2.586304e+00 3.659327e-01 1.327487e+01
5 -7.320345e-02 2.429377e-01 1.550239e-01 3.485048e+00 -6.595086e+00 -6.913459e+00 2.120411e-01 7.875607e+00
6 -6.895284e-02 1.478211e+00 7.282976e-02 2.871974e-01 -2.082870e+01 -2.100147e+01 7.122679e-02 -1.989151e-01
7 -5.956229e-02 7.689793e-01 2.387545e-02 -1.482263e-02 -4.173976e+01 -4.168993e+01 -5.202496e-03 -3.188145e-01
8 -7.016135e-02 9.025626e-01 1.460200e-02 -2.333929e-02 -5.091365e+01 -5.073218e+01 -2.332530e-02 -9.463641e-02
9 -7.674393e-02 1.431739e+00 1.039752e-02 2.194116e-02 -6.382748e+01 -6.381369e+01 -4.640108e-02 -7.417446e-02
10 -6.765924e-02 -6.523840e-03 6.867322e-03 8.261698e-03 -7.281202e+01 -7.283581e+01 -5.079608e-02 -1.147021e-01
11 -4.721014e-02 9.868329e-02 1.007839e-02 1.288464e-02 -6.064850e+01 -6.070608e+01 -1.178863e-02 -7.234753e-02
12 -5.557170e-02 -5.368179e-01 4.168751e-02 5.074589e-02 -2.510201e+01 -2.513279e+01 3.154055e-02 -4.603796e-01
13 -5.004874e-02 -2.702846e-01 8.362952e-02 1.726931e+00 -8.274531e+00 -8.551631e+00 1.022896e-01 2.016492e+00
14 -4.179712e-02 1.010165e-01 1.115230e-01 4.943250e+00 -3.814432e+00 -3.943766e+00 1.685114e-01 1.264740e+01
15 -6.080678e-02 -2.380254e-01 6.276521e-02 4.593107e-02 -1.320395e+01 -1.314622e+01 5.526732e-02 -4.870579e-01
16 -4.287407e-02 -4.699733e-01 6.278531e-02 2.232987e+00 -9.877393e+00 -1.047671e+01 6.746597e-02 -2.738992e+00
17 -5.767491e-02 4.341517e-01 1.105471e-01 1.970140e+00 -7.384321e+00 -7.569715e+00 1.581525e-01 5.000363e+00
18 -5.957918e-02 1.545330e-01 6.184749e-02 1.067294e-01 -2.000414e+01 -2.009562e+01 6.168136e-02 -9.399272e-01
19 -4.986797e-02 2.706515e-01 2.813545e-02 4.666090e-02 -3.454824e+01 -3.458929e+01 3.059418e-03 -1.287449e-01
20 -9.635238e-02 6.017283e-01 2.220390e-02 5.396286e-02 -5.098019e+01 -5.124611e+01 -2.314644e-02 -4.510220e-01
21 -6.561210e-02 2.375640e+00 8.978921e-03 -2.999949e-02 -6.708848e+01 -6.701933e+01 -3.623631e-02 -3.004282e-01
22 -5.758881e-02 5.088142e-02 5.967004e-03 1.710490e-02 -8.200668e+01 -8.217647e+01 -4.337210e-02 3.441220e-02
23 -6.477620e-02 5.902094e-01 2.724618e-03 -1.636013e-02 -8.940159e+01 -8.879338e+01 -5.775687e-02 -1.896442e-03
24 -7.024523e-02 3.394879e+00 6.464486e-04 4.440830e-02 -6.660912e+01 -7.159878e+01 -4.822830e-02 5.982295e+00
25 -1.123635e-01 2.595030e+00 7.979516e-04 1.656636e-02 -7.615566e+01 -8.299437e+01 -1.345407e-01 -1.951996e+00
26 -4.893769e-02 9.591104e-02 5.043714e-05 -9.086753e-05 -9.982368e+01 -9.956520e+01 -4.884099e-02 5.073456e-02
27 -6.036496e-02 -4.208199e-01 2.795813e-04 2.180171e-03 -9.779559e+01 -9.868585e+01 -6.015448e-02 -6.188353e-01
28 -4.961072e-02 7.838980e-02 1.420926e-03 -8.709771e-04 -9.357386e+01 -9.348488e+01 -4.509420e-02 -7.473388e-02
29 -4.149559e-02 -1.622405e-03 4.481884e-03 1.526760e-03 -8.165451e+01 -8.162127e+01 -3.067573e-02 -4.840948e-02
30 -4.576732e-02 4.654135e-01 5.690889e-03 -2.713603e-02 -8.022277e+01 -8.000269e+01 -2.906599e-02 -1.873389e-01
31 -5.551334e-02 6.498638e-01 7.813368e-03 -2.192378e-02 -7.581830e+01 -7.573486e+01 -3.447840e-02 -3.006403e-01
32 -4.154338e-02 -2.736307e-01 1.391555e-02 9.093546e-02 -5.756771e+01 -5.786389e+01 -6.089979e-03 -3.153884e-01
33 -5.026149e-02 -5.878954e-01 3.591430e-02 2.980461e-01 -3.373020e+01 -3.408837e+01 2.576317e-02 -4.547132e-01
34 -4.490404e-02 1.884760e-01 4.372122e-02 4.021038e-01 -1.658656e+01 -1.673048e+01 4.949460e-02 -4.848758e-02
35 -4.613066e-02 -1.131707e-01 7.835161e-02 1.694018e+00 -1.059554e+01 -1.086705e+01 1.029745e-01 2.434745e+00
36 -5.215316e-02 1.171889e-01 8.376862e-02 1.292985e+00 -9.131421e+00 -9.404737e+00 1.006362e-01 5.860698e-02
37 -5.529512e-02 -5.909243e-01 6.808682e-02 1.133031e+00 -1.541188e+01 -1.591506e+01 7.389639e-02 -1.674048e+00
38 -4.144970e-02 2.088535e-01 8.588624e-02 2.831588e+00 -8.408531e+00 -8.743346e+00 1.183417e-01 5.239254e+00
39 -7.672779e-02 7.543240e-01 6.301400e-02 4.129467e-01 -1.982529e+01 -2.015184e+01 6.265497e-02 -1.639451e+00
40 -6.858829e-02 4.610130e-01 1.552581e-02 1.644875e-02 -5.822219e+01 -5.828155e+01 -1.456770e-02 -2.238623e-01
41 -7.981017e-02 1.441185e-01 3.657285e-03 -3.805666e-03 -8.860844e+01 -8.841245e+01 -5.855664e-02 -1.070831e-01
42 -5.670550e-02 -3.227515e-01 1.310361e-03 5.896465e-03 -9.309976e+01 -9.337038e+01 -5.194497e-02 -2.856766e-02
43 -3.900322e-02 1.504040e-01 3.395062e-04 -1.265493e-03 -9.789303e+01 -9.754015e+01 -3.823164e-02 1.191760e-01
44 -8.222771e-02 -3.189316e-01 2.405639e-04 9.245360e-04 -9.910798e+01 -9.956585e+01 -8.142108e-02 -2.984418e-01
45 -3.204186e-02 1.652893e-01 4.130273e-05 -2.110245e-04 -9.976760e+01 -9.937856e+01 -3.234488e-02 1.575009e-01
46 -6.031054e-02 -9.496230e-02 9.177324e-05 1.431634e-04 -9.972748e+01 -9.979301e+01 -5.993092e-02 -8.919431e-02
47 -4.554082e-02 -5.714033e-02 1.655531e-04 2.123661e-04 -9.924342e+01 -9.927150e+01 -4.513382e-02 -6.412600e-02
48 -6.196731e-02 1.460701e-01 9.016105e-04 -6.635472e-04 -9.547850e+01 -9.540655e+01 -6.040114e-02 -1.884256e-01
49 -5.948325e-02 3.428050e-01 5.179531e-03 2.590024e-03 -8.077490e+01 -8.085203e+01 -4.265383e-02 -1.759898e-01
50 -4.943573e-02 -5.514347e-01 1.570241e-02 1.986200e-02 -5.432391e+01 -5.437518e+01 -5.822491e-03 -2.167847e-01
51 -4.122183e-02 -6.471794e-01 1.686671e-02 7.329526e-02 -4.300855e+01 -4.320829e+01 -5.244392e-03 -3.481655e-01
52 4.737482e-03 2.160238e-01 1.677182e-02 6.057067e-02 -5.025084e+01 -5.043229e+01 -9.309361e-03 -3.093316e-01
53 -8.063725e-02 -7.343799e-02 3.014015e-02 1.681219e-01 -4.012545e+01 -4.043205e+01 1.605236e-02 -5.936135e-01
54 -6.184727e-02 1.668120e-01 2.804797e-02 6.272686e-02 -4.094532e+01 -4.103627e+01 1.023339e-02 -6.255509e-02
55 -5.001880e-02 -4.525073e-03 1.388681e-02 3.920448e-02 -5.607554e+01 -5.623444e+01 -1.907750e-02 -1.097917e-01
56 -5.142062e-02 2.506614e-01 2.867371e-03 -6.474376e-03 -8.617857e+01 -8.603517e+01 -4.341776e-02 -1.600613e-01
57 -6.572046e-02 3.810079e-01 4.889454e-04 -2.704242e-03 -9.810029e+01 -9.729009e+01 -6.416106e-02 2.762058e-01
58 -5.492131e-02 2.806354e-02 1.712175e-04 -8.116174e-05 -9.910862e+01 -9.895211e+01 -5.427444e-02 1.597176e-02
59 -4.353240e-02 -3.558757e-02 7.757209e-05 6.757700e-05 -9.951821e+01 -9.951164e+01 -4.323921e-02 -4.903038e-02
60 -7.562454e-02 -7.554313e-02 5.478269e-05 5.637596e-05 -9.982381e+01 -9.983271e+01 -7.560268e-02 -8.899050e-02
61 -5.899149e-02 -8.518201e-03 1.900777e-05 2.709256e-06 -1.000063e+02 -9.990502e+01 -5.896828e-02 -7.854832e-03
62 -4.972296e-02 1.217664e-01 2.607228e-05 -6.355870e-05 -9.998411e+01 -9.964372e+01 -4.964102e-02 1.182708e-01
63 -5.254764e-02 -8.545094e-01 1.042848e-04 1.696963e-03 -9.946708e+01 -1.010628e+02 -5.214540e-02 -8.445445e-01
64 -4.767652e-02 -5.729747e-02 3.188051e-04 4.374156e-04 -9.880134e+01 -9.885168e+01 -4.684333e-02 -1.007659e-01
65 -4.366913e-02 1.256730e-01 9.458457e-04 -1.562176e-03 -9.605566e+01 -9.592327e+01 -4.099880e-02 -1.311865e-01
66 -3.937071e-02 -3.413700e-01 2.131259e-03 1.746725e-02 -9.042645e+01 -9.091370e+01 -3.280908e-02 -2.388652e-01
67 -4.213481e-02 -2.065456e-01 3.419628e-03 1.742977e-02 -8.788216e+01 -8.820669e+01 -3.440966e-02 -2.328717e-01
68 -3.596020e-02 1.173000e-01 5.997331e-03 2.536635e-03 -7.331045e+01 -7.335967e+01 -1.484537e-02 -1.411401e-01
69 -5.013739e-02 -4.649932e-01 1.532848e-02 1.412858e-01 -5.700743e+01 -5.755768e+01 -1.017480e-02 -6.399308e-01
70 -4.300338e-02 1.094852e-01 1.456003e-02 2.493723e-02 -5.420630e+01 -5.429749e+01 -5.210606e-03 -1.832000e-01
71 -4.605075e-02 3.760704e-01 1.814350e-02 1.389347e-02 -4.871597e+01 -4.874688e+01 -5.017430e-03 -1.262132e-01
72 -3.929069e-02 1.720789e-03 1.349735e-02 8.202283e-02 -5.521029e+01 -5.547214e+01 -1.692057e-03 -3.104838e-01
73 -4.584421e-02 2.272642e-01 1.857924e-02 6.293846e-02 -4.532740e+01 -4.554620e+01 -2.467848e-03 -4.835093e-01
74 -1.202283e-01 -2.070263e+00 8.936164e-03 2.143661e-02 -7.118640e+01 -7.143236e+01 -7.384916e-02 -1.590116e-01
75 -5.411121e-02 2.668734e-01 3.200052e-04 -1.434555e-03 -9.867073e+01 -9.812814e+01 -5.352699e-02 1.364390e-01
76 -4.705718e-02 -7.667781e-02 2.224322e-04 3.654198e-04 -9.909170e+01 -9.915301e+01 -4.672397e-02 -7.992249e-02
77 -5.204791e-02 -2.721057e-01 7.425101e-05 3.876904e-04 -9.976709e+01 -1.002046e+02 -5.186451e-02 -2.690826e-01
78 -5.663526e-02 -3.036002e-01 1.911341e-05 1.027585e-04 -1.000135e+02 -1.005106e+02 -5.659721e-02 -3.086101e-01
79 -3.940854e-02 6.220844e-02 1.401772e-05 -2.208727e-05 -1.000122e+02 -9.980951e+01 -3.937071e-02 6.146752e-02
80 -4.098740e-02 -1.362258e-01 2.884019e-05 9.560885e-05 -9.994415e+01 -1.001330e+02 -4.088109e-02 -1.338111e-01
81 -3.957089e-02 -3.395700e-01 4.777646e-05 4.093160e-04 -9.983011e+01 -1.004265e+02 -3.943735e-02 -3.351249e-01
82 -4.121303e-02 3.129536e-01 7.267047e-05 -5.381420e-04 -9.974595e+01 -9.907045e+01 -4.105559e-02 2.663292e-01
83 -5.116726e-02 8.326874e-01 2.458537e-04 -3.831626e-03 -9.893809e+01 -9.732234e+01 -5.068662e-02 6.312582e-01
84 -2.813552e-02 -5.757649e-02 4.658033e-04 8.830692e-04 -9.656987e+01 -9.661101e+01 -2.731679e-02 -3.234039e-02
85 -4.965347e-02 2.912553e-02 1.563131e-03 -1.176836e-03 -9.202839e+01 -9.185715e+01 -4.638342e-02 3.628053e-02
86 -4.191658e-02 1.539903e-01 1.243546e-03 -3.846278e-03 -9.157776e+01 -9.130548e+01 -3.727698e-02 1.149737e-03
87 -4.884304e-02 3.439626e-01 2.050641e-03 -1.200837e-02 -8.795638e+01 -8.746024e+01 -4.045957e-02 -1.098957e-03
88 -3.643739e-02 -4.795818e-02 1.655736e-03 2.560235e-03 -8.848169e+01 -8.852000e+01 -2.833565e-02 -3.439743e-02
89 -6.325800e-02 1.021360e-01 1.614947e-03 -1.858121e-03 -9.411425e+01 -9.390933e+01 -5.737319e-02 -5.442940e-02
90 -5.789216e-02 2.879163e-01 2.075387e-04 -9.948350e-04 -9.924929e+01 -9.860412e+01 -5.720517e-02 2.253938e-01
91 -4.549438e-02 -2.001447e-01 2.440650e-05 1.072847e-04 -9.996704e+01 -1.002753e+02 -4.542652e-02 -1.988736e-01
92 -5.500888e-02 1.766253e-01 1.929075e-05 -6.157882e-05 -9.999735e+01 -9.953857e+01 -5.496699e-02 1.703582e-01
93 -4.968394e-02 -1.145967e-01 7.822834e-06 1.803964e-05 -1.000559e+02 -1.001855e+02 -4.965644e-02 -1.143882e-01
94 -5.082056e-02 -9.208138e-02 3.046549e-06 5.517066e-06 -1.000782e+02 -1.001605e+02 -5.081262e-02 -9.177140e-02
95 -5.130456e-02 -4.823263e-02 1.299992e-06 1.222703e-06 -1.000954e+02 -1.000893e+02 -5.130146e-02 -4.835960e-02
96 -4.708272e-02 -3.439904e-01 2.318958e-06 1.694372e-05 -1.000838e+02 -1.006776e+02 -4.707487e-02 -3.440807e-01
97 -4.603366e-02 2.217646e-01 4.656905e-06 -2.240720e-05 -1.000783e+02 -9.954386e+01 -4.602430e-02 2.201098e-01
98 -4.199558e-02 6.508727e-02 1.329865e-05 -2.050897e-05 -1.000307e+02 -9.981790e+01 -4.195543e-02 6.309852e-02
99 -3.681679e-02 1.383175e-02 4.096457e-05 -1.442175e-05 -9.986460e+01 -9.976697e+01 -3.671038e-02 8.599241e-03
100 -3.122252e-02 -3.110469e-01 8.836482e-05 8.812961e-04 -9.962084e+01 -1.001791e+02 -3.096819e-02 -3.106149e-01
101 -4.512956e-02 -5.055155e-01 2.500455e-04 2.765715e-03 -9.884995e+01 -9.973518e+01 -4.438458e-02 -4.604949e-01
102 -4.168472e-02 2.820531e-01 4.037602e-04 -2.558931e-03 -9.736489e+01 -9.680493e+01 -3.958349e-02 1.715389e-01
103 -4.614164e-02 -5.785233e-01 8.610277e-04 1.002545e-02 -9.582881e+01 -9.670563e+01 -4.426348e-02 -3.510345e-01
104 -3.275092e-02 -4.322005e-01 5.950867e-04 7.585137e-03 -9.546498e+01 -9.617020e+01 -3.028233e-02 -3.193006e-01
105 -4.651202e-02 -1.273419e-01 6.840376e-04 2.259641e-03 -9.644772e+01 -9.669891e+01 -4.350192e-02 -2.459595e-01
106 -4.458319e-02 -2.298068e-02 1.292173e-03 1.246481e-03 -9.455468e+01 -9.458567e+01 -4.117568e-02 -1.174679e-01
107 -5.580109e-02 -4.848661e-02 1.573979e-04 1.371677e-04 -9.952231e+01 -9.950835e+01 -5.518615e-02 -4.881448e-02
108 -4.608114e-02 1.297556e-01 1.234098e-04 -3.350692e-04 -9.947673e+01 -9.914559e+01 -4.564748e-02 1.012978e-01
109 -5.697512e-02 1.126695e-01 7.914669e-05 -1.522043e-04 -9.966175e+01 -9.933614e+01 -5.661403e-02 9.422958e-02
110 -4.398446e-02 -2.232391e-01 1.392271e-04 7.051221e-04 -9.931433e+01 -9.966816e+01 -4.347013e-02 -2.177544e-01
111 -7.101030e-02 4.849156e-01 4.365616e-05 -2.961827e-04 -9.979285e+01 -9.869744e+01 -7.062924e-02 4.636731e-01
112 -8.983198e-02 6.349625e-01 4.285565e-06 -3.028639e-05 -1.000880e+02 -9.863975e+01 -8.979403e-02 6.340149e-01
113 -5.252562e-02 -2.428554e-02 1.257492e-06 5.823129e-07 -1.000946e+02 -1.000382e+02 -5.252148e-02 -2.451029e-02
114 -3.708804e-02 -1.775991e-01 6.648992e-07 3.184033e-06 -1.000857e+02 -1.003667e+02 -3.708570e-02 -1.776220e-01
115 -3.701439e-02 -4.481449e-01 1.602727e-06 1.940434e-05 -1.000820e+02 -1.009042e+02 -3.700923e-02 -4.480279e-01
116 -5.192014e-02 -7.074764e-01 8.075090e-06 1.099629e-04 -1.000640e+02 -1.013727e+02 -5.188772e-02 -7.043287e-01
117 -5.178846e-02 2.371368e-01 2.748085e-05 -1.252940e-04 -9.995733e+01 -9.938436e+01 -5.167949e-02 2.305903e-01
118 -5.005975e-02 1.428901e-01 5.216365e-05 -1.451806e-04 -9.981980e+01 -9.944911e+01 -4.987019e-02 1.212084e-01
