0 -7.266727e-02 -2.930734e-02 2.307534e-02 2.456558e-01 -1.024766e+01 -1.073028e+01 1.315312e-02 -1.390160e+00
1 -3.967568e-02 -1.205144e-01 1.857178e-01 7.584926e+01 -3.365021e-01 -3.750187e-01 2.894307e-01 9.812561e+01
2 5.016127e-02 6.028221e-01 3.078462e-01 2.680948e+01 -3.689204e-01 -3.835152e-01 5.329267e-01 6.506224e+01
3 -2.054628e-01 -5.878018e-01 2.318434e-01 3.279623e+01 -1.472514e+00 -1.790156e+00 2.759965e-01 7.155211e+01
4 -6.429767e-02 2.902516e-02 2.320230e-01 4.813827e+00 -2.265030e+00 -2.321992e+00 3.883860e-01 1.508591e+01
5 -7.249981e-02 2.552039e-01 1.602187e-01 5.310277e+00 -5.995464e+00 -6.381994e+00 2.197607e-01 1.279394e+01
6 -7.099925e-02 1.639244e+00 7.931493e-02 3.275458e-01 -1.909839e+01 -1.925128e+01 7.965243e-02 -1.553194e-01
7 -5.897725e-02 6.815986e-01 2.580595e-02 3.124072e-02 -4.006598e+01 -4.016859e+01 -1.524412e-03 -5.028437e-01
8 -7.218697e-02 7.673345e-01 1.606851e-02 -4.285521e-02 -4.942069e+01 -4.912920e+01 -2.181127e-02 -2.324560e-02
9 -7.740629e-02 2.228361e+00 1.147137e-02 -1.087302e-02 -6.198371e+01 -6.175554e+01 -4.467591e-02 -6.747377e-02
10 -6.918435e-02 5.475978e-01 7.685168e-03 -2.093774e-02 -7.092625e+01 -7.069756e+01 -5.072168e-02 -2.198276e-01
11 -4.766074e-02 1.419142e-01 1.134030e-02 6.719966e-03 -5.834487e+01 -5.835997e+01 -9.442559e-03 -4.491951e-02
12 -5.601154e-02 -2.578523e-01 4.490403e-02 7.319578e-02 -2.428883e+01 -2.433152e+01 3.634244e-02 -4.194356e-01
13 -4.985800e-02 -3.769109e-01 8.419413e-02 1.575887e+00 -8.244459e+00 -8.500218e+00 1.025908e-01 1.791093e+00
14 -4.257609e-02 5.975612e-03 1.110476e-01 5.083062e+00 -3.906323e+00 -4.046249e+00 1.666973e-01 1.287463e+01
15 -5.987912e-02 -1.343874e-01 6.174662e-02 1.471841e-01 -1.369002e+01 -1.365918e+01 5.392883e-02 -3.489707e-01
16 -4.221956e-02 -5.397377e-01 6.249437e-02 2.262005e+00 -1.059866e+01 -1.123360e+01 6.846019e-02 -2.961827e+00
17 -5.850121e-02 3.337793e-01 1.068368e-01 1.472314e+00 -7.879567e+00 -8.039254e+00 1.508852e-01 3.492851e+00
18 -5.906273e-02 2.755057e-01 6.340017e-02 2.080789e-01 -2.018185e+01 -2.033427e+01 6.449339e-02 -8.409544e-01
19 -5.077411e-02 5.870665e-01 2.867173e-02 2.578929e-02 -3.443287e+01 -3.445528e+01 4.536933e-03 -2.751768e-01
20 -9.378467e-02 5.856631e-01 2.250218e-02 7.687548e-03 -5.123320e+01 -5.130875e+01 -2.209902e-02 -4.309809e-01
21 -6.466345e-02 1.837482e+00 9.231234e-03 3.244913e-02 -6.700276e+01 -6.748758e+01 -3.554907e-02 -4.080375e-01
22 -5.645940e-02 2.601765e-01 6.297480e-03 5.088996e-03 -8.113662e+01 -8.117460e+01 -4.202767e-02 6.008263e-03
23 -6.506566e-02 5.457477e-01 3.066592e-03 -1.559866e-02 -8.854143e+01 -8.805270e+01 -5.714649e-02 -6.913137e-02
24 -7.061752e-02 3.869729e+00 7.191238e-04 5.077824e-02 -6.559909e+01 -6.927714e+01 -4.876600e-02 6.224108e+00
25 -1.168881e-01 3.076400e+00 9.197689e-04 2.086016e-02 -7.428367e+01 -8.124820e+01 -1.364068e-01 -8.444539e-01
26 -4.933888e-02 4.744542e-01 5.737219e-05 -5.392201e-04 -9.978146e+01 -9.877861e+01 -4.924886e-02 4.112900e-01
27 -6.046065e-02 -4.830852e-01 3.204603e-04 2.859248e-03 -9.753046e+01 -9.856624e+01 -6.045953e-02 -7.058119e-01
28 -4.871300e-02 1.516636e-02 1.512049e-03 9.486527e-04 -9.333468e+01 -9.335951e+01 -4.429031e-02 -1.271926e-01
29 -4.158617e-02 -1.119653e-02 4.562924e-03 6.821919e-03 -8.190010e+01 -8.198725e+01 -3.115709e-02 -1.468015e-01
30 -4.615316e-02 1.562845e-02 5.781640e-03 1.619439e-02 -8.020210e+01 -8.043555e+01 -2.973348e-02 -2.296262e-01
31 -5.640052e-02 6.012865e-01 8.203719e-03 -2.263272e-02 -7.517456e+01 -7.502766e+01 -3.466196e-02 -1.656169e-01
32 -4.112855e-02 -1.135293e-01 1.468455e-02 1.065742e-01 -5.630367e+01 -5.665483e+01 -4.487778e-03 -3.093545e-01
33 -5.065909e-02 -3.508641e-01 3.741863e-02 2.387201e-01 -3.280615e+01 -3.314809e+01 2.822814e-02 -6.618575e-01
34 -4.462442e-02 1.411560e-01 4.465997e-02 3.322876e-01 -1.660582e+01 -1.672403e+01 5.080743e-02 -7.501632e-02
35 -4.651778e-02 -2.287595e-01 7.738372e-02 1.328027e+00 -1.119015e+01 -1.144093e+01 1.012614e-01 1.704147e+00
36 -5.200764e-02 -1.603177e-01 8.287663e-02 1.598663e+00 -9.488216e+00 -9.817921e+00 9.941130e-02 2.213576e-01
37 -5.576282e-02 -5.870464e-01 6.656715e-02 1.118940e+00 -1.647756e+01 -1.699020e+01 7.185927e-02 -1.358210e+00
38 -4.198873e-02 1.917919e-01 8.450494e-02 2.846233e+00 -9.053806e+00 -9.436864e+00 1.153385e-01 5.108953e+00
39 -7.479376e-02 6.132929e-01 6.321653e-02 5.693444e-01 -1.984326e+01 -2.024523e+01 6.380114e-02 -1.463015e+00
40 -6.908001e-02 2.270110e-01 1.662658e-02 4.356364e-02 -5.688003e+01 -5.705189e+01 -1.346972e-02 -1.870121e-01
41 -7.853293e-02 1.611429e-01 3.651568e-03 -4.890841e-03 -8.872582e+01 -8.848595e+01 -5.881812e-02 -8.370028e-02
42 -5.641655e-02 -3.184539e-01 1.339256e-03 6.443794e-03 -9.303449e+01 -9.336843e+01 -5.191789e-02 -1.105521e-01
43 -3.723032e-02 6.720809e-02 3.488781e-04 -6.337596e-04 -9.776268e+01 -9.755598e+01 -3.655335e-02 6.728004e-02
44 -8.524763e-02 -8.394658e-03 2.714170e-04 2.703643e-05 -9.902105e+01 -9.886905e+01 -8.419499e-02 -7.940118e-03
45 -3.061934e-02 1.825238e-01 4.215666e-05 -2.497010e-04 -9.973227e+01 -9.930927e+01 -3.105620e-02 1.782165e-01
46 -6.302544e-02 -2.912985e-01 1.036077e-04 4.753363e-04 -9.969496e+01 -1.001408e+02 -6.254380e-02 -2.764226e-01
47 -4.638646e-02 3.133618e-02 1.775981e-04 -1.117430e-04 -9.920823e+01 -9.906235e+01 -4.599578e-02 1.867360e-02
48 -6.275922e-02 -1.847395e-01 1.012350e-03 4.277854e-03 -9.477924e+01 -9.526510e+01 -6.146632e-02 -3.767528e-01
49 -5.924600e-02 2.568517e-02 5.643125e-03 1.711050e-02 -7.971081e+01 -7.990942e+01 -4.138479e-02 -8.620836e-02
50 -4.919403e-02 -5.615182e-01 1.612808e-02 4.947096e-02 -5.430780e+01 -5.447757e+01 -5.727751e-03 -3.174606e-01
51 -4.205794e-02 -5.386243e-01 1.646437e-02 6.640260e-02 -4.408306e+01 -4.426193e+01 -6.223722e-03 -1.375389e-01
52 4.664334e-03 4.062122e-01 1.606395e-02 1.857364e-02 -5.173901e+01 -5.185608e+01 -1.072663e-02 -3.902735e-01
53 -8.003198e-02 -1.809473e-01 2.957074e-02 1.536379e-01 -4.132837e+01 -4.164075e+01 1.430069e-02 -6.404360e-01
54 -6.129651e-02 3.004454e-01 2.734154e-02 -2.163075e-02 -4.194633e+01 -4.186985e+01 9.067453e-03 -6.482113e-02
55 -4.981193e-02 5.703280e-02 1.394774e-02 2.943330e-02 -5.628264e+01 -5.637947e+01 -1.893904e-02 -8.281633e-02
56 -5.125239e-02 1.116233e-01 3.051190e-03 -1.536790e-03 -8.545113e+01 -8.540858e+01 -4.294764e-02 -1.334965e-01
57 -6.625347e-02 2.933208e-01 5.194728e-04 -2.201627e-03 -9.802327e+01 -9.736552e+01 -6.471751e-02 2.162694e-01
58 -5.461652e-02 3.576932e-01 1.710149e-04 -1.110647e-03 -9.912222e+01 -9.831653e+01 -5.399896e-02 3.362194e-01
59 -4.222741e-02 -3.288673e-01 7.783806e-05 6.067634e-04 -9.950206e+01 -1.000737e+02 -4.196776e-02 -3.285434e-01
60 -7.717463e-02 -1.485580e-01 5.975772e-05 1.162707e-04 -9.980541e+01 -9.995427e+01 -7.713499e-02 -1.579126e-01
61 -5.941443e-02 5.510332e-02 2.110410e-05 -1.955196e-05 -9.999631e+01 -9.976768e+01 -5.939477e-02 5.473471e-02
62 -5.009983e-02 2.097695e-01 2.913163e-05 -1.216352e-04 -9.997033e+01 -9.945356e+01 -5.001282e-02 2.059217e-01
63 -5.331910e-02 -5.266064e-01 1.162420e-04 1.155205e-03 -9.939226e+01 -1.003442e+02 -5.287268e-02 -5.330354e-01
64 -4.751737e-02 1.079299e-01 3.459982e-04 -7.214036e-04 -9.867035e+01 -9.839773e+01 -4.661439e-02 5.728551e-02
65 -4.332485e-02 1.406649e-01 9.819350e-04 -2.096270e-03 -9.592992e+01 -9.575006e+01 -4.055378e-02 -9.090794e-02
66 -3.929761e-02 -4.121978e-01 2.141987e-03 2.135110e-02 -9.059906e+01 -9.120650e+01 -3.294848e-02 -2.756364e-01
67 -4.295295e-02 -2.358141e-01 3.562260e-03 2.272233e-02 -8.759462e+01 -8.806315e+01 -3.524917e-02 -3.595130e-01
68 -3.625547e-02 5.884008e-02 6.115072e-03 9.530748e-03 -7.322806e+01 -7.330725e+01 -1.504413e-02 -9.089511e-02
69 -4.980213e-02 -5.828614e-01 1.504433e-02 1.410244e-01 -5.774229e+01 -5.828730e+01 -1.114162e-02 -5.739770e-01
70 -4.264088e-02 2.852055e-01 1.402229e-02 -1.862951e-02 -5.551566e+01 -5.548009e+01 -6.771495e-03 -2.028786e-01
71 -4.627677e-02 2.480912e-01 1.729563e-02 2.598554e-02 -5.036999e+01 -5.042103e+01 -6.636338e-03 -9.233884e-02
72 -3.895012e-02 -4.591261e-02 1.281813e-02 9.514206e-02 -5.701464e+01 -5.734962e+01 -3.372484e-03 -3.053059e-01
73 -4.535903e-02 7.595763e-03 1.804395e-02 7.996856e-02 -4.626260e+01 -4.645987e+01 -3.876628e-03 -3.978797e-01
74 -1.188224e-01 -1.601431e+00 9.471405e-03 8.887565e-03 -7.006312e+01 -7.044789e+01 -7.415848e-02 -4.579658e-01
75 -5.468031e-02 2.418944e-01 3.114616e-04 -1.244347e-03 -9.871716e+01 -9.821906e+01 -5.419530e-02 1.169700e-01
76 -4.675618e-02 -1.219598e-01 2.184117e-04 5.708622e-04 -9.911505e+01 -9.926546e+01 -4.647989e-02 -1.229313e-01
77 -5.255214e-02 -2.923571e-01 7.833550e-05 4.356501e-04 -9.975683e+01 -1.002346e+02 -5.236034e-02 -2.906833e-01
78 -5.714003e-02 -2.037341e-01 2.035652e-05 7.306679e-05 -1.000082e+02 -1.003066e+02 -5.709599e-02 -2.116261e-01
79 -4.015959e-02 2.035762e-01 1.491650e-05 -7.553150e-05 -1.000112e+02 -9.952498e+01 -4.012038e-02 2.020408e-01
80 -4.023305e-02 -1.701021e-01 2.848363e-05 1.202857e-04 -9.994305e+01 -1.002016e+02 -4.013788e-02 -1.685204e-01
81 -3.892941e-02 -3.192393e-01 4.565493e-05 3.740377e-04 -9.984000e+01 -1.003982e+02 -3.881173e-02 -3.164669e-01
82 -4.270570e-02 3.362339e-01 7.567993e-05 -5.813424e-04 -9.973664e+01 -9.901319e+01 -4.258430e-02 2.875303e-01
83 -5.135686e-02 6.500787e-01 2.601225e-04 -3.132593e-03 -9.886191e+01 -9.759384e+01 -5.086120e-02 4.723266e-01
84 -3.005568e-02 -1.581004e-01 5.072545e-04 2.559620e-03 -9.650437e+01 -9.672839e+01 -2.909382e-02 -1.150005e-01
85 -4.933477e-02 -9.723155e-02 1.497242e-03 2.086361e-03 -9.235935e+01 -9.235359e+01 -4.651364e-02 2.029573e-02
86 -4.198187e-02 1.112407e-01 1.175452e-03 -2.308665e-03 -9.215539e+01 -9.197474e+01 -3.787509e-02 -5.164827e-02
87 -5.031199e-02 5.278298e-01 2.006807e-03 -1.743961e-02 -8.863299e+01 -8.790799e+01 -4.202194e-02 2.869076e-02
88 -3.616382e-02 -3.202309e-02 1.539052e-03 2.798314e-03 -8.918627e+01 -8.928259e+01 -2.889313e-02 -1.388675e-01
89 -6.267839e-02 -9.397686e-03 1.571498e-03 6.232158e-04 -9.426057e+01 -9.421632e+01 -5.719013e-02 -8.734071e-02
90 -5.756087e-02 2.346413e-01 2.139210e-04 -8.321582e-04 -9.920812e+01 -9.867062e+01 -5.687366e-02 1.710228e-01
91 -4.545101e-02 -1.615775e-01 2.380252e-05 8.463168e-05 -9.997199e+01 -1.002041e+02 -4.538720e-02 -1.615158e-01
92 -5.518985e-02 2.091797e-01 1.893534e-05 -7.140836e-05 -1.000025e+02 -9.947837e+01 -5.515021e-02 2.027740e-01
93 -5.002872e-02 -4.543137e-01 8.004043e-06 7.265479e-05 -1.000565e+02 -1.008640e+02 -5.000066e-02 -4.529215e-01
94 -5.101469e-02 -3.116828e-01 3.192746e-06 1.950271e-05 -1.000776e+02 -1.005986e+02 -5.100683e-02 -3.112607e-01
95 -5.038911e-02 9.846903e-02 1.305324e-06 -2.549947e-06 -1.000934e+02 -9.979584e+01 -5.038622e-02 9.825956e-02
96 -4.699203e-02 -2.715115e-01 2.311649e-06 1.335797e-05 -1.000837e+02 -1.005329e+02 -4.698505e-02 -2.716754e-01
97 -4.720326e-02 1.619748e-01 5.023230e-06 -1.720348e-05 -1.000785e+02 -9.966149e+01 -4.719392e-02 1.600634e-01
98 -4.156987e-02 7.934143e-02 1.390801e-05 -2.641589e-05 -1.000262e+02 -9.978602e+01 -4.152983e-02 7.695488e-02
99 -3.708972e-02 1.744737e-01 4.321507e-05 -2.021653e-04 -9.985708e+01 -9.943867e+01 -3.698031e-02 1.682093e-01
100 -3.098525e-02 -1.841834e-01 8.862332e-05 5.283872e-04 -9.962200e+01 -9.992916e+01 -3.074690e-02 -1.861077e-01
101 -4.486580e-02 -5.974965e-01 2.475085e-04 3.254692e-03 -9.883135e+01 -9.989446e+01 -4.416669e-02 -5.440765e-01
102 -4.199804e-02 3.207016e-01 3.988065e-04 -2.929940e-03 -9.742103e+01 -9.676298e+01 -4.007997e-02 2.380677e-01
103 -4.640647e-02 -6.776793e-01 8.211548e-04 1.108199e-02 -9.606990e+01 -9.710212e+01 -4.471819e-02 -3.915919e-01
104 -3.276437e-02 -4.637370e-01 5.551154e-04 7.623663e-03 -9.577020e+01 -9.654242e+01 -3.057816e-02 -3.557125e-01
105 -4.641706e-02 -4.982465e-02 6.350446e-04 1.084764e-03 -9.677053e+01 -9.688562e+01 -4.377058e-02 -1.924963e-01
106 -4.344902e-02 -3.163768e-02 1.193150e-03 1.411157e-03 -9.488059e+01 -9.492988e+01 -4.047283e-02 -1.274229e-01
107 -5.593021e-02 -1.491060e-01 1.530931e-04 4.072499e-04 -9.953969e+01 -9.972355e+01 -5.532000e-02 -1.455969e-01
108 -4.672587e-02 2.083704e-02 1.163723e-04 -4.419199e-05 -9.952034e+01 -9.939822e+01 -4.633487e-02 2.520827e-03
109 -5.692732e-02 -8.320686e-02 7.284285e-05 1.104174e-04 -9.970221e+01 -9.976670e+01 -5.664311e-02 -1.003644e-01
110 -4.395404e-02 -2.249409e-01 1.297723e-04 6.604540e-04 -9.936123e+01 -9.971570e+01 -4.349009e-02 -2.152260e-01
111 -7.120789e-02 5.070513e-01 4.324800e-05 -3.060800e-04 -9.979686e+01 -9.865657e+01 -7.084455e-02 4.862116e-01
112 -9.072260e-02 4.868093e-01 4.100819e-06 -2.200006e-05 -1.000896e+02 -9.893566e+01 -9.068578e-02 4.860060e-01
113 -5.244967e-02 4.728993e-03 1.235391e-06 -1.108033e-07 -1.000948e+02 -9.998051e+01 -5.244565e-02 4.579898e-03
114 -3.687987e-02 -6.143280e-02 6.574828e-07 1.095238e-06 -1.000847e+02 -1.001338e+02 -3.687789e-02 -6.144045e-02
115 -3.826359e-02 -1.348748e-01 1.599359e-06 5.638977e-06 -1.000844e+02 -1.002778e+02 -3.825864e-02 -1.350604e-01
116 -5.248208e-02 -6.026251e-01 8.418022e-06 9.655892e-05 -1.000620e+02 -1.011594e+02 -5.244976e-02 -5.984847e-01
117 -5.172333e-02 -5.071402e-02 2.761702e-05 2.762234e-05 -9.995677e+01 -9.995882e+01 -5.162297e-02 -5.667671e-02
118 -5.015576e-02 1.336694e-01 4.992024e-05 -1.297337e-04 -9.983435e+01 -9.948081e+01 -4.999466e-02 1.135125e-01
