0 -7.164946e-02 -4.378860e-01 2.312487e-02 1.012454e+00 -8.481936e+00 -9.121058e+00 1.584023e-02 2.684553e-01
1 -3.562736e-02 1.047537e-01 2.308018e-01 8.863961e+01 -1.279714e-01 -1.344143e-01 4.083218e-01 9.964982e+01
2 4.799191e-02 -3.069701e-02 3.295976e-01 4.240501e+00 -3.189161e-01 -3.241676e-01 6.016760e-01 3.477793e+01
3 -2.263495e-01 -4.254998e-01 2.209810e-01 1.765845e+01 -1.714203e+00 -1.955172e+00 3.030728e-01 4.393481e+01
4 -6.457170e-02 8.721322e-02 1.973560e-01 3.231193e+00 -3.482980e+00 -3.587554e+00 3.084273e-01 1.045609e+01
5 -7.328871e-02 -3.089520e-02 1.362972e-01 1.806269e+00 -9.002656e+00 -9.259564e+00 1.828714e-01 2.682989e+00
6 -6.418371e-02 7.727560e-01 5.355036e-02 1.526482e-01 -2.631924e+01 -2.647713e+01 4.459353e-02 -6.954715e-01
7 -6.076526e-02 5.551888e-01 1.904443e-02 -1.032061e-02 -4.623997e+01 -4.610678e+01 -1.419923e-02 1.082355e-01
8 -6.916626e-02 1.791171e+00 1.112093e-02 -2.344780e-02 -5.625583e+01 -5.615746e+01 -2.998345e-02 -1.304886e-01
9 -7.529680e-02 8.287313e-01 7.175903e-03 -3.955481e-03 -7.067094e+01 -7.058788e+01 -5.151979e-02 -2.200287e-01
10 -6.343113e-02 3.127312e-01 4.658761e-03 -8.386808e-03 -7.841454e+01 -7.824411e+01 -5.051788e-02 -9.474298e-02
11 -4.542147e-02 -3.436858e-01 6.844510e-03 1.376021e-02 -6.732983e+01 -6.722976e+01 -1.792240e-02 1.691652e-01
12 -5.577846e-02 -1.996256e-01 3.327845e-02 1.465799e-01 -2.771222e+01 -2.787345e+01 1.772720e-02 -3.953219e-01
13 -5.001724e-02 3.115452e-01 8.157971e-02 3.006864e+00 -8.611207e+00 -9.039257e+00 1.006477e-01 3.763590e+00
14 -4.367573e-02 4.220167e-02 1.196413e-01 6.382636e+00 -3.522002e+00 -3.682753e+00 1.817127e-01 1.814492e+01
15 -6.147233e-02 -3.095465e-01 6.558521e-02 9.846720e-01 -1.181315e+01 -1.213610e+01 5.941591e-02 -1.090173e+00
16 -4.408586e-02 -5.084641e-01 6.402222e-02 3.591517e+00 -7.899822e+00 -8.543182e+00 6.814717e-02 1.331030e+00
17 -5.552687e-02 -3.988330e-02 1.206797e-01 1.826924e+00 -6.014323e+00 -6.138727e+00 1.747394e-01 5.160422e+00
18 -5.842931e-02 3.447858e-01 5.826279e-02 1.099233e-01 -1.959172e+01 -1.966894e+01 5.510849e-02 -7.796062e-01
19 -5.037966e-02 1.466160e+00 2.655468e-02 -2.081932e-02 -3.493023e+01 -3.491483e+01 -1.251326e-03 -3.113665e-01
20 -1.054151e-01 8.817870e-01 2.097442e-02 7.066291e-02 -5.015967e+01 -5.029113e+01 -2.566185e-02 -5.458985e-02
21 -6.625448e-02 1.127453e+00 8.022014e-03 1.299364e-02 -6.772423e+01 -6.781601e+01 -3.830162e-02 -1.652902e-01
22 -6.010162e-02 2.401558e-01 4.806844e-03 1.070214e-02 -8.487885e+01 -8.518765e+01 -4.807844e-02 -2.382398e-01
23 -6.616750e-02 2.069424e-01 1.855607e-03 -2.732993e-03 -9.206283e+01 -9.188885e+01 -6.131576e-02 -1.258269e-01
24 -6.819256e-02 2.133710e+00 4.217178e-04 1.971231e-02 -7.319206e+01 -8.020569e+01 -5.050507e-02 9.697226e-01
25 -1.080403e-01 1.121806e+00 4.839395e-04 7.614928e-03 -8.326147e+01 -8.914056e+01 -1.267202e-01 -4.889403e+00
26 -4.892851e-02 1.452932e-01 3.314083e-05 -9.595042e-05 -9.992958e+01 -9.955612e+01 -4.884346e-02 1.236703e-01
27 -6.081852e-02 -4.244139e-02 1.783191e-04 2.850262e-04 -9.853406e+01 -9.870187e+01 -6.076598e-02 -3.052295e-01
28 -5.258342e-02 4.215486e-01 1.143341e-03 -7.434221e-03 -9.430864e+01 -9.367230e+01 -4.852750e-02 1.105633e-01
29 -4.105500e-02 -2.508169e-01 4.215168e-03 1.332851e-02 -8.071842e+01 -8.079631e+01 -2.847527e-02 -6.792695e-02
30 -4.357465e-02 -1.576753e-02 5.394854e-03 -3.363054e-03 -7.961055e+01 -7.946061e+01 -2.601037e-02 8.078036e-02
31 -5.388616e-02 -6.566271e-02 6.738711e-03 2.737774e-02 -7.807616e+01 -7.840984e+01 -3.420526e-02 -2.725871e-01
32 -4.180008e-02 -1.056936e-01 1.194881e-02 4.375453e-02 -6.081763e+01 -6.094616e+01 -9.778386e-03 -9.574781e-02
33 -4.801452e-02 2.316859e-02 3.035448e-02 1.160554e-01 -3.711248e+01 -3.727644e+01 1.795593e-02 -3.143282e-01
34 -4.533420e-02 5.323573e-02 4.151596e-02 1.058032e+00 -1.680965e+01 -1.728273e+01 4.693826e-02 -1.774998e-02
35 -4.495741e-02 -6.184824e-03 8.256542e-02 9.911536e-01 -9.020700e+00 -9.140570e+00 1.105826e-01 9.833993e-01
36 -5.102999e-02 1.977155e-01 8.423312e-02 9.207765e-01 -8.103578e+00 -8.281155e+00 1.034043e-01 6.932371e-01
37 -5.556632e-02 -3.402980e-01 7.269362e-02 1.842219e+00 -1.252419e+01 -1.318375e+01 8.084330e-02 -1.298984e+00
38 -4.102949e-02 -2.284644e-01 9.237638e-02 4.217526e+00 -6.671242e+00 -7.017240e+00 1.305725e-01 9.262505e+00
39 -8.050562e-02 1.357895e-01 6.125262e-02 5.199208e-01 -2.007431e+01 -2.042315e+01 5.935109e-02 -1.351084e+00
40 -6.551265e-02 -2.517967e-01 1.220298e-02 5.480158e-02 -6.250391e+01 -6.271584e+01 -1.779025e-02 -9.452392e-02
41 -8.450307e-02 2.975802e-01 3.716804e-03 -9.473709e-03 -8.825795e+01 -8.786325e+01 -5.897106e-02 -6.147959e-02
42 -5.730383e-02 -6.829594e-01 1.185952e-03 1.308104e-02 -9.344882e+01 -9.444137e+01 -5.244523e-02 -3.766663e-01
43 -4.335353e-02 -9.780419e-02 2.895448e-04 6.668595e-04 -9.828611e+01 -9.840121e+01 -4.247270e-02 -1.072143e-01
44 -7.207457e-02 -7.755005e-01 1.595541e-04 1.687681e-03 -9.933964e+01 -1.006871e+02 -7.176513e-02 -6.957862e-01
45 -3.693091e-02 -1.201476e-01 3.928077e-05 1.279713e-04 -9.984577e+01 -1.000127e+02 -3.693191e-02 -1.211230e-01
46 -5.325826e-02 -1.986538e-02 6.228711e-05 2.388971e-05 -9.982007e+01 -9.975570e+01 -5.305419e-02 -2.311541e-02
47 -4.444747e-02 -7.317919e-03 1.336906e-04 2.691497e-05 -9.936833e+01 -9.930101e+01 -4.404260e-02 -1.684814e-02
48 -5.939276e-02 2.888585e-01 6.310050e-04 -2.164960e-03 -9.707447e+01 -9.670247e+01 -5.757799e-02 -1.035996e-01
49 -6.041958e-02 6.481985e-01 3.896483e-03 -7.192783e-03 -8.415765e+01 -8.416299e+01 -4.732651e-02 -2.701231e-01
50 -4.956428e-02 -3.454572e-01 1.437761e-02 1.032052e-02 -5.476705e+01 -5.488556e+01 -6.809804e-03 -3.115210e-01
51 -3.891459e-02 -7.740664e-01 1.791643e-02 7.854599e-02 -4.010205e+01 -4.024940e+01 -2.818572e-03 -2.266155e-01
52 3.677186e-03 5.697775e-02 1.937195e-02 1.050246e-01 -4.577457e+01 -4.600462e+01 -4.666685e-03 -2.585635e-01
53 -8.060830e-02 1.756211e-01 3.147546e-02 1.096933e-01 -3.651855e+01 -3.669504e+01 1.988813e-02 -5.680565e-01
54 -6.342245e-02 2.236970e-01 3.042452e-02 -5.106203e-02 -3.813486e+01 -3.797457e+01 1.429406e-02 3.958303e-02
55 -5.105739e-02 1.614296e-01 1.345764e-02 -1.095921e-02 -5.597942e+01 -5.594956e+01 -1.996306e-02 -2.448161e-01
56 -5.214085e-02 8.531654e-02 2.295469e-03 1.426989e-03 -8.863984e+01 -8.876339e+01 -4.444779e-02 -3.447618e-01
57 -6.433485e-02 2.243876e-01 4.163384e-04 -1.414939e-03 -9.817845e+01 -9.763292e+01 -6.286619e-02 1.884148e-01
58 -5.370993e-02 2.886173e-01 1.613884e-04 -8.509295e-04 -9.908604e+01 -9.842908e+01 -5.303809e-02 2.533480e-01
59 -4.521357e-02 1.054925e-01 7.028752e-05 -1.610372e-04 -9.958167e+01 -9.928916e+01 -4.494685e-02 9.361769e-02
60 -7.194295e-02 4.212256e-01 4.065615e-05 -2.355817e-04 -9.988551e+01 -9.891780e+01 -7.193746e-02 3.953504e-01
61 -5.953278e-02 -2.754239e-01 1.360105e-05 6.284772e-05 -1.000371e+02 -1.004673e+02 -5.950369e-02 -2.732833e-01
62 -4.793423e-02 1.945155e-01 1.764043e-05 -7.146712e-05 -1.000185e+02 -9.953529e+01 -4.787494e-02 1.923736e-01
63 -4.938051e-02 -9.455147e-01 7.073321e-05 1.351740e-03 -9.967186e+01 -1.014493e+02 -4.910740e-02 -9.267844e-01
64 -4.742515e-02 4.473255e-02 2.373435e-04 -1.859223e-04 -9.915482e+01 -9.900181e+01 -4.671614e-02 1.486018e-03
65 -4.597008e-02 4.830226e-01 8.441898e-04 -7.681075e-03 -9.649231e+01 -9.570636e+01 -4.337642e-02 1.550736e-01
66 -4.069816e-02 -5.241215e-01 2.153743e-03 2.731548e-02 -8.981595e+01 -9.065681e+01 -3.279816e-02 -4.417832e-01
67 -4.143684e-02 1.118520e-01 3.193810e-03 -3.394254e-03 -8.832098e+01 -8.826299e+01 -3.368589e-02 -1.586428e-01
68 -3.627566e-02 2.769935e-01 5.757926e-03 -2.894397e-02 -7.383346e+01 -7.359588e+01 -1.457970e-02 -1.059258e-02
69 -5.057756e-02 -2.089344e-01 1.622156e-02 9.171085e-02 -5.520691e+01 -5.554552e+01 -7.503999e-03 -5.422790e-01
70 -4.311134e-02 -8.169315e-02 1.593671e-02 -7.279806e-02 -5.035850e+01 -5.008652e+01 -1.396450e-03 1.753442e-02
71 -4.729371e-02 1.463236e-02 2.133957e-02 1.386091e-01 -4.393954e+01 -4.425272e+01 3.106662e-04 -2.974898e-01
72 -3.957406e-02 2.164666e-02 1.578348e-02 1.002186e-01 -4.975446e+01 -5.004379e+01 3.440705e-03 -4.874035e-01
73 -4.737604e-02 4.070802e-02 2.033727e-02 1.255079e-01 -4.285070e+01 -4.320936e+01 1.652069e-03 -6.734268e-01
74 -1.323725e-01 -3.214030e+00 7.467024e-03 9.905611e-02 -7.522041e+01 -7.604970e+01 -7.245070e-02 5.224930e-01
75 -5.166001e-02 2.260230e-01 3.390626e-04 -1.345484e-03 -9.854666e+01 -9.807846e+01 -5.083749e-02 1.121622e-01
76 -4.630393e-02 2.523148e-03 2.222104e-04 -1.570043e-05 -9.903081e+01 -9.893103e+01 -4.588149e-02 6.788515e-03
77 -5.248878e-02 8.614329e-02 6.335776e-05 -1.026676e-04 -9.980800e+01 -9.953579e+01 -5.231054e-02 7.940773e-02
78 -5.551640e-02 -4.135800e-01 1.544427e-05 1.152029e-04 -1.000286e+02 -1.007464e+02 -5.548061e-02 -4.164556e-01
79 -4.008285e-02 4.511857e-02 1.206988e-05 -1.352353e-05 -1.000211e+02 -9.985164e+01 -4.004704e-02 4.383063e-02
80 -4.118213e-02 -3.707100e-01 2.801939e-05 2.516437e-04 -9.994473e+01 -1.005993e+02 -4.106265e-02 -3.645619e-01
81 -4.034195e-02 -3.191124e-01 5.278098e-05 4.171183e-04 -9.979647e+01 -1.003512e+02 -4.016141e-02 -3.159226e-01
82 -3.616047e-02 4.741290e-02 6.447958e-05 -8.149788e-05 -9.973464e+01 -9.957486e+01 -3.596321e-02 3.707557e-02
83 -5.022165e-02 1.166192e-01 2.049248e-04 -4.158395e-04 -9.915406e+01 -9.887990e+01 -4.968316e-02 3.575419e-02
84 -2.499950e-02 -2.363606e-01 3.794545e-04 3.610556e-03 -9.684840e+01 -9.726659e+01 -2.444854e-02 -2.361913e-01
85 -4.962051e-02 -1.533535e-01 1.717853e-03 4.706922e-03 -9.109762e+01 -9.123496e+01 -4.575914e-02 -8.572817e-02
86 -4.268196e-02 5.422402e-01 1.509914e-03 -1.716216e-02 -8.965636e+01 -8.880504e+01 -3.609106e-02 1.751404e-01
87 -5.042591e-02 -5.202833e-01 2.441758e-03 2.371422e-02 -8.568575e+01 -8.638622e+01 -3.917052e-02 -2.704908e-01
88 -3.702490e-02 -2.214113e-01 2.042123e-03 1.009822e-02 -8.626595e+01 -8.645945e+01 -2.645051e-02 -3.388824e-02
89 -6.328595e-02 2.234213e-01 1.670567e-03 -5.448187e-03 -9.376740e+01 -9.329273e+01 -5.683946e-02 1.128730e-01
90 -5.863546e-02 1.046998e-01 1.853140e-04 -3.163867e-04 -9.938510e+01 -9.907881e+01 -5.798293e-02 7.746652e-02
91 -4.753189e-02 -7.611614e-02 2.734562e-05 4.400583e-05 -9.995364e+01 -1.000122e+02 -4.744314e-02 -7.820485e-02
92 -5.497742e-02 2.916551e-01 2.021800e-05 -1.069088e-04 -9.998252e+01 -9.929376e+01 -5.490937e-02 2.856584e-01
93 -5.036631e-02 -2.290872e-01 7.280626e-06 3.310132e-05 -1.000585e+02 -1.004154e+02 -5.033681e-02 -2.283723e-01
94 -4.971086e-02 -2.286580e-01 2.506684e-06 1.152783e-05 -1.000793e+02 -1.004370e+02 -4.970403e-02 -2.283509e-01
95 -5.229147e-02 1.778379e-02 1.212666e-06 -4.113178e-07 -1.000978e+02 -9.995785e+01 -5.228825e-02 1.749914e-02
96 -4.460954e-02 -2.221604e-02 2.204005e-06 1.100449e-06 -1.000781e+02 -1.000336e+02 -4.460165e-02 -2.255559e-02
97 -4.242403e-02 -2.030567e-01 3.625034e-06 1.735400e-05 -1.000766e+02 -1.003980e+02 -4.241500e-02 -2.032439e-01
98 -4.251115e-02 -1.553101e-01 1.113508e-05 4.076045e-05 -1.000421e+02 -1.002688e+02 -4.247491e-02 -1.569957e-01
99 -3.725707e-02 2.126893e-01 3.496323e-05 -1.992468e-04 -9.989212e+01 -9.939467e+01 -3.714316e-02 2.098120e-01
100 -3.185453e-02 -2.769511e-01 8.598173e-05 7.489459e-04 -9.961391e+01 -1.001036e+02 -3.156896e-02 -2.775223e-01
101 -4.377733e-02 5.224105e-02 2.429689e-04 -2.775932e-04 -9.891803e+01 -9.873693e+01 -4.301696e-02 3.849718e-02
102 -4.049360e-02 7.483312e-02 4.094942e-04 -3.667846e-04 -9.727129e+01 -9.719255e+01 -3.810388e-02 -1.280345e-01
103 -4.612132e-02 -5.894138e-01 9.968049e-04 1.172483e-02 -9.508514e+01 -9.595672e+01 -4.349026e-02 -3.398749e-01
104 -3.277485e-02 -3.672364e-01 7.278273e-04 7.377003e-03 -9.447787e+01 -9.497755e+01 -2.925958e-02 -1.539340e-01
105 -4.452833e-02 -4.428297e-02 8.175508e-04 1.145270e-03 -9.529617e+01 -9.536006e+01 -4.089462e-02 -1.236275e-01
106 -4.701595e-02 -6.473667e-02 1.586938e-03 2.666126e-03 -9.347384e+01 -9.355760e+01 -4.238159e-02 -1.270399e-01
107 -5.630590e-02 2.336047e-01 1.718788e-04 -7.028191e-04 -9.947202e+01 -9.890981e+01 -5.559928e-02 2.107757e-01
108 -4.433065e-02 -9.745705e-02 1.462756e-04 3.302200e-04 -9.933420e+01 -9.944994e+01 -4.375290e-02 -1.115444e-01
109 -5.732803e-02 -3.878651e-01 1.017695e-04 6.881523e-04 -9.952050e+01 -1.001766e+02 -5.680011e-02 -3.824194e-01
110 -4.295399e-02 7.820568e-02 1.654921e-04 -2.929586e-04 -9.916076e+01 -9.892935e+01 -4.227126e-02 6.439408e-02
111 -7.053269e-02 3.631644e-01 4.362097e-05 -2.237209e-04 -9.979050e+01 -9.893183e+01 -7.015334e-02 3.527756e-01
112 -8.656340e-02 7.409096e-02 4.755325e-06 -4.067046e-06 -1.000823e+02 -9.976142e+01 -8.652159e-02 7.371584e-02
113 -5.274172e-02 2.323030e-01 1.285830e-06 -5.662449e-06 -1.000941e+02 -9.952424e+01 -5.273730e-02 2.320258e-01
114 -3.494761e-02 5.000377e-01 6.177878e-07 -8.839025e-06 -1.000836e+02 -9.901369e+01 -3.494535e-02 4.998574e-01
115 -3.447960e-02 -9.423176e-02 1.630626e-06 4.456595e-06 -1.000770e+02 -1.001965e+02 -3.447367e-02 -9.423331e-02
116 -4.890551e-02 -3.607488e-01 6.805159e-06 5.019781e-05 -1.000669e+02 -1.006904e+02 -4.887881e-02 -3.605475e-01
117 -5.166652e-02 1.628979e-01 2.607849e-05 -8.157475e-05 -9.996297e+01 -9.953956e+01 -5.155680e-02 1.549143e-01
118 -5.007933e-02 -9.947968e-02 5.871960e-05 1.185550e-04 -9.977795e+01 -9.988291e+01 -4.984221e-02 -1.086322e-01
