0 -7.277307e-02 -1.544415e-01 2.311000e-02 1.680915e-01 -1.135804e+01 -1.175946e+01 1.121661e-02 -2.321544e+00
1 -4.093810e-02 -1.641791e-01 1.731921e-01 6.825639e+01 -4.686223e-01 -5.363995e-01 2.569289e-01 9.628533e+01
2 4.994154e-02 1.007609e+00 3.053428e-01 3.781711e+01 -3.711512e-01 -3.898901e-01 5.155565e-01 7.678071e+01
3 -1.944079e-01 -6.109790e-01 2.417331e-01 3.727518e+01 -1.354303e+00 -1.649385e+00 2.817332e-01 7.802048e+01
4 -6.339349e-02 -5.003160e-01 2.469961e-01 5.094392e+00 -1.867604e+00 -1.906805e+00 4.328097e-01 1.593028e+01
5 -7.293406e-02 3.460509e-01 1.701486e-01 7.992612e+00 -5.092321e+00 -5.523917e+00 2.333277e-01 2.074815e+01
6 -7.359910e-02 1.715101e+00 9.143510e-02 2.480958e-01 -1.620310e+01 -1.629858e+01 9.494745e-02 -1.943054e-01
7 -5.911394e-02 3.475614e-01 2.922098e-02 4.970784e-02 -3.705823e+01 -3.714320e+01 5.620848e-03 -3.373840e-01
8 -7.424418e-02 1.876249e+00 1.868024e-02 3.620268e-03 -4.695950e+01 -4.686684e+01 -2.038529e-02 -6.764964e-02
9 -7.761282e-02 3.275761e+00 1.353614e-02 -5.480592e-02 -5.903788e+01 -5.875372e+01 -4.178748e-02 -4.101741e-01
10 -7.170782e-02 4.898843e-01 9.252112e-03 1.994815e-02 -6.754818e+01 -6.776071e+01 -5.055689e-02 -1.124628e-01
11 -4.923246e-02 -6.937105e-02 1.407550e-02 3.084326e-02 -5.415855e+01 -5.425321e+01 -5.405047e-03 -1.420012e-01
12 -5.550226e-02 2.112147e-01 5.066152e-02 2.616272e-01 -2.284457e+01 -2.306423e+01 4.566153e-02 -7.633629e-01
13 -4.943792e-02 5.666194e-02 8.448535e-02 1.046564e+00 -8.294130e+00 -8.490641e+00 1.022794e-01 9.940856e-01
14 -4.341790e-02 -1.142960e-01 1.130814e-01 4.146193e+00 -4.080726e+00 -4.233488e+00 1.649055e-01 1.187916e+01
15 -5.888573e-02 -2.728699e-02 6.005626e-02 2.208547e-01 -1.464081e+01 -1.472787e+01 5.165519e-02 -4.694835e-01
16 -4.017155e-02 -6.332103e-01 6.193837e-02 2.118757e+00 -1.204908e+01 -1.274163e+01 7.035821e-02 -3.198210e+00
17 -6.035242e-02 1.344292e-01 1.021405e-01 1.557635e+00 -8.864517e+00 -9.038706e+00 1.409565e-01 2.936209e+00
18 -5.934751e-02 3.414194e-01 6.450024e-02 5.065435e-01 -2.060315e+01 -2.097259e+01 6.675060e-02 -8.903074e-01
19 -5.125573e-02 4.993766e-01 3.001949e-02 1.800811e-01 -3.428117e+01 -3.454647e+01 7.043574e-03 -3.050980e-01
20 -8.904639e-02 2.384996e-01 2.300406e-02 1.006785e-01 -5.167333e+01 -5.209486e+01 -2.077862e-02 -4.099508e-01
21 -6.405296e-02 2.160011e+00 9.559453e-03 -4.660942e-03 -6.701318e+01 -6.717307e+01 -3.440216e-02 -3.615257e-01
22 -5.581985e-02 3.055510e-01 6.950429e-03 9.030390e-03 -7.968575e+01 -7.983693e+01 -4.012810e-02 -1.208597e-01
23 -6.352068e-02 4.878342e-01 3.615841e-03 -1.396401e-02 -8.701629e+01 -8.671381e+01 -5.501373e-02 -1.952890e-01
24 -6.891353e-02 4.606801e+00 8.071085e-04 6.057599e-02 -6.464990e+01 -6.650595e+01 -4.988406e-02 5.219251e+00
25 -1.165276e-01 4.130695e+00 1.124360e-03 2.848534e-02 -7.154155e+01 -7.816453e+01 -1.409236e-01 1.020621e+00
26 -4.954271e-02 7.599028e-01 7.033477e-05 -1.052409e-03 -9.969302e+01 -9.815144e+01 -4.948720e-02 6.513196e-01
27 -5.996928e-02 -4.438606e-02 3.979241e-04 9.164115e-04 -9.701997e+01 -9.732439e+01 -5.985535e-02 -4.410644e-01
28 -4.663686e-02 -2.839165e-02 1.652194e-03 1.550520e-03 -9.289434e+01 -9.290483e+01 -4.237312e-02 -5.779367e-02
29 -4.133032e-02 2.648173e-02 4.686338e-03 1.694544e-03 -8.224162e+01 -8.223142e+01 -3.217723e-02 -7.116453e-02
30 -4.629222e-02 1.253526e-01 5.906727e-03 1.069283e-03 -7.996017e+01 -7.996606e+01 -3.046499e-02 -9.930385e-02
31 -5.690109e-02 3.263646e-01 8.786012e-03 1.382815e-03 -7.414779e+01 -7.421646e+01 -3.500845e-02 -2.386747e-01
32 -4.011925e-02 -3.507397e-01 1.602665e-02 9.814008e-02 -5.381696e+01 -5.407698e+01 -1.051896e-03 -2.132662e-01
33 -5.095877e-02 -3.555318e-01 4.037106e-02 2.571310e-01 -3.134289e+01 -3.165193e+01 3.289683e-02 -5.883488e-01
34 -4.425856e-02 1.118753e-02 4.554203e-02 3.696941e-01 -1.676026e+01 -1.690543e+01 5.130753e-02 7.607592e-02
35 -4.713191e-02 -2.052666e-01 7.468420e-02 1.269466e+00 -1.239730e+01 -1.269843e+01 9.659840e-02 1.246856e+00
36 -5.183355e-02 -3.228660e-01 8.255758e-02 2.073622e+00 -1.020176e+01 -1.061056e+01 9.915188e-02 5.479469e-01
37 -5.496727e-02 -5.827888e-01 6.321089e-02 1.056584e+00 -1.864777e+01 -1.924312e+01 6.697530e-02 -1.012390e+00
38 -4.291273e-02 1.227972e-02 8.064388e-02 2.001316e+00 -1.036759e+01 -1.073135e+01 1.081970e-01 2.949670e+00
39 -7.234026e-02 2.301770e-01 6.355015e-02 7.223179e-01 -2.001778e+01 -2.050144e+01 6.471926e-02 -1.416873e+00
40 -6.998724e-02 5.143064e-01 1.860607e-02 3.005517e-03 -5.455882e+01 -5.455553e+01 -1.127985e-02 -4.002743e-02
41 -7.553425e-02 -1.279804e-01 3.600309e-03 8.984380e-03 -8.889499e+01 -8.916687e+01 -5.836389e-02 -2.832538e-01
42 -5.641954e-02 -9.019941e-01 1.386522e-03 1.934927e-02 -9.298225e+01 -9.417248e+01 -5.207717e-02 -3.187414e-01
43 -3.502583e-02 5.460175e-02 3.696992e-04 -5.845970e-04 -9.752883e+01 -9.734959e+01 -3.458060e-02 5.786556e-02
44 -9.070840e-02 -1.906691e-01 3.335505e-04 6.959351e-04 -9.884741e+01 -9.903909e+01 -8.904558e-02 -1.779734e-01
45 -2.778940e-02 -7.069719e-02 4.308625e-05 1.077486e-04 -9.965488e+01 -9.973656e+01 -2.857786e-02 -6.565841e-02
46 -6.683217e-02 3.250877e-02 1.248608e-04 -6.104395e-05 -9.963059e+01 -9.943243e+01 -6.615607e-02 3.312808e-02
47 -4.772312e-02 -2.191353e-01 1.981093e-04 9.229713e-04 -9.915141e+01 -9.950431e+01 -4.733451e-02 -2.359520e-01
48 -6.371611e-02 2.160067e-01 1.236999e-03 -1.247578e-03 -9.326707e+01 -9.320087e+01 -6.308481e-02 -2.207627e-01
49 -5.828462e-02 -1.713978e-01 6.459866e-03 2.273169e-02 -7.784184e+01 -7.801918e+01 -3.838554e-02 -9.608729e-02
50 -4.840684e-02 -6.270861e-01 1.652117e-02 5.986713e-02 -5.446285e+01 -5.464041e+01 -6.083878e-03 -2.792317e-01
51 -4.352935e-02 -7.394442e-02 1.576570e-02 -7.121442e-02 -4.625306e+01 -4.613153e+01 -7.309576e-03 -2.175071e-01
52 4.411509e-03 3.341412e-01 1.439568e-02 5.760700e-02 -5.451152e+01 -5.478282e+01 -1.369357e-02 -3.059795e-01
53 -7.952091e-02 -4.565870e-01 2.882559e-02 1.232895e-01 -4.360613e+01 -4.385707e+01 1.174108e-02 -5.481354e-01
54 -5.998183e-02 4.379215e-01 2.572432e-02 -8.705985e-03 -4.392179e+01 -4.386778e+01 5.798045e-03 -3.080696e-02
55 -4.880114e-02 -6.712719e-02 1.396165e-02 4.881876e-02 -5.690565e+01 -5.709101e+01 -1.937098e-02 -2.034213e-01
56 -5.057391e-02 -8.540723e-02 3.366057e-03 6.719335e-03 -8.424853e+01 -8.434502e+01 -4.272543e-02 -8.695168e-02
57 -6.769670e-02 1.006241e-01 5.879281e-04 -8.105110e-04 -9.778856e+01 -9.748600e+01 -6.635593e-02 5.838812e-02
58 -5.460486e-02 3.743094e-01 1.705631e-04 -1.158982e-03 -9.915733e+01 -9.831924e+01 -5.406801e-02 3.515887e-01
59 -4.087826e-02 -4.650677e-01 7.902536e-05 8.969010e-04 -9.948325e+01 -1.003229e+02 -4.061747e-02 -4.554040e-01
60 -7.937243e-02 7.949719e-02 6.817149e-05 -6.628859e-05 -9.977301e+01 -9.946515e+01 -7.932240e-02 6.576547e-02
61 -5.961185e-02 -7.061827e-03 2.482549e-05 2.919930e-06 -9.997563e+01 -9.987041e+01 -5.960389e-02 -6.760066e-03
62 -5.132413e-02 1.827740e-01 3.544284e-05 -1.259659e-04 -9.994387e+01 -9.947782e+01 -5.121901e-02 1.802265e-01
63 -5.479080e-02 -6.196427e-01 1.395685e-04 1.597898e-03 -9.924868e+01 -1.003975e+02 -5.423115e-02 -6.457012e-01
64 -4.748909e-02 -4.317740e-02 3.988662e-04 4.079852e-04 -9.841687e+01 -9.842903e+01 -4.650733e-02 -7.126880e-02
65 -4.165860e-02 1.594880e-01 1.014936e-03 -2.862143e-03 -9.572578e+01 -9.549125e+01 -3.902225e-02 -4.628904e-02
66 -3.877795e-02 -1.794333e-01 2.142476e-03 1.110660e-02 -9.086728e+01 -9.119533e+01 -3.313523e-02 -2.454206e-01
67 -4.544323e-02 -1.478775e-01 3.911591e-03 1.677900e-02 -8.694875e+01 -8.727429e+01 -3.689395e-02 -2.920570e-01
68 -3.682903e-02 1.246432e-01 6.318759e-03 3.450040e-04 -7.324648e+01 -7.328407e+01 -1.590841e-02 -1.585247e-01
69 -4.958605e-02 -5.043390e-01 1.436543e-02 1.093270e-01 -5.929056e+01 -5.970124e+01 -1.304028e-02 -4.607008e-01
70 -4.343541e-02 4.158006e-01 1.345178e-02 -5.986886e-03 -5.801302e+01 -5.807277e+01 -9.793178e-03 -2.734829e-01
71 -4.717660e-02 -4.641791e-02 1.592651e-02 2.518613e-02 -5.354409e+01 -5.358518e+01 -9.857624e-03 -1.236735e-01
72 -3.896584e-02 -1.169396e-02 1.155823e-02 6.843640e-02 -6.038096e+01 -6.068510e+01 -6.756912e-03 -2.952314e-01
73 -4.444116e-02 -8.158329e-01 1.690759e-02 1.553652e-01 -4.817284e+01 -4.853943e+01 -6.398753e-03 -3.682887e-01
74 -1.137939e-01 -2.964056e-02 1.041155e-02 -6.451412e-02 -6.820888e+01 -6.784132e+01 -7.541505e-02 -4.440335e-01
75 -5.579475e-02 9.121084e-02 2.948124e-04 -3.734934e-04 -9.881095e+01 -9.859755e+01 -5.544323e-02 -1.591148e-02
76 -4.680524e-02 -2.570753e-01 2.117925e-04 1.164529e-03 -9.916499e+01 -9.958418e+01 -4.660857e-02 -2.578113e-01
77 -5.218108e-02 -1.274833e-01 8.310464e-05 2.021759e-04 -9.973849e+01 -9.988650e+01 -5.199666e-02 -1.238160e-01
78 -5.734833e-02 -9.033664e-02 2.227571e-05 3.600024e-05 -9.999649e+01 -1.000718e+02 -5.731241e-02 -1.041763e-01
79 -4.038859e-02 -5.445659e-02 1.599892e-05 2.161068e-05 -1.000076e+02 -1.000361e+02 -4.035122e-02 -5.499626e-02
80 -3.986401e-02 -2.013206e-01 2.830260e-05 1.430761e-04 -9.994376e+01 -1.002670e+02 -3.977633e-02 -2.020769e-01
81 -3.819722e-02 -2.765766e-01 4.223633e-05 3.056545e-04 -9.985852e+01 -1.003337e+02 -3.809883e-02 -2.749557e-01
82 -4.549777e-02 5.783707e-01 8.203876e-05 -1.021879e-03 -9.970073e+01 -9.850187e+01 -4.544992e-02 5.101018e-01
83 -5.127446e-02 4.828240e-01 2.844534e-04 -2.529061e-03 -9.872392e+01 -9.776930e+01 -5.085338e-02 3.339726e-01
84 -3.320168e-02 -3.384659e-01 5.733275e-04 5.770701e-03 -9.642069e+01 -9.699519e+01 -3.203855e-02 -2.926577e-01
85 -4.975812e-02 -2.355880e-01 1.397420e-03 6.149922e-03 -9.299975e+01 -9.329741e+01 -4.753630e-02 -1.618817e-01
86 -4.253006e-02 -1.006239e-01 1.066880e-03 2.459214e-03 -9.314764e+01 -9.324537e+01 -3.903213e-02 -6.886098e-02
87 -5.243757e-02 9.901158e-01 1.905299e-03 -2.866079e-02 -8.979751e+01 -8.855057e+01 -4.537712e-02 1.088713e-01
88 -3.553541e-02 -1.066984e-01 1.334106e-03 4.729479e-03 -9.045571e+01 -9.064009e+01 -2.960359e-02 -1.386993e-01
89 -6.279699e-02 -2.661354e-02 1.505913e-03 1.088107e-03 -9.457309e+01 -9.457208e+01 -5.778095e-02 -1.153825e-01
90 -5.641380e-02 2.191272e-01 2.218454e-04 -8.205121e-04 -9.913999e+01 -9.863469e+01 -5.575348e-02 1.570486e-01
91 -4.528737e-02 -6.647194e-02 2.260917e-05 3.327042e-05 -9.998013e+01 -1.000231e+02 -4.523217e-02 -6.740969e-02
92 -5.505256e-02 4.329479e-01 1.797509e-05 -1.410376e-04 -1.000109e+02 -9.903949e+01 -5.502643e-02 4.268357e-01
93 -4.940496e-02 -1.204704e-02 8.012389e-06 1.950551e-06 -1.000558e+02 -9.998104e+01 -4.938082e-02 -1.192216e-02
94 -5.190653e-02 -3.701023e-01 3.454121e-06 2.462476e-05 -1.000779e+02 -1.007140e+02 -5.189826e-02 -3.697096e-01
95 -4.967038e-02 -6.018770e-02 1.325689e-06 1.606297e-06 -1.000916e+02 -1.001127e+02 -4.966770e-02 -6.016276e-02
96 -4.902846e-02 2.118497e-02 2.397626e-06 -1.032960e-06 -1.000880e+02 -9.994780e+01 -4.902101e-02 2.080881e-02
97 -4.891537e-02 -1.163472e-01 5.656819e-06 1.348988e-05 -1.000777e+02 -1.002138e+02 -4.890609e-02 -1.181317e-01
98 -4.098985e-02 9.974568e-03 1.498621e-05 -3.582275e-06 -1.000183e+02 -9.991716e+01 -4.095038e-02 8.911158e-03
99 -3.831550e-02 3.611221e-01 4.795119e-05 -4.498308e-04 -9.984591e+01 -9.905537e+01 -3.821237e-02 3.501239e-01
100 -3.065350e-02 -1.958916e-01 8.866691e-05 5.684050e-04 -9.962346e+01 -9.995488e+01 -3.043755e-02 -1.981902e-01
101 -4.558541e-02 -7.947187e-01 2.475448e-04 4.244613e-03 -9.881207e+01 -1.002421e+02 -4.489392e-02 -7.065129e-01
102 -4.323337e-02 6.640906e-02 3.918610e-04 -5.743343e-04 -9.755652e+01 -9.735519e+01 -4.144481e-02 4.409254e-02
103 -4.639859e-02 -3.594562e-01 7.387600e-04 5.217440e-03 -9.650687e+01 -9.699819e+01 -4.511963e-02 -1.879877e-01
104 -3.293159e-02 -2.753731e-01 4.875604e-04 4.025490e-03 -9.631166e+01 -9.676552e+01 -3.138072e-02 -2.368511e-01
105 -4.744087e-02 1.847934e-01 5.663462e-04 -1.913033e-03 -9.730621e+01 -9.694737e+01 -4.507995e-02 5.080628e-02
106 -4.182279e-02 1.441508e-01 1.032697e-03 -3.456843e-03 -9.545167e+01 -9.511063e+01 -3.951734e-02 1.123332e-01
107 -5.575190e-02 -2.518346e-01 1.433963e-04 6.484977e-04 -9.957143e+01 -9.996243e+01 -5.520116e-02 -2.510912e-01
108 -4.793206e-02 -1.199758e-01 1.036844e-04 2.617723e-04 -9.959694e+01 -9.974447e+01 -4.762034e-02 -1.253043e-01
109 -5.708815e-02 -9.097972e-02 6.249714e-05 1.039896e-04 -9.977031e+01 -9.985371e+01 -5.685527e-02 -1.137192e-01
110 -4.445964e-02 -9.681870e-02 1.145062e-04 2.474624e-04 -9.944596e+01 -9.954713e+01 -4.409656e-02 -9.161068e-02
111 -7.254841e-02 4.324213e-01 4.247081e-05 -2.512589e-04 -9.981028e+01 -9.881651e+01 -7.218526e-02 4.112510e-01
112 -9.113350e-02 3.205945e-01 3.688468e-06 -1.297270e-05 -1.000903e+02 -9.926755e+01 -9.110138e-02 3.200677e-01
113 -5.217434e-02 -7.712740e-02 1.175958e-06 1.738721e-06 -1.000949e+02 -1.001448e+02 -5.217095e-02 -7.721415e-02
114 -3.808790e-02 -1.190180e-01 6.627377e-07 2.070945e-06 -1.000861e+02 -1.002479e+02 -3.808587e-02 -1.190133e-01
115 -4.019986e-02 -3.857571e-02 1.559275e-06 1.497646e-06 -1.000881e+02 -1.000850e+02 -4.019532e-02 -3.878305e-02
116 -5.361789e-02 -5.450279e-01 9.006256e-06 9.138231e-05 -1.000590e+02 -1.010374e+02 -5.358800e-02 -5.387878e-01
117 -5.170941e-02 6.824360e-02 2.753201e-05 -3.586171e-05 -9.995794e+01 -9.972191e+01 -5.161300e-02 6.282003e-02
118 -5.012628e-02 1.730733e-01 4.536482e-05 -1.544437e-04 -9.986121e+01 -9.942539e+01 -4.998950e-02 1.582138e-01
