0 -7.187825e-02 -2.423354e-01 2.291135e-02 2.290719e-01 -1.078193e+01 -1.125800e+01 1.145509e-02 -1.997591e+00
1 -4.040632e-02 -3.614807e-02 1.780025e-01 7.282503e+01 -4.014026e-01 -4.537973e-01 2.686682e-01 9.748078e+01
2 5.026380e-02 8.990176e-01 3.081350e-01 3.203526e+01 -3.700385e-01 -3.866084e-01 5.257264e-01 7.080526e+01
3 -1.996226e-01 -6.614461e-01 2.365804e-01 3.777156e+01 -1.408633e+00 -1.726347e+00 2.773310e-01 7.762577e+01
4 -6.373828e-02 1.210663e-02 2.396101e-01 4.699533e+00 -2.048770e+00 -2.097628e+00 4.103762e-01 1.616382e+01
5 -7.286762e-02 2.557809e-01 1.654367e-01 6.737007e+00 -5.500814e+00 -5.919247e+00 2.263562e-01 1.705530e+01
6 -7.201307e-02 1.791643e+00 8.526267e-02 2.978983e-01 -1.755630e+01 -1.770369e+01 8.725999e-02 -3.479850e-01
7 -5.870258e-02 5.234782e-01 2.743178e-02 4.438709e-02 -3.849062e+01 -3.861738e+01 2.050731e-03 -4.853589e-01
8 -7.306655e-02 8.037209e-01 1.734282e-02 -4.977105e-04 -4.811018e+01 -4.798134e+01 -2.107551e-02 -9.825812e-03
9 -7.788931e-02 2.685574e+00 1.253258e-02 -4.116723e-02 -6.040744e+01 -6.009374e+01 -4.347336e-02 -3.334736e-01
10 -7.040036e-02 6.515735e-01 8.470825e-03 -8.027919e-04 -6.916715e+01 -6.929363e+01 -5.053140e-02 -3.185005e-01
11 -4.878816e-02 -3.599947e-03 1.276758e-02 1.690647e-02 -5.617565e+01 -5.619533e+01 -7.473694e-03 -3.750589e-02
12 -5.531582e-02 -1.797939e-02 4.785990e-02 1.120315e-01 -2.353682e+01 -2.361497e+01 4.133403e-02 -5.891318e-01
13 -5.020020e-02 -3.010821e-01 8.404871e-02 1.069489e+00 -8.253155e+00 -8.453339e+00 1.019439e-01 9.550339e-01
14 -4.254839e-02 -1.693503e-01 1.116346e-01 5.150028e+00 -3.994006e+00 -4.152854e+00 1.650542e-01 1.364230e+01
15 -5.991241e-02 -1.941857e-01 6.063373e-02 1.986177e-01 -1.416863e+01 -1.423199e+01 5.250269e-02 -5.329470e-01
16 -4.103292e-02 -6.819691e-01 6.223465e-02 2.329290e+00 -1.132226e+01 -1.203363e+01 6.988751e-02 -3.080814e+00
17 -5.942061e-02 1.527086e-01 1.043585e-01 1.412175e+00 -8.372699e+00 -8.530940e+00 1.457620e-01 2.979739e+00
18 -5.923704e-02 5.749984e-01 6.393182e-02 4.878835e-01 -2.038090e+01 -2.071318e+01 6.574558e-02 -7.255289e-01
19 -5.113492e-02 7.616688e-01 2.923205e-02 1.066219e-01 -3.434239e+01 -3.449564e+01 5.866200e-03 -3.040576e-01
20 -9.124327e-02 5.618453e-01 2.285854e-02 1.978438e-02 -5.146343e+01 -5.158845e+01 -2.150111e-02 -4.104189e-01
21 -6.404545e-02 1.891648e+00 9.352994e-03 1.575420e-02 -6.697928e+01 -6.724536e+01 -3.480489e-02 -2.848429e-01
22 -5.634920e-02 3.896529e-01 6.654780e-03 -9.571823e-04 -8.036303e+01 -8.036399e+01 -4.083575e-02 -3.127481e-02
23 -6.374607e-02 5.564214e-01 3.325248e-03 -1.655746e-02 -8.774421e+01 -8.731345e+01 -5.571512e-02 -1.493821e-01
24 -6.880548e-02 4.231307e+00 7.521634e-04 5.669306e-02 -6.499355e+01 -6.769896e+01 -4.817790e-02 5.826030e+00
25 -1.159402e-01 3.568175e+00 1.022597e-03 2.509863e-02 -7.276185e+01 -7.968019e+01 -1.387807e-01 1.405015e-01
26 -4.898683e-02 7.319001e-01 6.335236e-05 -9.275699e-04 -9.973658e+01 -9.823615e+01 -4.892932e-02 6.460032e-01
27 -6.011310e-02 -3.787793e-01 3.586939e-04 2.634873e-03 -9.727050e+01 -9.812036e+01 -5.990961e-02 -6.213218e-01
28 -4.793363e-02 1.599882e-01 1.595073e-03 -4.332759e-03 -9.310844e+01 -9.281186e+01 -4.337616e-02 5.558413e-02
29 -4.123851e-02 -2.706238e-02 4.605124e-03 8.480130e-03 -8.209444e+01 -8.219281e+01 -3.159758e-02 -1.097392e-01
30 -4.617187e-02 -1.606637e-01 5.835051e-03 3.001083e-02 -8.010531e+01 -8.044643e+01 -3.002206e-02 -1.704589e-01
31 -5.659807e-02 5.966754e-01 8.496983e-03 -2.022400e-02 -7.462035e+01 -7.453593e+01 -3.462595e-02 -2.445205e-01
32 -4.084390e-02 -8.083820e-02 1.543146e-02 4.219077e-02 -5.504509e+01 -5.519257e+01 -2.863371e-03 -3.282258e-01
33 -5.069717e-02 -2.451607e-01 3.903758e-02 2.589475e-01 -3.201632e+01 -3.235667e+01 3.068391e-02 -5.814351e-01
34 -4.460748e-02 -8.283720e-02 4.511687e-02 3.555859e-01 -1.666563e+01 -1.679844e+01 5.077037e-02 -4.261596e-02
35 -4.731224e-02 -3.348055e-01 7.625553e-02 1.093472e+00 -1.179061e+01 -1.204681e+01 9.915312e-02 1.131880e+00
36 -5.210379e-02 -1.658095e-01 8.308873e-02 1.853985e+00 -9.844094e+00 -1.022450e+01 9.964447e-02 3.870930e-01
37 -5.538506e-02 -4.433515e-01 6.504816e-02 1.047868e+00 -1.755624e+01 -1.810420e+01 6.983926e-02 -1.238003e+00
38 -4.218396e-02 9.641328e-03 8.254560e-02 2.473119e+00 -9.706976e+00 -1.009588e+01 1.117513e-01 4.136090e+00
39 -7.350921e-02 3.051791e-01 6.340519e-02 8.072873e-01 -1.990920e+01 -2.042101e+01 6.400187e-02 -1.234226e+00
40 -6.977671e-02 2.770038e-01 1.768381e-02 2.959771e-02 -5.565983e+01 -5.574359e+01 -1.225357e-02 -7.888301e-02
41 -7.658456e-02 -1.068791e-01 3.610312e-03 7.297726e-03 -8.882229e+01 -8.902026e+01 -5.854982e-02 -2.438793e-01
42 -5.650482e-02 -8.191478e-01 1.368396e-03 1.756178e-02 -9.299678e+01 -9.410502e+01 -5.207386e-02 -3.457233e-01
43 -3.641796e-02 1.127102e-01 3.637296e-04 -1.140959e-03 -9.764216e+01 -9.734344e+01 -3.581347e-02 1.179997e-01
44 -8.787915e-02 -3.778823e-02 3.018863e-04 1.408468e-04 -9.893357e+01 -9.884676e+01 -8.650871e-02 -5.392073e-02
45 -2.905794e-02 -7.321142e-02 4.256004e-05 1.065454e-04 -9.969413e+01 -9.978105e+01 -2.967627e-02 -7.204016e-02
46 -6.462344e-02 -1.596464e-01 1.137346e-04 2.799798e-04 -9.966141e+01 -9.984823e+01 -6.406042e-02 -1.549386e-01
47 -4.705887e-02 -1.524293e-01 1.882608e-04 6.154892e-04 -9.917756e+01 -9.939233e+01 -4.665655e-02 -1.593259e-01
48 -6.351957e-02 3.069257e-01 1.126695e-03 -2.965515e-03 -9.403759e+01 -9.376680e+01 -6.228785e-02 -1.223429e-01
49 -5.856467e-02 6.928178e-02 6.056509e-03 8.856513e-03 -7.873371e+01 -7.876878e+01 -3.996420e-02 -5.142453e-02
50 -4.871608e-02 -6.752349e-01 1.629883e-02 6.373048e-02 -5.435599e+01 -5.451784e+01 -5.833710e-03 -1.901411e-01
51 -4.279543e-02 -2.549585e-01 1.603930e-02 8.306000e-04 -4.516518e+01 -4.522297e+01 -6.882695e-03 -1.469542e-01
52 4.047938e-03 2.688543e-01 1.535193e-02 5.728679e-02 -5.315866e+01 -5.340554e+01 -1.246209e-02 -3.383053e-01
53 -7.969749e-02 -2.588322e-01 2.898333e-02 1.132668e-01 -4.248651e+01 -4.271725e+01 1.285634e-02 -5.766253e-01
54 -6.047627e-02 3.615052e-01 2.644478e-02 -2.045933e-02 -4.293783e+01 -4.283967e+01 7.375778e-03 3.294455e-02
55 -4.952352e-02 -1.426556e-01 1.404734e-02 5.922803e-02 -5.656326e+01 -5.675836e+01 -1.904256e-02 -1.166347e-01
56 -5.097336e-02 -4.565085e-02 3.218417e-03 3.971227e-03 -8.480950e+01 -8.483759e+01 -4.280859e-02 -4.486468e-02
57 -6.639224e-02 -7.386741e-02 5.482764e-04 5.980789e-04 -9.791782e+01 -9.792697e+01 -6.495026e-02 -6.432464e-02
58 -5.506226e-02 1.841672e-01 1.724833e-04 -5.709032e-04 -9.913975e+01 -9.867290e+01 -5.445312e-02 1.709893e-01
59 -4.138081e-02 -5.490014e-01 7.835099e-05 1.037053e-03 -9.949062e+01 -1.004956e+02 -4.111709e-02 -5.377735e-01
60 -7.837013e-02 -7.021284e-02 6.420116e-05 5.880482e-05 -9.978837e+01 -9.977832e+01 -7.832121e-02 -7.941522e-02
61 -5.993310e-02 1.404439e-01 2.317850e-05 -5.417951e-05 -9.998666e+01 -9.958762e+01 -5.991412e-02 1.383022e-01
62 -5.067023e-02 1.714581e-01 3.228420e-05 -1.090243e-04 -9.995692e+01 -9.951463e+01 -5.057692e-02 1.690965e-01
63 -5.369751e-02 -6.448144e-01 1.271810e-04 1.539305e-03 -9.931849e+01 -1.005107e+02 -5.321200e-02 -6.585019e-01
64 -4.762118e-02 1.746752e-01 3.740463e-04 -1.309969e-03 -9.854200e+01 -9.813409e+01 -4.667279e-02 1.280128e-01
65 -4.231056e-02 1.732823e-01 9.971900e-04 -3.056139e-03 -9.581952e+01 -9.556271e+01 -3.959200e-02 -3.906371e-02
66 -3.878858e-02 -2.186196e-01 2.131550e-03 1.200034e-02 -9.074522e+01 -9.107228e+01 -3.300427e-02 -1.937867e-01
67 -4.453667e-02 -2.328136e-01 3.760244e-03 2.127181e-02 -8.727779e+01 -8.767392e+01 -3.614176e-02 -2.781950e-01
68 -3.669081e-02 2.370846e-01 6.246412e-03 -1.413133e-02 -7.320780e+01 -7.313807e+01 -1.545470e-02 -1.193322e-01
69 -4.966448e-02 -4.421363e-01 1.465520e-02 1.359178e-01 -5.850547e+01 -5.907483e+01 -1.205381e-02 -5.378061e-01
70 -4.269324e-02 3.077318e-01 1.369754e-02 -1.389152e-02 -5.678315e+01 -5.676697e+01 -8.239175e-03 -2.143729e-01
71 -4.648729e-02 1.098990e-01 1.653140e-02 -5.675498e-03 -5.197911e+01 -5.191908e+01 -8.120938e-03 -1.119609e-01
72 -3.922331e-02 -3.148840e-02 1.222958e-02 9.880227e-02 -5.873685e+01 -5.913992e+01 -5.091681e-03 -3.368631e-01
73 -4.528657e-02 -4.335266e-01 1.758871e-02 1.132923e-01 -4.721223e+01 -4.748660e+01 -5.280114e-03 -4.485130e-01
74 -1.138971e-01 -9.521191e-01 9.953606e-03 -1.507851e-02 -6.907674e+01 -6.926848e+01 -7.457368e-02 -4.649755e-01
75 -5.518418e-02 2.002004e-01 3.027327e-04 -9.796833e-04 -9.876394e+01 -9.834007e+01 -5.475665e-02 8.618592e-02
76 -4.720668e-02 -3.485655e-01 2.172812e-04 1.601922e-03 -9.914061e+01 -9.973734e+01 -4.694108e-02 -3.437222e-01
77 -5.216717e-02 -2.530883e-01 8.064756e-05 3.902393e-04 -9.974648e+01 -1.001445e+02 -5.198159e-02 -2.482415e-01
78 -5.712234e-02 -2.456367e-01 2.132245e-05 9.236578e-05 -1.000020e+02 -1.003859e+02 -5.708850e-02 -2.561976e-01
79 -4.051129e-02 -6.084887e-02 1.559238e-05 2.343715e-05 -1.000098e+02 -1.000506e+02 -4.047217e-02 -6.105523e-02
80 -4.012633e-02 -2.484011e-01 2.849142e-05 1.763867e-04 -9.994346e+01 -1.003595e+02 -4.003446e-02 -2.479274e-01
81 -3.870980e-02 -2.552996e-01 4.408689e-05 2.907944e-04 -9.984992e+01 -1.002823e+02 -3.860091e-02 -2.547408e-01
82 -4.439350e-02 5.502670e-01 7.928041e-05 -9.653252e-04 -9.972182e+01 -9.857406e+01 -4.429034e-02 4.923548e-01
83 -5.151018e-02 6.329869e-01 2.737362e-04 -3.209330e-03 -9.879041e+01 -9.754613e+01 -5.104313e-02 4.702761e-01
84 -3.160432e-02 -2.418574e-01 5.407777e-04 4.047991e-03 -9.645480e+01 -9.684189e+01 -3.051647e-02 -1.979456e-01
85 -4.973031e-02 -1.588981e-01 1.452351e-03 4.252178e-03 -9.268419e+01 -9.284747e+01 -4.716027e-02 -1.057612e-01
86 -4.218140e-02 -2.399445e-03 1.116401e-03 3.036442e-04 -9.267687e+01 -9.263457e+01 -3.835781e-02 -4.587380e-02
87 -5.177189e-02 7.449612e-01 1.968193e-03 -2.339379e-02 -8.924433e+01 -8.823565e+01 -4.384854e-02 1.102027e-01
88 -3.602717e-02 -1.430757e-02 1.438361e-03 1.933302e-03 -8.984359e+01 -8.990940e+01 -2.941167e-02 -1.193364e-01
89 -6.267221e-02 -1.485515e-01 1.538371e-03 3.996063e-03 -9.441457e+01 -9.462780e+01 -5.739762e-02 -2.038962e-01
90 -5.703866e-02 3.156916e-01 2.185959e-04 -1.164546e-03 -9.917161e+01 -9.847892e+01 -5.634962e-02 2.445816e-01
91 -4.550553e-02 -1.313714e-01 2.326788e-05 6.720467e-05 -9.997658e+01 -1.001484e+02 -4.544448e-02 -1.315695e-01
92 -5.506447e-02 5.117274e-01 1.844645e-05 -1.710215e-04 -1.000068e+02 -9.887881e+01 -5.503291e-02 5.042096e-01
93 -4.944669e-02 -2.248625e-01 7.987061e-06 3.629686e-05 -1.000555e+02 -1.004056e+02 -4.942140e-02 -2.238245e-01
94 -5.145600e-02 -3.368592e-01 3.333251e-06 2.181717e-05 -1.000777e+02 -1.006481e+02 -5.144807e-02 -3.364253e-01
95 -4.983358e-02 2.911979e-01 1.313315e-06 -7.673276e-06 -1.000921e+02 -9.941026e+01 -4.983080e-02 2.909636e-01
96 -4.824463e-02 -2.720369e-01 2.367886e-06 1.335307e-05 -1.000863e+02 -1.005340e+02 -4.823711e-02 -2.721507e-01
97 -4.791088e-02 1.175975e-01 5.330760e-06 -1.304522e-05 -1.000778e+02 -9.974827e+01 -4.790163e-02 1.154674e-01
98 -4.128638e-02 1.381819e-01 1.448881e-05 -4.837817e-05 -1.000221e+02 -9.966472e+01 -4.124540e-02 1.360933e-01
99 -3.755452e-02 1.951334e-01 4.549549e-05 -2.348470e-04 -9.985080e+01 -9.939146e+01 -3.745050e-02 1.869857e-01
100 -3.075565e-02 -1.819621e-01 8.860054e-05 5.252029e-04 -9.962272e+01 -9.992512e+01 -3.052674e-02 -1.827300e-01
101 -4.536368e-02 -6.925234e-01 2.485563e-04 3.731590e-03 -9.881938e+01 -1.000539e+02 -4.465006e-02 -6.152908e-01
102 -4.297019e-02 7.540950e-02 3.988292e-04 -6.441257e-04 -9.748637e+01 -9.727945e+01 -4.099623e-02 3.790128e-02
103 -4.639055e-02 -4.001410e-01 7.781816e-04 6.030176e-03 -9.629545e+01 -9.683108e+01 -4.480071e-02 -1.807570e-01
104 -3.274945e-02 -2.631740e-01 5.182844e-04 4.064096e-03 -9.605155e+01 -9.646958e+01 -3.087839e-02 -2.090886e-01
105 -4.701363e-02 6.873348e-02 5.998990e-04 -5.158804e-04 -9.705539e+01 -9.693644e+01 -4.448065e-02 -7.687707e-02
106 -4.312058e-02 1.140569e-01 1.122087e-03 -2.684266e-03 -9.517952e+01 -9.491966e+01 -4.037469e-02 4.927851e-02
107 -5.600331e-02 -2.490661e-01 1.486478e-04 6.608318e-04 -9.955620e+01 -9.993951e+01 -5.541107e-02 -2.458535e-01
108 -4.710555e-02 -2.321035e-01 1.092656e-04 5.413958e-04 -9.955982e+01 -9.993309e+01 -4.676832e-02 -2.380473e-01
109 -5.673594e-02 -1.584683e-01 6.706181e-05 1.913718e-04 -9.973773e+01 -9.995404e+01 -5.648147e-02 -1.774248e-01
110 -4.404977e-02 -2.266846e-01 1.214232e-04 6.201431e-04 -9.940486e+01 -9.976102e+01 -4.365281e-02 -2.145294e-01
111 -7.164364e-02 3.119082e-01 4.279955e-05 -1.845901e-04 -9.980259e+01 -9.904965e+01 -7.128284e-02 2.931525e-01
112 -9.119165e-02 2.323914e-01 3.901855e-06 -9.939626e-06 -1.000905e+02 -9.944402e+01 -9.115713e-02 2.317707e-01
113 -5.279199e-02 -2.008062e-01 1.218458e-06 4.634881e-06 -1.000958e+02 -1.003918e+02 -5.278782e-02 -2.008416e-01
114 -3.749244e-02 4.360895e-03 6.616480e-07 -7.697230e-08 -1.000853e+02 -1.000016e+02 -3.749043e-02 4.364702e-03
115 -3.964060e-02 -2.557394e-02 1.597136e-06 1.032135e-06 -1.000871e+02 -1.000591e+02 -3.963583e-02 -2.583143e-02
116 -5.332818e-02 -5.299915e-01 8.775377e-06 8.707371e-05 -1.000609e+02 -1.010105e+02 -5.329784e-02 -5.246469e-01
117 -5.189750e-02 1.519715e-02 2.773511e-05 -7.578019e-06 -9.995741e+01 -9.982746e+01 -5.179831e-02 9.116975e-03
118 -5.002148e-02 2.223076e-01 4.749618e-05 -2.084509e-04 -9.984786e+01 -9.931547e+01 -4.987256e-02 2.051681e-01
