0 -7.022878e-02 -1.566184e-01 2.337313e-02 1.023728e+00 -8.028865e+00 -8.583290e+00 1.418546e-02 -9.880259e-01
1 -3.404190e-02 -8.377063e-02 2.517692e-01 9.168366e+01 -8.583694e-02 -8.884890e-02 4.508671e-01 9.982267e+01
2 4.557529e-02 -4.213830e-01 3.393012e-01 -2.757153e+00 -2.827695e-01 -2.854067e-01 6.309400e-01 2.314531e+01
3 -2.324184e-01 -3.413813e-01 2.204904e-01 8.155177e+00 -1.741983e+00 -1.906142e+00 3.181662e-01 2.848305e+01
4 -6.470196e-02 6.629555e-01 1.856729e-01 2.043593e+00 -3.941057e+00 -4.036151e+00 2.864483e-01 6.725295e+00
5 -7.355672e-02 4.124865e-01 1.267679e-01 2.072195e+00 -1.025224e+01 -1.058295e+01 1.684875e-01 2.903154e+00
6 -6.262397e-02 3.717598e-01 4.695535e-02 -1.271342e-02 -2.838771e+01 -2.838992e+01 3.439694e-02 -5.779396e-01
7 -6.169721e-02 2.116361e-01 1.743878e-02 -8.680943e-03 -4.777620e+01 -4.762873e+01 -1.694040e-02 6.519602e-02
8 -7.079874e-02 1.167435e+00 9.905322e-03 -2.939383e-02 -5.880765e+01 -5.871920e+01 -3.342308e-02 -2.015132e-01
9 -7.520753e-02 1.435240e-01 6.019566e-03 8.610070e-03 -7.384259e+01 -7.381504e+01 -5.496437e-02 -1.569839e-02
10 -6.068522e-02 5.999598e-01 3.876322e-03 -2.581045e-02 -8.047444e+01 -7.989198e+01 -5.013555e-02 -1.408030e-01
11 -4.606244e-02 -1.862320e-01 5.982514e-03 1.865118e-02 -6.967959e+01 -6.979837e+01 -2.076696e-02 -1.171292e-01
12 -5.569776e-02 1.590902e-01 3.018992e-02 -6.649291e-02 -2.884018e+01 -2.872590e+01 1.336459e-02 -2.036422e-02
13 -4.976894e-02 2.972492e-01 8.091652e-02 2.711120e+00 -8.860442e+00 -9.306980e+00 1.003657e-01 3.148994e+00
14 -4.446622e-02 1.281320e-01 1.218331e-01 6.764159e+00 -3.398073e+00 -3.567391e+00 1.842878e-01 1.992805e+01
15 -6.046470e-02 2.103244e-02 6.628200e-02 4.992758e-01 -1.127686e+01 -1.142250e+01 6.115867e-02 -6.692052e-01
16 -4.490054e-02 -4.552728e-01 6.651463e-02 4.583858e+00 -7.166696e+00 -7.813323e+00 7.180036e-02 4.397573e+00
17 -5.450527e-02 -4.939541e-02 1.256811e-01 2.182639e+00 -5.524443e+00 -5.642998e+00 1.822259e-01 5.919484e+00
18 -5.731143e-02 3.586271e-02 5.630943e-02 1.184339e-01 -1.946313e+01 -1.953420e+01 5.173383e-02 -5.463444e-01
19 -5.047453e-02 1.691064e+00 2.591853e-02 -2.010997e-02 -3.505151e+01 -3.500255e+01 -3.267257e-03 -6.189232e-02
20 -1.089250e-01 6.645559e-01 2.052964e-02 1.508843e-01 -4.983217e+01 -5.036566e+01 -2.699406e-02 -3.514861e-01
21 -6.592717e-02 9.129384e-01 7.536619e-03 2.823489e-02 -6.813923e+01 -6.836637e+01 -3.991932e-02 -1.599007e-01
22 -6.092465e-02 9.605166e-03 4.319221e-03 1.822424e-02 -8.610386e+01 -8.657970e+01 -5.022265e-02 -2.830611e-01
23 -6.657010e-02 1.821924e-01 1.543152e-03 -2.699349e-03 -9.310809e+01 -9.283731e+01 -6.241306e-02 5.418040e-03
24 -6.652397e-02 1.646147e+00 3.347505e-04 1.202072e-02 -7.740196e+01 -8.402657e+01 -5.537773e-02 -1.873030e+00
25 -1.067217e-01 5.529996e-01 3.811495e-04 5.568707e-03 -8.639448e+01 -9.171241e+01 -1.224018e-01 -5.275716e+00
26 -4.908248e-02 -2.650147e-01 2.748594e-05 1.494191e-04 -9.996166e+01 -1.004002e+02 -4.899873e-02 -2.751808e-01
27 -6.104132e-02 2.641437e-01 1.460944e-04 -4.933057e-04 -9.879353e+01 -9.836727e+01 -6.100548e-02 -3.143224e-02
28 -5.423767e-02 7.004171e-01 1.038831e-03 -1.147844e-02 -9.461270e+01 -9.352281e+01 -4.994622e-02 2.624858e-01
29 -4.090720e-02 -1.501061e-01 4.131575e-03 -6.911717e-04 -8.029943e+01 -8.014973e+01 -2.777353e-02 -1.503841e-03
30 -4.302005e-02 -2.227809e-01 5.363018e-03 2.034328e-02 -7.903898e+01 -7.918187e+01 -2.458584e-02 -6.345448e-02
31 -5.310409e-02 -1.821637e-01 6.317808e-03 2.827879e-02 -7.903619e+01 -7.935780e+01 -3.399698e-02 -2.359527e-01
32 -4.141134e-02 1.842537e-01 1.126789e-02 6.171165e-05 -6.184070e+01 -6.182815e+01 -1.070114e-02 -1.265155e-01
33 -4.678406e-02 4.426051e-01 2.798513e-02 1.304662e-01 -3.869197e+01 -3.893241e+01 1.479043e-02 -3.052963e-01
34 -4.526559e-02 -2.122103e-01 4.078494e-02 9.752948e-01 -1.702745e+01 -1.747175e+01 4.613386e-02 -2.873310e-01
35 -4.465998e-02 -1.996258e-01 8.487501e-02 1.362807e+00 -8.479351e+00 -8.643934e+00 1.146702e-01 1.816117e+00
36 -5.166076e-02 2.201560e-01 8.627233e-02 9.552591e-01 -7.686577e+00 -7.823032e+00 1.077457e-01 5.900375e-01
37 -5.553620e-02 -1.847121e-02 7.501912e-02 1.287391e+00 -1.148658e+01 -1.198586e+01 8.410313e-02 -2.030080e+00
38 -4.145984e-02 -2.146448e-01 9.563363e-02 4.498210e+00 -6.055967e+00 -6.384591e+00 1.360455e-01 1.067780e+01
39 -8.271292e-02 1.714688e-01 6.007639e-02 5.742997e-01 -2.029995e+01 -2.068736e+01 5.748455e-02 -1.303655e+00
40 -6.368458e-02 1.281919e-01 1.096030e-02 -4.898056e-03 -6.423554e+01 -6.419998e+01 -1.906217e-02 -1.390148e-01
41 -8.610259e-02 2.726331e-01 3.726237e-03 -7.790694e-03 -8.815957e+01 -8.783307e+01 -5.911302e-02 -8.708093e-02
42 -5.736973e-02 -1.617181e-01 1.120614e-03 2.850823e-03 -9.365141e+01 -9.378867e+01 -5.242196e-02 -6.320099e-02
43 -4.484287e-02 -9.510573e-02 2.645849e-04 5.410871e-04 -9.843898e+01 -9.852504e+01 -4.404298e-02 -7.501173e-02
44 -6.846401e-02 -9.219559e-01 1.346574e-04 1.793581e-03 -9.942096e+01 -1.010805e+02 -6.824796e-02 -8.604893e-01
45 -3.785951e-02 -1.395061e-01 3.766189e-05 1.392312e-04 -9.986201e+01 -1.000668e+02 -3.780057e-02 -1.419881e-01
46 -5.061960e-02 1.359345e-01 5.280589e-05 -1.403526e-04 -9.985273e+01 -9.948604e+01 -5.045284e-02 1.272001e-01
47 -4.388581e-02 -1.381070e-03 1.207814e-04 6.583166e-06 -9.942289e+01 -9.934241e+01 -4.348424e-02 -7.235777e-03
48 -5.749763e-02 7.337369e-01 5.396352e-04 -6.153806e-03 -9.750656e+01 -9.624974e+01 -5.571558e-02 3.266358e-01
49 -5.984648e-02 8.184999e-01 3.396228e-03 -1.562119e-02 -8.554754e+01 -8.529233e+01 -4.860591e-02 -1.643447e-01
50 -4.999412e-02 -1.256010e-01 1.380278e-02 1.747347e-02 -5.511121e+01 -5.532130e+01 -7.321179e-03 -4.790020e-01
51 -3.815682e-02 -9.126874e-01 1.836703e-02 1.285882e-01 -3.906874e+01 -3.927054e+01 -1.589158e-03 -1.312186e-01
52 2.774026e-03 2.576240e-02 2.032339e-02 1.390075e-01 -4.398741e+01 -4.431314e+01 -2.726729e-03 -3.862896e-01
53 -8.013978e-02 -1.693419e-01 3.195606e-02 1.719143e-01 -3.507234e+01 -3.536544e+01 2.135670e-02 -7.902045e-01
54 -6.444204e-02 1.298654e-01 3.125351e-02 -3.642066e-02 -3.708555e+01 -3.697583e+01 1.606941e-02 -1.367966e-03
55 -5.199214e-02 7.795025e-03 1.321931e-02 4.442075e-02 -5.616299e+01 -5.638401e+01 -2.066989e-02 -2.669671e-01
56 -5.183167e-02 2.452001e-01 2.051391e-03 -7.553465e-03 -8.969423e+01 -8.933346e+01 -4.468048e-02 2.921234e-03
57 -6.422164e-02 -6.339158e-03 3.967918e-04 6.784240e-05 -9.817174e+01 -9.807572e+01 -6.271787e-02 -3.106655e-02
58 -5.333921e-02 2.745728e-01 1.563513e-04 -7.943216e-04 -9.908785e+01 -9.845226e+01 -5.266720e-02 2.500504e-01
59 -4.663720e-02 2.556195e-02 6.763056e-05 -3.402943e-05 -9.961562e+01 -9.948015e+01 -4.636139e-02 1.310315e-02
60 -7.006288e-02 3.675187e-01 3.514261e-05 -1.824050e-04 -9.990993e+01 -9.905117e+01 -7.006007e-02 3.445536e-01
61 -5.901637e-02 -3.382793e-01 1.152246e-05 6.601889e-05 -1.000463e+02 -1.006040e+02 -5.899180e-02 -3.372979e-01
62 -4.750228e-02 -1.853236e-01 1.495250e-05 5.841429e-05 -1.000301e+02 -1.003065e+02 -4.744872e-02 -1.866181e-01
63 -4.784911e-02 -1.226283e+00 5.913283e-05 1.512311e-03 -9.974216e+01 -1.020805e+02 -4.760906e-02 -1.203276e+00
64 -4.630277e-02 7.752217e-02 2.040113e-04 -3.048099e-04 -9.927292e+01 -9.906000e+01 -4.568461e-02 2.916150e-02
65 -4.675083e-02 3.651835e-01 7.955811e-04 -5.017115e-03 -9.668403e+01 -9.614410e+01 -4.416019e-02 1.556671e-02
66 -4.143820e-02 -3.161378e-01 2.174545e-03 1.590181e-02 -8.954438e+01 -8.999687e+01 -3.294627e-02 -2.559853e-01
67 -4.188746e-02 3.124703e-02 3.183335e-03 1.202486e-04 -8.827042e+01 -8.823879e+01 -3.363274e-02 -7.201906e-02
68 -3.628611e-02 2.038855e-01 5.635271e-03 -1.165868e-02 -7.409912e+01 -7.406718e+01 -1.468418e-02 -1.824883e-01
69 -5.050930e-02 -1.979762e-01 1.652567e-02 1.251301e-01 -5.466680e+01 -5.508309e+01 -6.657723e-03 -4.449759e-01
70 -4.350838e-02 -3.006928e-01 1.658041e-02 -1.803389e-02 -4.886031e+01 -4.876051e+01 2.454394e-04 -2.754370e-03
71 -4.747557e-02 -8.829987e-02 2.241976e-02 1.212071e-01 -4.211702e+01 -4.237856e+01 2.478025e-03 -4.239159e-01
72 -3.900598e-02 9.232711e-02 1.665532e-02 9.622510e-02 -4.756419e+01 -4.785919e+01 5.229342e-03 -5.647911e-01
73 -4.860324e-02 6.196868e-02 2.115428e-02 1.656714e-01 -4.198933e+01 -4.246410e+01 3.565621e-03 -8.169776e-01
74 -1.367763e-01 -3.686118e+00 6.848597e-03 1.470257e-01 -7.719059e+01 -7.936647e+01 -7.158372e-02 6.239669e-01
75 -5.088308e-02 1.438566e-01 3.470387e-04 -8.445791e-04 -9.850400e+01 -9.819617e+01 -4.994551e-02 3.603025e-02
76 -4.694204e-02 1.446649e-02 2.246786e-04 -6.554575e-05 -9.901410e+01 -9.889543e+01 -4.642497e-02 9.761660e-03
77 -5.286480e-02 4.751018e-01 5.884737e-05 -5.266603e-04 -9.982665e+01 -9.878127e+01 -5.268653e-02 4.617202e-01
78 -5.525287e-02 -4.048066e-01 1.406851e-05 1.032180e-04 -1.000340e+02 -1.007350e+02 -5.521146e-02 -4.079061e-01
79 -4.079327e-02 -5.094629e-03 1.132265e-05 1.446614e-06 -1.000256e+02 -9.995470e+01 -4.075823e-02 -5.791943e-03
80 -4.092811e-02 -2.578644e-01 2.734357e-05 1.721088e-04 -9.994480e+01 -1.003770e+02 -4.080956e-02 -2.556245e-01
81 -4.101219e-02 -9.911825e-02 5.528855e-05 1.339683e-04 -9.978330e+01 -9.990017e+01 -4.081034e-02 -1.001598e-01
82 -3.471537e-02 -4.183290e-01 6.297266e-05 7.582537e-04 -9.971766e+01 -1.004807e+02 -3.449979e-02 -4.138334e-01
83 -4.899482e-02 -2.445581e-01 1.881479e-04 9.769956e-04 -9.922337e+01 -9.964942e+01 -4.849422e-02 -2.947191e-01
84 -2.440168e-02 -3.223792e-01 3.538560e-04 4.568527e-03 -9.698799e+01 -9.754300e+01 -2.396825e-02 -2.736574e-01
85 -4.978460e-02 -1.111958e-01 1.774277e-03 3.319871e-03 -9.076461e+01 -9.082305e+01 -4.534417e-02 -5.606113e-02
86 -4.294045e-02 3.274336e-01 1.629281e-03 -9.819695e-03 -8.882192e+01 -8.839993e+01 -3.516009e-02 -5.498298e-02
87 -5.101259e-02 -4.173950e-01 2.615785e-03 2.226136e-02 -8.467483e+01 -8.533599e+01 -3.875182e-02 -3.659052e-01
88 -3.686686e-02 -2.628524e-01 2.198161e-03 1.186473e-02 -8.534557e+01 -8.552775e+01 -2.557645e-02 3.689079e-02
89 -6.331968e-02 4.238926e-02 1.678825e-03 -7.198040e-04 -9.367462e+01 -9.353135e+01 -5.681872e-02 -3.594391e-02
90 -5.857102e-02 1.722310e-01 1.752869e-04 -5.073433e-04 -9.943941e+01 -9.899167e+01 -5.792010e-02 1.549549e-01
91 -4.876197e-02 -2.320494e-01 2.884623e-05 1.375580e-04 -9.994812e+01 -1.003161e+02 -4.866399e-02 -2.344408e-01
92 -5.499218e-02 2.666752e-01 2.045894e-05 -9.894334e-05 -9.997667e+01 -9.933694e+01 -5.491510e-02 2.619952e-01
93 -5.116136e-02 -3.456120e-01 7.033344e-06 4.749043e-05 -1.000611e+02 -1.006491e+02 -5.112991e-02 -3.444346e-01
94 -4.945779e-02 -1.910923e-01 2.285215e-06 8.827242e-06 -1.000803e+02 -1.003633e+02 -4.945104e-02 -1.907746e-01
95 -5.325243e-02 2.095715e-01 1.182795e-06 -4.652918e-06 -1.000999e+02 -9.957462e+01 -5.324900e-02 2.090454e-01
96 -4.376872e-02 1.216738e-01 2.170523e-06 -6.030971e-06 -1.000760e+02 -9.974535e+01 -4.376097e-02 1.212993e-01
97 -4.102729e-02 -2.024889e-01 3.269772e-06 1.614279e-05 -1.000756e+02 -1.003987e+02 -4.101881e-02 -2.028179e-01
98 -4.259126e-02 -1.951533e-02 1.027695e-05 4.771488e-06 -1.000458e+02 -1.000007e+02 -4.255815e-02 -2.105196e-02
99 -3.751289e-02 1.203540e-01 3.247986e-05 -1.038997e-04 -9.990397e+01 -9.959022e+01 -3.740483e-02 1.178793e-01
100 -3.245684e-02 -1.682236e-01 8.548516e-05 4.461339e-04 -9.961043e+01 -9.988508e+01 -3.214612e-02 -1.734530e-01
101 -4.396886e-02 -1.051491e-01 2.435083e-04 5.785473e-04 -9.894756e+01 -9.906582e+01 -4.317315e-02 -9.936935e-02
102 -3.995621e-02 3.560747e-01 4.083833e-04 -3.279056e-03 -9.726753e+01 -9.663491e+01 -3.750930e-02 1.521135e-01
103 -4.644893e-02 -3.227560e-01 1.059443e-03 6.703422e-03 -9.478660e+01 -9.521260e+01 -4.348381e-02 -1.808559e-01
104 -3.211101e-02 -3.954673e-01 7.704289e-04 8.566645e-03 -9.405356e+01 -9.459279e+01 -2.831581e-02 -1.645613e-01
105 -4.425459e-02 -7.171349e-02 8.884426e-04 1.666624e-03 -9.475731e+01 -9.484873e+01 -3.999984e-02 -1.160654e-01
106 -4.842781e-02 -1.333805e-01 1.729764e-03 4.871329e-03 -9.299824e+01 -9.316708e+01 -4.311776e-02 -1.358664e-01
107 -5.603089e-02 1.530844e-02 1.758694e-04 -4.238870e-05 -9.945117e+01 -9.931672e+01 -5.531955e-02 4.420079e-03
108 -4.350821e-02 -1.700688e-01 1.554944e-04 6.166044e-04 -9.927187e+01 -9.953244e+01 -4.287144e-02 -1.820053e-01
109 -5.712625e-02 -5.404650e-01 1.118344e-04 1.055258e-03 -9.945447e+01 -1.004089e+02 -5.654148e-02 -5.259107e-01
110 -4.275340e-02 -3.201990e-02 1.772826e-04 1.422543e-04 -9.909496e+01 -9.908271e+01 -4.198480e-02 -4.471762e-02
111 -7.002467e-02 -6.920162e-02 4.286004e-05 4.267545e-05 -9.979288e+01 -9.979331e+01 -6.963808e-02 -7.191260e-02
112 -8.521745e-02 6.599546e-03 4.909017e-06 -3.769519e-07 -1.000800e+02 -9.989674e+01 -8.517409e-02 6.261128e-03
113 -5.299099e-02 2.333598e-01 1.284289e-06 -5.654865e-06 -1.000943e+02 -9.952181e+01 -5.298637e-02 2.331295e-01
114 -3.513770e-02 3.251977e-01 6.097063e-07 -5.642451e-06 -1.000850e+02 -9.936441e+01 -3.513509e-02 3.250460e-01
115 -3.436077e-02 -4.144509e-02 1.671477e-06 2.016426e-06 -1.000768e+02 -1.000910e+02 -3.435433e-02 -4.147846e-02
116 -4.791591e-02 9.062528e-02 6.351183e-06 -1.198408e-05 -1.000681e+02 -9.979191e+01 -4.789225e-02 8.930852e-02
117 -5.177048e-02 1.349305e-02 2.528871e-05 -6.066163e-06 -9.996736e+01 -9.984130e+01 -5.165706e-02 7.068771e-03
118 -5.064974e-02 -1.265054e-02 6.172855e-05 1.704179e-05 -9.976344e+01 -9.969300e+01 -5.037481e-02 -2.045073e-02
