0 -7.065212e-02 -2.362428e-01 2.326579e-02 1.075666e+00 -8.143265e+00 -8.744616e+00 1.639357e-02 -5.075341e-01
1 -3.478840e-02 -5.782666e-02 2.466961e-01 9.105540e+01 -9.569396e-02 -9.940118e-02 4.486450e-01 9.979181e+01
2 4.604929e-02 -2.857292e-01 3.365897e-01 -1.605234e+00 -2.933555e-01 -2.964587e-01 6.165271e-01 2.505403e+01
3 -2.311837e-01 -3.967769e-01 2.189019e-01 1.046225e+01 -1.736937e+00 -1.919867e+00 3.086125e-01 3.220790e+01
4 -6.492304e-02 4.666848e-01 1.907836e-01 1.964463e+00 -3.820697e+00 -3.912174e+00 2.964979e-01 6.980583e+00
5 -7.359679e-02 3.991307e-01 1.301391e-01 1.976714e+00 -9.917604e+00 -1.021998e+01 1.736752e-01 2.756867e+00
6 -6.257033e-02 5.138829e-01 4.852560e-02 9.451014e-02 -2.787563e+01 -2.798247e+01 3.683452e-02 -6.213607e-01
7 -6.100336e-02 3.064078e-01 1.776226e-02 -2.560766e-02 -4.738725e+01 -4.721749e+01 -1.638527e-02 7.094120e-02
8 -7.061095e-02 1.175384e+00 1.023489e-02 -1.932942e-02 -5.813233e+01 -5.807740e+01 -3.235645e-02 -1.549826e-01
9 -7.490288e-02 1.015048e-01 6.296071e-03 5.978897e-03 -7.301634e+01 -7.291472e+01 -5.407241e-02 -3.712603e-02
10 -6.193345e-02 8.092438e-01 4.090402e-03 -3.102315e-02 -7.996439e+01 -7.938234e+01 -5.031445e-02 -2.337118e-01
11 -4.574379e-02 -9.966265e-02 6.185661e-03 7.220190e-03 -6.910641e+01 -6.911835e+01 -2.022375e-02 -9.584965e-02
12 -5.519245e-02 1.258723e-03 3.060663e-02 -2.651903e-02 -2.854593e+01 -2.849733e+01 1.424836e-02 -7.155981e-02
13 -4.965483e-02 3.780151e-01 8.107420e-02 2.670181e+00 -8.790217e+00 -9.224565e+00 1.002955e-01 3.186664e+00
14 -4.420853e-02 7.889371e-02 1.216068e-01 6.628142e+00 -3.429799e+00 -3.597313e+00 1.841834e-01 1.951873e+01
15 -6.018835e-02 -1.360448e-01 6.608722e-02 6.179524e-01 -1.141393e+01 -1.158669e+01 6.022103e-02 -8.016591e-01
16 -4.442533e-02 -4.789936e-01 6.542136e-02 4.253543e+00 -7.351947e+00 -7.986154e+00 7.034333e-02 3.322344e+00
17 -5.526677e-02 -9.804599e-02 1.235456e-01 2.147015e+00 -5.645850e+00 -5.765598e+00 1.789032e-01 5.748122e+00
18 -5.679220e-02 7.973949e-02 5.682171e-02 1.346712e-01 -1.949380e+01 -1.956953e+01 5.268603e-02 -6.141310e-01
19 -5.087882e-02 1.518311e+00 2.622431e-02 4.102988e-02 -3.502417e+01 -3.506087e+01 -2.439838e-03 -8.022685e-02
20 -1.090334e-01 7.028144e-01 2.066603e-02 1.400724e-01 -4.991412e+01 -5.039518e+01 -2.669704e-02 -3.123423e-01
21 -6.623098e-02 9.339052e-01 7.730949e-03 2.265613e-02 -6.802508e+01 -6.819759e+01 -3.956471e-02 -1.671204e-01
22 -6.090473e-02 1.446548e-01 4.460922e-03 1.108612e-02 -8.578843e+01 -8.608812e+01 -4.991561e-02 -2.133211e-01
23 -6.675184e-02 1.021041e-01 1.625893e-03 -7.942246e-04 -9.284474e+01 -9.273576e+01 -6.221395e-02 -7.543138e-02
24 -6.489130e-02 1.738258e+00 3.514604e-04 1.394256e-02 -7.626269e+01 -8.312113e+01 -5.489189e-02 -1.248929e+00
25 -1.084985e-01 6.494817e-01 4.099768e-04 6.185662e-03 -8.559970e+01 -9.114389e+01 -1.237393e-01 -5.272463e+00
26 -4.888419e-02 -1.792584e-01 2.876856e-05 1.067687e-04 -9.995374e+01 -1.002228e+02 -4.880056e-02 -1.916748e-01
27 -6.074256e-02 1.276180e-01 1.531903e-04 -1.676440e-04 -9.872907e+01 -9.858641e+01 -6.058697e-02 -1.819011e-01
28 -5.384080e-02 6.764683e-01 1.065357e-03 -1.157717e-02 -9.453429e+01 -9.345695e+01 -4.946727e-02 2.844608e-01
29 -4.105421e-02 -1.180493e-01 4.151758e-03 -1.208128e-03 -8.040692e+01 -8.026966e+01 -2.786830e-02 -2.971731e-02
30 -4.305188e-02 -1.913141e-01 5.352395e-03 1.630096e-02 -7.920278e+01 -7.929456e+01 -2.487361e-02 -3.168445e-02
31 -5.319655e-02 -2.363693e-01 6.421731e-03 3.648782e-02 -7.879313e+01 -7.921687e+01 -3.409810e-02 -2.559519e-01
32 -4.178520e-02 1.314314e-01 1.144636e-02 8.727450e-03 -6.159395e+01 -6.159394e+01 -1.034427e-02 -8.032996e-02
33 -4.721132e-02 3.415437e-01 2.854512e-02 1.755451e-01 -3.827908e+01 -3.857556e+01 1.531106e-02 -3.006765e-01
34 -4.545433e-02 -1.481633e-01 4.130721e-02 1.055207e+00 -1.696444e+01 -1.743697e+01 4.679377e-02 -1.534963e-01
35 -4.479954e-02 -2.295341e-01 8.425866e-02 1.171322e+00 -8.612939e+00 -8.748456e+00 1.135429e-01 1.340909e+00
36 -5.119373e-02 2.808950e-01 8.511168e-02 9.346683e-01 -7.793761e+00 -7.929861e+00 1.059819e-01 5.719486e-01
37 -5.631649e-02 -9.714930e-02 7.486735e-02 1.386076e+00 -1.174571e+01 -1.228100e+01 8.378671e-02 -1.889877e+00
38 -4.087212e-02 -2.621808e-01 9.398608e-02 4.427372e+00 -6.208879e+00 -6.547430e+00 1.337331e-01 1.047724e+01
39 -8.228382e-02 2.086856e-01 6.038333e-02 5.727684e-01 -2.023518e+01 -2.062726e+01 5.815087e-02 -1.343421e+00
40 -6.469240e-02 1.239378e-01 1.129455e-02 -1.058853e-02 -6.379657e+01 -6.369084e+01 -1.852386e-02 -1.084259e-01
41 -8.517608e-02 3.288118e-01 3.699153e-03 -1.022869e-02 -8.817983e+01 -8.776474e+01 -5.855394e-02 -5.927017e-02
42 -5.708866e-02 -5.260320e-01 1.132841e-03 9.664954e-03 -9.359592e+01 -9.433563e+01 -5.225110e-02 -2.837224e-01
43 -4.464846e-02 -9.952466e-02 2.721290e-04 5.965570e-04 -9.840072e+01 -9.850265e+01 -4.378478e-02 -8.933904e-02
44 -6.975576e-02 -9.389654e-01 1.414248e-04 1.884450e-03 -9.940161e+01 -1.010941e+02 -6.950416e-02 -8.800566e-01
45 -3.767961e-02 -1.750754e-01 3.809557e-05 1.773423e-04 -9.985868e+01 -1.001344e+02 -3.762909e-02 -1.767932e-01
46 -5.169714e-02 7.320272e-02 5.554110e-05 -7.719917e-05 -9.984552e+01 -9.960169e+01 -5.151523e-02 6.494006e-02
47 -4.411724e-02 -1.463676e-02 1.242814e-04 4.247618e-05 -9.940897e+01 -9.935214e+01 -4.371212e-02 -1.709778e-02
48 -5.742851e-02 7.118845e-01 5.561983e-04 -6.069817e-03 -9.740521e+01 -9.621666e+01 -5.567758e-02 2.766445e-01
49 -5.995370e-02 9.487275e-01 3.518522e-03 -2.177221e-02 -8.519243e+01 -8.479495e+01 -4.814809e-02 -1.304697e-01
50 -5.004046e-02 -1.606107e-01 1.401309e-02 4.951961e-03 -5.501428e+01 -5.515000e+01 -7.111659e-03 -4.293011e-01
51 -3.813294e-02 -9.163611e-01 1.816216e-02 1.402236e-01 -3.932536e+01 -3.956637e+01 -1.770424e-03 -1.683358e-01
52 3.862949e-03 -7.192123e-02 1.981831e-02 1.652305e-01 -4.444204e+01 -4.480836e+01 -3.259543e-03 -3.174226e-01
53 -7.980498e-02 -3.670843e-02 3.188164e-02 1.342252e-01 -3.544179e+01 -3.569113e+01 2.118541e-02 -7.746485e-01
54 -6.448827e-02 1.019638e-01 3.097428e-02 -3.863333e-03 -3.734894e+01 -3.728411e+01 1.565816e-02 5.470911e-02
55 -5.210748e-02 1.121517e-01 1.336666e-02 2.385270e-02 -5.610454e+01 -5.626880e+01 -2.050855e-02 -3.560724e-01
56 -5.197339e-02 2.899528e-01 2.113128e-03 -8.817688e-03 -8.942360e+01 -8.904530e+01 -4.449687e-02 -3.901000e-02
57 -6.382664e-02 -7.368429e-02 3.988033e-04 4.837942e-04 -9.817364e+01 -9.820725e+01 -6.232665e-02 -9.179688e-02
58 -5.324593e-02 2.596566e-01 1.571411e-04 -7.561064e-04 -9.908638e+01 -9.848010e+01 -5.254832e-02 2.360529e-01
59 -4.629762e-02 5.539939e-02 6.839742e-05 -7.885967e-05 -9.960669e+01 -9.941218e+01 -4.603151e-02 4.317112e-02
60 -7.085535e-02 4.301832e-01 3.667618e-05 -2.205459e-04 -9.990434e+01 -9.891987e+01 -7.084201e-02 4.057076e-01
61 -5.901554e-02 -2.319514e-01 1.200510e-05 4.714211e-05 -1.000438e+02 -1.003886e+02 -5.898818e-02 -2.306052e-01
62 -4.707217e-02 -1.018113e-01 1.542922e-05 3.347348e-05 -1.000262e+02 -1.001369e+02 -4.701943e-02 -1.035574e-01
63 -4.842332e-02 -1.249262e+00 6.219529e-05 1.601289e-03 -9.972530e+01 -1.021081e+02 -4.818066e-02 -1.225961e+00
64 -4.665688e-02 3.892406e-02 2.124690e-04 -1.413911e-04 -9.924420e+01 -9.910531e+01 -4.601053e-02 -6.118527e-03
65 -4.652929e-02 3.834419e-01 8.079347e-04 -5.482273e-03 -9.663440e+01 -9.604947e+01 -4.399656e-02 4.730099e-02
66 -4.117753e-02 -2.998318e-01 2.164782e-03 1.537546e-02 -8.961455e+01 -9.005813e+01 -3.281502e-02 -2.677106e-01
67 -4.148783e-02 1.237622e-01 3.165093e-03 -5.595922e-03 -8.829619e+01 -8.816065e+01 -3.355732e-02 -7.821954e-02
68 -3.634957e-02 8.639750e-02 5.677423e-03 2.961656e-03 -7.403105e+01 -7.408452e+01 -1.458975e-02 -1.194511e-01
69 -5.046445e-02 -2.465690e-01 1.650689e-02 1.172535e-01 -5.479456e+01 -5.518141e+01 -6.816390e-03 -4.436174e-01
70 -4.333656e-02 -2.200311e-01 1.643303e-02 -3.772744e-02 -4.924030e+01 -4.908481e+01 -2.736347e-04 1.444317e-02
71 -4.774440e-02 -6.008126e-02 2.217350e-02 1.417989e-01 -4.257730e+01 -4.289039e+01 1.682585e-03 -4.188653e-01
72 -3.964482e-02 9.084785e-02 1.653418e-02 8.262190e-02 -4.812322e+01 -4.839519e+01 4.989801e-03 -5.511449e-01
73 -4.822472e-02 8.648034e-02 2.090071e-02 1.547468e-01 -4.220230e+01 -4.264030e+01 3.148701e-03 -7.740305e-01
74 -1.358067e-01 -3.927321e+00 7.010073e-03 1.508227e-01 -7.666235e+01 -7.875998e+01 -7.209149e-02 6.896435e-01
75 -5.099244e-02 8.291326e-02 3.444851e-04 -4.356828e-04 -9.851441e+01 -9.832016e+01 -5.011416e-02 -1.425816e-02
76 -4.705843e-02 -6.847328e-02 2.254798e-04 3.276905e-04 -9.901858e+01 -9.906071e+01 -4.654928e-02 -6.730328e-02
77 -5.296529e-02 2.456116e-01 6.023473e-05 -2.778360e-04 -9.982222e+01 -9.923178e+01 -5.278566e-02 2.370237e-01
78 -5.497687e-02 -4.060865e-01 1.432596e-05 1.059660e-04 -1.000320e+02 -1.007361e+02 -5.494031e-02 -4.091690e-01
79 -4.071277e-02 -1.366149e-02 1.154671e-05 3.910828e-06 -1.000246e+02 -9.997109e+01 -4.067703e-02 -1.441434e-02
80 -4.109814e-02 -1.100566e-01 2.759065e-05 7.377522e-05 -9.994497e+01 -1.000820e+02 -4.097956e-02 -1.087650e-01
81 -4.053414e-02 -1.999407e-01 5.423591e-05 2.676100e-04 -9.978606e+01 -1.001042e+02 -4.035065e-02 -1.994080e-01
82 -3.486529e-02 -3.937121e-01 6.292369e-05 7.101609e-04 -9.972218e+01 -1.004363e+02 -3.465573e-02 -3.900403e-01
83 -4.936561e-02 -1.739987e-01 1.924263e-04 7.220502e-04 -9.920705e+01 -9.949768e+01 -4.885428e-02 -2.326197e-01
84 -2.433150e-02 -2.463602e-01 3.572379e-04 3.561017e-03 -9.695073e+01 -9.737036e+01 -2.389480e-02 -2.183258e-01
85 -4.989067e-02 -6.437031e-02 1.764823e-03 1.935544e-03 -9.084710e+01 -9.084623e+01 -4.549335e-02 -4.455200e-02
86 -4.229120e-02 4.057109e-01 1.577807e-03 -1.264767e-02 -8.903684e+01 -8.846741e+01 -3.515178e-02 2.180690e-02
87 -5.092086e-02 -3.454058e-01 2.574069e-03 1.762878e-02 -8.493820e+01 -8.544079e+01 -3.894598e-02 -2.663887e-01
88 -3.702068e-02 -2.879152e-01 2.164891e-03 1.344467e-02 -8.558224e+01 -8.582624e+01 -2.596930e-02 -1.337238e-02
89 -6.327533e-02 6.828976e-02 1.676755e-03 -1.421131e-03 -9.369552e+01 -9.350216e+01 -5.680178e-02 -1.180266e-02
90 -5.850776e-02 1.439701e-01 1.775645e-04 -4.274058e-04 -9.942556e+01 -9.903579e+01 -5.786352e-02 1.245373e-01
91 -4.812272e-02 -2.614760e-01 2.826620e-05 1.539177e-04 -9.994894e+01 -1.003773e+02 -4.803336e-02 -2.643598e-01
92 -5.504222e-02 2.606574e-01 2.042526e-05 -9.644070e-05 -9.997826e+01 -9.935063e+01 -5.496588e-02 2.557205e-01
93 -5.084749e-02 -3.555762e-01 7.086594e-06 4.953856e-05 -1.000602e+02 -1.006689e+02 -5.081630e-02 -3.545872e-01
94 -4.953088e-02 -2.135750e-01 2.342493e-06 1.009826e-05 -1.000801e+02 -1.004079e+02 -4.952408e-02 -2.132320e-01
95 -5.304190e-02 1.645967e-01 1.191579e-06 -3.695845e-06 -1.000994e+02 -9.966450e+01 -5.303861e-02 1.641068e-01
96 -4.409704e-02 1.096900e-01 2.184213e-06 -5.430412e-06 -1.000767e+02 -9.976943e+01 -4.408885e-02 1.093368e-01
97 -4.100032e-02 -2.678434e-01 3.325843e-06 2.173002e-05 -1.000751e+02 -1.005289e+02 -4.099199e-02 -2.680276e-01
98 -4.251913e-02 -5.803342e-02 1.047800e-05 1.436020e-05 -1.000448e+02 -1.000768e+02 -4.248433e-02 -5.941810e-02
99 -3.732164e-02 1.091984e-01 3.300668e-05 -9.620807e-05 -9.990067e+01 -9.960981e+01 -3.721702e-02 1.064126e-01
100 -3.215725e-02 -1.567340e-01 8.525131e-05 4.179344e-04 -9.961109e+01 -9.986252e+01 -3.185723e-02 -1.606445e-01
101 -4.364109e-02 -6.714754e-02 2.418426e-04 3.682518e-04 -9.893969e+01 -9.898348e+01 -4.286178e-02 -6.217572e-02
102 -3.995896e-02 2.102964e-01 4.074123e-04 -1.764426e-03 -9.726636e+01 -9.692247e+01 -3.752168e-02 5.295935e-03
103 -4.642063e-02 -4.777358e-01 1.044454e-03 9.886779e-03 -9.486265e+01 -9.554972e+01 -4.350312e-02 -2.775798e-01
104 -3.263052e-02 -3.768175e-01 7.673503e-04 7.956376e-03 -9.416392e+01 -9.466692e+01 -2.878860e-02 -1.446895e-01
105 -4.464159e-02 -9.555422e-02 8.758627e-04 2.133259e-03 -9.489982e+01 -9.504238e+01 -4.049767e-02 -1.470512e-01
106 -4.847151e-02 -9.025397e-02 1.706049e-03 3.399682e-03 -9.312271e+01 -9.322298e+01 -4.317505e-02 -1.121968e-01
107 -5.614844e-02 7.708543e-02 1.750203e-04 -2.346693e-04 -9.945656e+01 -9.919923e+01 -5.543478e-02 6.541682e-02
108 -4.382681e-02 -1.722535e-01 1.534936e-04 6.125548e-04 -9.928824e+01 -9.955326e+01 -4.318775e-02 -1.852318e-01
109 -5.650394e-02 -5.896326e-01 1.078981e-04 1.123883e-03 -9.947053e+01 -1.005256e+02 -5.596791e-02 -5.770732e-01
110 -4.262886e-02 -3.123545e-03 1.735462e-04 2.178873e-05 -9.911169e+01 -9.904227e+01 -4.191149e-02 -1.601294e-02
111 -7.009315e-02 1.296632e-02 4.304526e-05 -7.473245e-06 -9.979194e+01 -9.962958e+01 -6.971276e-02 8.171434e-03
112 -8.589747e-02 1.016174e-02 4.891021e-06 -5.755015e-07 -1.000813e+02 -9.988950e+01 -8.585401e-02 9.829211e-03
113 -5.249257e-02 1.937476e-01 1.275060e-06 -4.705406e-06 -1.000934e+02 -9.960108e+01 -5.248814e-02 1.935371e-01
114 -3.510779e-02 4.721018e-01 6.125151e-07 -8.236236e-06 -1.000847e+02 -9.907032e+01 -3.510526e-02 4.719277e-01
115 -3.419540e-02 -5.211026e-03 1.652120e-06 2.520623e-07 -1.000764e+02 -1.000185e+02 -3.418922e-02 -5.247062e-03
116 -4.846340e-02 -3.886248e-02 6.504158e-06 5.238030e-06 -1.000684e+02 -1.000499e+02 -4.843817e-02 -3.984028e-02
117 -5.149009e-02 1.101573e-01 2.537957e-05 -5.371813e-05 -9.996564e+01 -9.964749e+01 -5.137584e-02 1.029235e-01
118 -4.979715e-02 -2.682652e-02 6.012462e-05 3.399955e-05 -9.976566e+01 -9.972516e+01 -4.954778e-02 -3.455626e-02
