0 -7.353074e-02 1.028227e-02 2.346180e-02 1.132173e-01 -1.197687e+01 -1.231118e+01 1.182824e-02 -2.380050e+00
1 -4.149951e-02 -2.833021e-02 1.681904e-01 6.274823e+01 -5.385602e-01 -6.226685e-01 2.408495e-01 9.442910e+01
2 5.014392e-02 1.013700e+00 3.026880e-01 3.722120e+01 -3.733346e-01 -3.929959e-01 5.006484e-01 7.700493e+01
3 -1.901425e-01 -3.358377e-01 2.465512e-01 3.828298e+01 -1.309754e+00 -1.583161e+00 2.852920e-01 7.968385e+01
4 -6.298661e-02 -2.908827e-01 2.512742e-01 4.268152e+00 -1.715994e+00 -1.742859e+00 4.431446e-01 1.311228e+01
5 -7.223914e-02 7.381156e-01 1.744440e-01 7.999381e+00 -4.756664e+00 -5.155204e+00 2.386111e-01 2.139003e+01
6 -7.425881e-02 1.804851e+00 9.676711e-02 2.220317e-01 -1.502868e+01 -1.510488e+01 1.015587e-01 -1.924372e-01
7 -5.879022e-02 5.098207e-02 3.080274e-02 4.715177e-02 -3.578317e+01 -3.587133e+01 8.630465e-03 -4.081658e-01
8 -7.515394e-02 3.035341e+00 1.975147e-02 5.065491e-02 -4.595004e+01 -4.603187e+01 -1.935871e-02 -4.155953e-02
9 -7.848626e-02 3.549434e+00 1.446840e-02 -2.791320e-02 -5.782790e+01 -5.769870e+01 -4.037772e-02 -2.493609e-01
10 -7.148918e-02 4.235787e-01 9.935604e-03 3.475389e-02 -6.607291e+01 -6.634622e+01 -4.995960e-02 -5.099053e-02
11 -4.968903e-02 1.930819e-02 1.535919e-02 3.914424e-02 -5.230317e+01 -5.244714e+01 -3.357839e-03 -1.902823e-01
12 -5.534442e-02 2.214538e-01 5.342137e-02 2.540545e-01 -2.221331e+01 -2.241601e+01 5.021359e-02 -7.881046e-01
13 -4.938209e-02 -1.746682e-01 8.517361e-02 1.345162e+00 -8.363527e+00 -8.593826e+00 1.028055e-01 1.642238e+00
14 -4.369661e-02 -1.413420e-02 1.122464e-01 4.284288e+00 -4.169861e+00 -4.337730e+00 1.614631e-01 1.203215e+01
15 -5.902890e-02 -9.193866e-02 5.877503e-02 3.076854e-01 -1.511002e+01 -1.526783e+01 5.039680e-02 -9.282972e-01
16 -3.940538e-02 -4.415350e-01 6.138280e-02 1.820715e+00 -1.278190e+01 -1.344652e+01 7.086069e-02 -3.299080e+00
17 -6.050906e-02 1.993944e-01 1.001166e-01 1.651692e+00 -9.357820e+00 -9.559789e+00 1.361996e-01 2.916773e+00
18 -5.958160e-02 2.780256e-01 6.503413e-02 7.416359e-01 -2.084993e+01 -2.133062e+01 6.785023e-02 -6.151492e-01
19 -5.146064e-02 1.279984e-01 3.013674e-02 2.619611e-01 -3.425358e+01 -3.464335e+01 7.899540e-03 -4.215024e-01
20 -8.694663e-02 1.049890e-01 2.312066e-02 9.478423e-02 -5.186970e+01 -5.222224e+01 -2.010972e-02 -3.493149e-01
21 -6.446083e-02 2.092357e+00 9.696851e-03 -4.850102e-03 -6.709758e+01 -6.726614e+01 -3.416121e-02 -3.535837e-01
22 -5.503275e-02 -1.384341e-01 7.157232e-03 2.991377e-02 -7.910350e+01 -7.941429e+01 -3.932425e-02 -1.726083e-01
23 -6.282231e-02 6.411312e-01 3.855910e-03 -2.282795e-02 -8.635636e+01 -8.586156e+01 -5.375146e-02 -1.500321e-01
24 -6.923640e-02 4.951109e+00 8.726173e-04 6.404379e-02 -6.446164e+01 -6.584069e+01 -5.220760e-02 4.345254e+00
25 -1.175183e-01 4.617722e+00 1.225492e-03 3.225200e-02 -7.056730e+01 -7.699813e+01 -1.430203e-01 1.577870e+00
26 -4.995014e-02 9.134626e-01 7.695494e-05 -1.373632e-03 -9.964936e+01 -9.781327e+01 -4.993505e-02 7.868113e-01
27 -6.025362e-02 2.742674e-01 4.384885e-04 -1.220066e-03 -9.678077e+01 -9.650300e+01 -5.980283e-02 -1.820150e-01
28 -4.589279e-02 -6.794529e-02 1.716030e-03 2.530809e-03 -9.269459e+01 -9.272983e+01 -4.178272e-02 -3.999697e-02
29 -4.156227e-02 -1.506822e-01 4.770974e-03 1.563179e-02 -8.234631e+01 -8.248126e+01 -3.270064e-02 -2.925888e-02
30 -4.666854e-02 2.479946e-01 6.010061e-03 -1.176429e-02 -7.978933e+01 -7.965184e+01 -3.099562e-02 -8.839612e-02
31 -5.711735e-02 3.284742e-01 9.039609e-03 5.397213e-03 -7.374693e+01 -7.383795e+01 -3.553690e-02 -1.974006e-01
32 -3.978576e-02 -1.153261e-01 1.678889e-02 5.541690e-02 -5.264148e+01 -5.281867e+01 6.089092e-04 -3.050994e-01
33 -5.087451e-02 -5.548896e-01 4.148085e-02 3.249957e-01 -3.077186e+01 -3.113423e+01 3.473318e-02 -5.653247e-01
34 -4.341264e-02 7.763613e-02 4.600933e-02 1.726578e-01 -1.688537e+01 -1.696118e+01 5.169654e-02 -9.175563e-02
35 -4.750421e-02 -2.253196e-01 7.314785e-02 1.113130e+00 -1.301118e+01 -1.329182e+01 9.447596e-02 9.278618e-01
36 -5.258002e-02 -1.682771e-01 8.299999e-02 1.984775e+00 -1.056751e+01 -1.099545e+01 9.968754e-02 2.988449e-01
37 -5.427230e-02 -5.650132e-01 6.163292e-02 9.944004e-01 -1.974828e+01 -2.032379e+01 6.510129e-02 -8.627049e-01
38 -4.328324e-02 7.136496e-02 7.963843e-02 1.424418e+00 -1.103641e+01 -1.132863e+01 1.055270e-01 1.596622e+00
39 -7.105195e-02 1.623446e-01 6.373422e-02 6.457175e-01 -2.016599e+01 -2.060345e+01 6.558038e-02 -1.305087e+00
40 -6.944733e-02 3.588221e-01 1.938592e-02 -2.467387e-02 -5.357382e+01 -5.342243e+01 -1.064708e-02 -4.109459e-02
41 -7.435100e-02 -9.214810e-02 3.587169e-03 6.247449e-03 -8.894136e+01 -8.909386e+01 -5.858820e-02 -2.311066e-01
42 -5.660002e-02 -7.343326e-01 1.404923e-03 1.563013e-02 -9.298899e+01 -9.389777e+01 -5.232121e-02 -2.033982e-01
43 -3.377898e-02 1.013940e-01 3.739200e-04 -1.101593e-03 -9.742433e+01 -9.716524e+01 -3.353118e-02 9.060390e-02
44 -9.235599e-02 -2.034836e-01 3.607819e-04 8.102212e-04 -9.876053e+01 -9.899458e+01 -9.040541e-02 -2.195202e-01
45 -2.626518e-02 -1.730660e-01 4.290276e-05 2.761135e-04 -9.961423e+01 -9.989487e+01 -2.726982e-02 -1.558049e-01
46 -6.858049e-02 4.108574e-02 1.349588e-04 -7.753142e-05 -9.960068e+01 -9.938944e+01 -6.780177e-02 3.072688e-02
47 -4.835873e-02 -1.411769e-01 2.069822e-04 6.164514e-04 -9.912947e+01 -9.932491e+01 -4.797910e-02 -1.564344e-01
48 -6.461249e-02 -1.728867e-01 1.361201e-03 6.184757e-03 -9.248280e+01 -9.305013e+01 -6.421723e-02 -4.360320e-01
49 -5.765700e-02 -9.545776e-02 6.827966e-03 2.125881e-02 -7.703287e+01 -7.721394e+01 -3.709893e-02 -1.336859e-01
50 -4.850703e-02 -6.405060e-01 1.669776e-02 8.990453e-02 -5.462302e+01 -5.489475e+01 -6.201408e-03 -3.142432e-01
51 -4.323228e-02 -3.174225e-01 1.533294e-02 -2.662563e-02 -4.734666e+01 -4.725714e+01 -7.986728e-03 -5.921127e-02
52 3.677177e-03 2.939493e-01 1.375566e-02 3.193913e-02 -5.580101e+01 -5.600730e+01 -1.517443e-02 -3.845998e-01
53 -7.877203e-02 -6.961773e-01 2.828301e-02 1.373445e-01 -4.469324e+01 -4.494602e+01 1.045981e-02 -4.148763e-01
54 -6.006981e-02 3.957085e-01 2.507548e-02 -2.061166e-02 -4.489929e+01 -4.484838e+01 4.540037e-03 -1.747589e-01
55 -4.860078e-02 -1.303836e-01 1.395059e-02 6.187902e-02 -5.730272e+01 -5.754812e+01 -1.953118e-02 -2.469144e-01
56 -5.031788e-02 -2.262921e-01 3.496791e-03 1.148145e-02 -8.376324e+01 -8.388363e+01 -4.246760e-02 2.350515e-02
57 -6.937110e-02 2.859814e-01 6.319515e-04 -2.412312e-03 -9.763680e+01 -9.702038e+01 -6.800924e-02 1.644658e-01
58 -5.494956e-02 2.669614e-01 1.705936e-04 -8.191383e-04 -9.917782e+01 -9.855127e+01 -5.442127e-02 2.463946e-01
59 -3.984582e-02 -2.054760e-01 7.823787e-05 4.026692e-04 -9.947785e+01 -9.980592e+01 -3.963182e-02 -2.018959e-01
60 -8.087232e-02 1.691957e-01 7.223640e-05 -1.491667e-04 -9.976062e+01 -9.927035e+01 -8.079843e-02 1.560637e-01
61 -6.014071e-02 -1.095075e-01 2.670311e-05 4.849589e-05 -9.996674e+01 -1.000643e+02 -6.013518e-02 -1.077940e-01
62 -5.134752e-02 5.202421e-02 3.805509e-05 -3.832811e-05 -9.992991e+01 -9.972471e+01 -5.124753e-02 5.009003e-02
63 -5.524612e-02 -6.190145e-01 1.500284e-04 1.706010e-03 -9.918083e+01 -1.003329e+02 -5.468529e-02 -6.521200e-01
64 -4.730908e-02 -4.333263e-02 4.215385e-04 4.164544e-04 -9.829673e+01 -9.830189e+01 -4.632602e-02 -6.054845e-02
65 -4.127469e-02 -1.904813e-02 1.033010e-03 1.206009e-03 -9.564795e+01 -9.570950e+01 -3.858856e-02 -1.505994e-01
66 -3.848517e-02 -3.840236e-02 2.139342e-03 4.447238e-03 -9.096626e+01 -9.110429e+01 -3.327478e-02 -2.030782e-01
67 -4.673719e-02 -1.281540e-01 4.090463e-03 1.596486e-02 -8.662374e+01 -8.692562e+01 -3.777007e-02 -2.762453e-01
68 -3.701358e-02 6.644068e-04 6.367931e-03 9.669312e-03 -7.334121e+01 -7.339920e+01 -1.620675e-02 -8.698240e-02
69 -4.989378e-02 -4.213321e-01 1.407934e-02 1.048259e-01 -6.009179e+01 -6.052785e+01 -1.406483e-02 -5.318802e-01
70 -4.326502e-02 4.974900e-01 1.300916e-02 -1.193165e-02 -5.920755e+01 -5.927815e+01 -1.121781e-02 -3.187882e-01
71 -4.726742e-02 -9.853768e-02 1.525170e-02 2.783875e-02 -5.506415e+01 -5.513251e+01 -1.163160e-02 -1.731946e-01
72 -3.917322e-02 3.833393e-03 1.102588e-02 6.587761e-02 -6.195321e+01 -6.229812e+01 -8.288906e-03 -3.448798e-01
73 -4.440631e-02 -8.727264e-01 1.648498e-02 1.116597e-01 -4.914457e+01 -4.942353e+01 -7.911978e-03 -3.399413e-01
74 -1.107494e-01 5.464690e-01 1.076976e-02 -9.248858e-02 -6.744237e+01 -6.667271e+01 -7.527831e-02 -3.305020e-01
75 -5.599116e-02 1.773703e-01 2.849750e-04 -8.045997e-04 -9.885695e+01 -9.846709e+01 -5.574539e-02 7.677896e-02
76 -4.688155e-02 -1.864508e-01 2.080632e-04 8.325451e-04 -9.919052e+01 -9.947262e+01 -4.671160e-02 -1.925648e-01
77 -5.252224e-02 -2.154253e-01 8.565701e-05 3.511873e-04 -9.973264e+01 -1.000571e+02 -5.233482e-02 -2.140877e-01
78 -5.782421e-02 1.661521e-01 2.322651e-05 -6.551932e-05 -9.999179e+01 -9.955630e+01 -5.778926e-02 1.480340e-01
79 -4.122875e-02 -3.547526e-03 1.670583e-05 1.535519e-06 -1.000076e+02 -9.993322e+01 -4.119047e-02 -4.991821e-03
80 -3.960461e-02 -2.415052e-01 2.803536e-05 1.709014e-04 -9.994429e+01 -1.003472e+02 -3.952486e-02 -2.405527e-01
81 -3.794848e-02 -2.144440e-01 4.072596e-05 2.298459e-04 -9.986696e+01 -1.002182e+02 -3.786473e-02 -2.123478e-01
82 -4.705008e-02 7.310859e-01 8.572455e-05 -1.306554e-03 -9.967625e+01 -9.817868e+01 -4.702707e-02 6.495185e-01
83 -5.168037e-02 5.788327e-01 2.977032e-04 -3.187227e-03 -9.866514e+01 -9.751454e+01 -5.123335e-02 4.367458e-01
84 -3.496530e-02 -2.712024e-01 6.063474e-04 4.822372e-03 -9.640093e+01 -9.688167e+01 -3.363881e-02 -2.806459e-01
85 -5.029938e-02 -2.042547e-01 1.355208e-03 5.314756e-03 -9.330628e+01 -9.357655e+01 -4.803226e-02 -1.715127e-01
86 -4.265594e-02 -1.439150e-01 1.016690e-03 3.521019e-03 -9.357189e+01 -9.377508e+01 -3.953763e-02 -1.430270e-01
87 -5.287364e-02 1.170703e+00 1.835996e-03 -3.102401e-02 -9.030085e+01 -8.894366e+01 -4.655723e-02 4.979472e-02
88 -3.555547e-02 -9.505998e-02 1.257031e-03 4.200113e-03 -9.102719e+01 -9.120732e+01 -3.011687e-02 -1.510914e-01
89 -6.246456e-02 1.044481e-02 1.460548e-03 2.012921e-04 -9.473322e+01 -9.466387e+01 -5.776302e-02 -8.453327e-02
90 -5.655560e-02 3.579279e-01 2.270940e-04 -1.395662e-03 -9.911485e+01 -9.833379e+01 -5.588074e-02 2.946898e-01
91 -4.532264e-02 8.895197e-02 2.208726e-05 -4.328235e-05 -9.998376e+01 -9.971601e+01 -4.526824e-02 8.802241e-02
92 -5.538386e-02 2.633615e-01 1.759660e-05 -8.337976e-05 -1.000155e+02 -9.938209e+01 -5.535993e-02 2.576930e-01
93 -4.888777e-02 7.687272e-02 7.921616e-06 -1.244485e-05 -1.000552e+02 -9.980408e+01 -4.886558e-02 7.641858e-02
94 -5.231586e-02 -3.895017e-01 3.552481e-06 2.644634e-05 -1.000781e+02 -1.007522e+02 -5.230784e-02 -3.892148e-01
95 -5.065938e-02 -1.990789e-01 1.363559e-06 5.358182e-06 -1.000935e+02 -1.003903e+02 -5.065669e-02 -1.990084e-01
96 -4.925685e-02 3.015757e-01 2.396181e-06 -1.466500e-05 -1.000885e+02 -9.938732e+01 -4.924975e-02 3.008351e-01
97 -4.978099e-02 -1.320939e-01 5.949747e-06 1.582454e-05 -1.000775e+02 -1.002433e+02 -4.977215e-02 -1.339168e-01
98 -4.105109e-02 5.305146e-02 1.553690e-05 -2.005398e-05 -1.000155e+02 -9.982764e+01 -4.101009e-02 5.260733e-02
99 -3.901180e-02 2.164687e-01 5.014218e-05 -2.766038e-04 -9.984166e+01 -9.933680e+01 -3.890789e-02 2.083615e-01
100 -3.186289e-02 -4.849683e-02 9.226700e-05 1.437241e-04 -9.962671e+01 -9.966435e+01 -3.165012e-02 -5.492397e-02
101 -4.557904e-02 -7.426814e-01 2.447823e-04 3.933023e-03 -9.880940e+01 -1.001475e+02 -4.493902e-02 -6.707841e-01
102 -4.355115e-02 2.761041e-02 3.846910e-04 -2.215653e-04 -9.763104e+01 -9.750240e+01 -4.184611e-02 1.037627e-02
103 -4.560454e-02 -3.970399e-01 6.892073e-04 5.609945e-03 -9.670307e+01 -9.729277e+01 -4.460872e-02 -2.554533e-01
104 -3.305465e-02 -1.790889e-01 4.581457e-04 2.560205e-03 -9.655195e+01 -9.685496e+01 -3.171008e-02 -1.955256e-01
105 -4.714517e-02 9.407638e-02 5.280451e-04 -8.109202e-04 -9.752669e+01 -9.733319e+01 -4.506283e-02 -2.132338e-02
106 -4.126686e-02 9.389340e-02 9.667079e-04 -2.065294e-03 -9.570300e+01 -9.546512e+01 -3.917888e-02 5.441098e-02
107 -5.569648e-02 -2.255563e-01 1.387014e-04 5.618863e-04 -9.958648e+01 -9.992452e+01 -5.516595e-02 -2.238472e-01
108 -4.849219e-02 -1.087330e-01 9.794407e-05 2.208602e-04 -9.963062e+01 -9.975302e+01 -4.820871e-02 -1.116975e-01
109 -5.664534e-02 -5.286302e-02 5.757258e-05 5.821832e-05 -9.979783e+01 -9.980774e+01 -5.645636e-02 -7.826852e-02
110 -4.432710e-02 -1.579068e-01 1.067565e-04 3.786014e-04 -9.948319e+01 -9.970630e+01 -4.400168e-02 -1.524928e-01
111 -7.243120e-02 3.374271e-01 4.141647e-05 -1.910991e-04 -9.981679e+01 -9.901256e+01 -7.207317e-02 3.167558e-01
112 -9.229512e-02 3.179378e-01 3.531532e-06 -1.216283e-05 -1.000925e+02 -9.927279e+01 -9.226434e-02 3.174294e-01
113 -5.194695e-02 -1.803448e-01 1.139989e-06 3.957708e-06 -1.000948e+02 -1.003515e+02 -5.194360e-02 -1.803320e-01
114 -3.901897e-02 -2.055393e-01 6.671043e-07 3.514046e-06 -1.000875e+02 -1.004206e+02 -3.901717e-02 -2.055126e-01
115 -4.173796e-02 -1.645314e-02 1.556819e-06 6.150256e-07 -1.000911e+02 -1.000407e+02 -4.173325e-02 -1.666467e-02
116 -5.379386e-02 -6.228576e-01 9.179494e-06 1.061377e-04 -1.000571e+02 -1.011913e+02 -5.376060e-02 -6.172809e-01
117 -5.165091e-02 1.574448e-01 2.728709e-05 -8.272054e-05 -9.995926e+01 -9.954506e+01 -5.156251e-02 1.520188e-01
118 -5.017091e-02 1.632825e-01 4.324517e-05 -1.388227e-04 -9.987381e+01 -9.945661e+01 -5.004908e-02 1.496377e-01
