0 -7.341100e-02 -7.332621e-02 2.341418e-02 1.664609e-01 -1.150900e+01 -1.190850e+01 1.204108e-02 -2.366609e+00
1 -4.116687e-02 -1.141949e-01 1.733761e-01 6.687153e+01 -4.858552e-01 -5.576447e-01 2.573070e-01 9.586800e+01
2 4.993360e-02 1.035402e+00 3.060597e-01 3.838960e+01 -3.717387e-01 -3.908604e-01 5.163241e-01 7.741365e+01
3 -1.929831e-01 -5.232120e-01 2.422993e-01 3.744591e+01 -1.342227e+00 -1.631953e+00 2.801049e-01 7.841328e+01
4 -6.309009e-02 -4.612293e-01 2.476680e-01 4.649784e+00 -1.827352e+00 -1.862264e+00 4.328794e-01 1.486696e+01
5 -7.209198e-02 4.212303e-01 1.719184e-01 8.357091e+00 -5.002021e+00 -5.434995e+00 2.355954e-01 2.159546e+01
6 -7.329514e-02 1.823350e+00 9.289940e-02 1.658796e-01 -1.589338e+01 -1.595613e+01 9.640862e-02 -2.596425e-01
7 -5.911048e-02 2.421583e-01 2.954854e-02 6.580779e-02 -3.672442e+01 -3.683470e+01 6.439573e-03 -3.290886e-01
8 -7.430974e-02 2.370876e+00 1.892503e-02 -2.392276e-04 -4.669427e+01 -4.661857e+01 -1.990952e-02 -8.369164e-02
9 -7.887718e-02 3.031017e+00 1.381573e-02 -2.138352e-02 -5.872228e+01 -5.861684e+01 -4.167033e-02 -3.208891e-01
10 -7.120220e-02 5.209039e-01 9.382396e-03 1.862476e-02 -6.716538e+01 -6.734413e+01 -5.004402e-02 -9.162990e-02
11 -4.977123e-02 -1.134326e-01 1.451628e-02 4.257920e-02 -5.367984e+01 -5.382118e+01 -4.863858e-03 -1.569655e-01
12 -5.529872e-02 1.419969e-01 5.146464e-02 2.932205e-01 -2.268111e+01 -2.292199e+01 4.699813e-02 -8.169548e-01
13 -4.961735e-02 3.468728e-02 8.498264e-02 1.179050e+00 -8.308984e+00 -8.523491e+00 1.026262e-01 1.333976e+00
14 -4.337874e-02 -4.578136e-02 1.122394e-01 4.163828e+00 -4.102668e+00 -4.260871e+00 1.631583e-01 1.207297e+01
15 -5.940138e-02 -6.710423e-02 5.948422e-02 2.725075e-01 -1.475829e+01 -1.487592e+01 5.123309e-02 -5.564451e-01
16 -4.012917e-02 -6.029152e-01 6.159161e-02 2.058154e+00 -1.223149e+01 -1.292273e+01 7.039776e-02 -3.200567e+00
17 -5.983746e-02 2.077225e-01 1.017215e-01 1.611530e+00 -8.987647e+00 -9.168234e+00 1.398232e-01 2.951618e+00
18 -5.923645e-02 3.220110e-01 6.445242e-02 5.743302e-01 -2.066237e+01 -2.107515e+01 6.664954e-02 -8.401219e-01
19 -5.148004e-02 3.846115e-01 2.984292e-02 1.920824e-01 -3.427060e+01 -3.458195e+01 7.185016e-03 -3.738212e-01
20 -8.894522e-02 2.390137e-01 2.311560e-02 1.058217e-01 -5.172373e+01 -5.217088e+01 -2.046637e-02 -4.237189e-01
21 -6.486859e-02 2.322505e+00 9.621941e-03 -1.351194e-02 -6.702988e+01 -6.714659e+01 -3.434172e-02 -3.847640e-01
22 -5.558539e-02 1.688235e-01 6.987785e-03 1.445275e-02 -7.953103e+01 -7.971654e+01 -3.979868e-02 -1.291633e-01
23 -6.302108e-02 5.632753e-01 3.661183e-03 -1.799612e-02 -8.684436e+01 -8.644118e+01 -5.456366e-02 -1.707060e-01
24 -6.866741e-02 4.703979e+00 8.148187e-04 6.148666e-02 -6.459021e+01 -6.630620e+01 -4.988901e-02 4.995900e+00
25 -1.138033e-01 4.264386e+00 1.136656e-03 2.938996e-02 -7.127512e+01 -7.784733e+01 -1.410370e-01 1.175883e+00
26 -4.970170e-02 9.055106e-01 7.209389e-05 -1.284055e-03 -9.968217e+01 -9.785630e+01 -4.966121e-02 7.872688e-01
27 -6.065044e-02 6.191102e-02 4.121693e-04 2.586040e-04 -9.696022e+01 -9.707626e+01 -6.035927e-02 -3.643287e-01
28 -4.677082e-02 -8.524570e-02 1.679654e-03 3.334107e-03 -9.284364e+01 -9.293451e+01 -4.241474e-02 -7.944711e-02
29 -4.124303e-02 4.106670e-02 4.698143e-03 7.030404e-04 -8.227146e+01 -8.224903e+01 -3.228736e-02 -6.007843e-02
30 -4.653070e-02 1.386291e-01 5.948118e-03 -1.229737e-03 -7.991932e+01 -7.988737e+01 -3.059676e-02 -6.976283e-02
31 -5.696395e-02 3.685036e-01 8.867221e-03 -5.590550e-03 -7.404137e+01 -7.401857e+01 -3.515883e-02 -1.701211e-01
32 -4.000771e-02 -3.672593e-01 1.623991e-02 1.335832e-01 -5.351767e+01 -5.386684e+01 -8.654118e-04 -1.824261e-01
33 -5.110718e-02 -4.631134e-01 4.061835e-02 2.783749e-01 -3.119102e+01 -3.151652e+01 3.333141e-02 -6.067471e-01
34 -4.430499e-02 1.253661e-02 4.582971e-02 2.983139e-01 -1.678894e+01 -1.691401e+01 5.152862e-02 2.655560e-02
35 -4.708747e-02 -1.608351e-01 7.401374e-02 1.232024e+00 -1.255019e+01 -1.284898e+01 9.581465e-02 1.161931e+00
36 -5.252267e-02 -2.536869e-01 8.316724e-02 2.073045e+00 -1.029253e+01 -1.070498e+01 9.984017e-02 5.541332e-01
37 -5.473293e-02 -5.612892e-01 6.239264e-02 1.057890e+00 -1.892203e+01 -1.952440e+01 6.610534e-02 -9.323134e-01
38 -4.284972e-02 3.370252e-02 8.091057e-02 1.809666e+00 -1.053412e+01 -1.087697e+01 1.082576e-01 2.524556e+00
39 -7.198482e-02 2.168395e-01 6.379433e-02 7.326172e-01 -2.005121e+01 -2.052332e+01 6.515636e-02 -1.334175e+00
40 -6.885065e-02 5.717451e-01 1.866551e-02 -2.391793e-02 -5.430155e+01 -5.418436e+01 -1.126952e-02 -4.111831e-02
41 -7.525741e-02 -1.218906e-01 3.600976e-03 8.589950e-03 -8.890934e+01 -8.916262e+01 -5.864031e-02 -2.691621e-01
42 -5.625222e-02 -8.986723e-01 1.387412e-03 1.942495e-02 -9.298184e+01 -9.417947e+01 -5.208283e-02 -3.294210e-01
43 -3.460948e-02 1.510459e-01 3.700346e-04 -1.600619e-03 -9.750173e+01 -9.714149e+01 -3.426410e-02 1.416217e-01
44 -9.064461e-02 -1.946670e-01 3.386398e-04 7.283203e-04 -9.882459e+01 -9.903083e+01 -8.893909e-02 -1.914113e-01
45 -2.689274e-02 -1.400834e-01 4.227034e-05 2.163887e-04 -9.964376e+01 -9.986245e+01 -2.774608e-02 -1.302462e-01
46 -6.705286e-02 -5.567311e-02 1.269977e-04 1.055870e-04 -9.962250e+01 -9.960018e+01 -6.634642e-02 -5.553881e-02
47 -4.796562e-02 -1.512012e-01 2.007521e-04 6.472672e-04 -9.914570e+01 -9.936420e+01 -4.756938e-02 -1.699670e-01
48 -6.441242e-02 8.678241e-02 1.274250e-03 1.119112e-03 -9.307233e+01 -9.322278e+01 -6.329794e-02 -2.984973e-01
49 -5.846243e-02 -1.666787e-01 6.579362e-03 2.440267e-02 -7.763223e+01 -7.783957e+01 -3.811822e-02 -1.143168e-01
50 -4.860399e-02 -6.363609e-01 1.658777e-02 6.207758e-02 -5.449803e+01 -5.468123e+01 -5.863435e-03 -2.792403e-01
51 -4.310405e-02 -1.527932e-01 1.562782e-02 -7.495284e-02 -4.652597e+01 -4.637520e+01 -7.731553e-03 -1.981794e-01
52 3.764091e-03 3.308839e-01 1.436540e-02 5.512680e-02 -5.484029e+01 -5.510802e+01 -1.398487e-02 -3.161287e-01
53 -7.882411e-02 -4.893256e-01 2.860781e-02 1.193167e-01 -4.388057e+01 -4.410818e+01 1.138399e-02 -5.184891e-01
54 -5.997155e-02 3.500019e-01 2.557651e-02 -1.527953e-02 -4.416682e+01 -4.408842e+01 5.549682e-03 -4.913462e-02
55 -4.890560e-02 -1.367824e-02 1.398934e-02 4.435005e-02 -5.700018e+01 -5.718605e+01 -1.925032e-02 -2.246194e-01
56 -5.066877e-02 -1.352683e-01 3.413385e-03 9.214465e-03 -8.412069e+01 -8.426516e+01 -4.290094e-02 -9.442998e-02
57 -6.846233e-02 1.651530e-01 6.017763e-04 -1.340129e-03 -9.775329e+01 -9.734328e+01 -6.705429e-02 9.234881e-02
58 -5.532516e-02 2.882720e-01 1.725792e-04 -8.917876e-04 -9.916358e+01 -9.849137e+01 -5.475179e-02 2.714941e-01
59 -4.100539e-02 -3.911489e-01 7.961220e-05 7.574937e-04 -9.948239e+01 -1.001751e+02 -4.073550e-02 -3.826467e-01
60 -7.996669e-02 1.033339e-01 6.940738e-05 -8.750648e-05 -9.977016e+01 -9.941435e+01 -7.990749e-02 8.839561e-02
61 -6.011712e-02 -6.690885e-02 2.546282e-05 2.829219e-05 -9.997410e+01 -9.998723e+01 -6.011093e-02 -6.623403e-02
62 -5.133077e-02 1.069160e-01 3.611116e-05 -7.499483e-05 -9.994034e+01 -9.962557e+01 -5.122598e-02 1.048333e-01
63 -5.460555e-02 -5.967746e-01 1.414963e-04 1.566536e-03 -9.923087e+01 -1.003357e+02 -5.413745e-02 -6.244003e-01
64 -4.736844e-02 -1.050139e-02 4.040570e-04 1.360374e-04 -9.838616e+01 -9.833443e+01 -4.638261e-02 -3.975039e-02
65 -4.162282e-02 1.426686e-01 1.021234e-03 -2.471957e-03 -9.570498e+01 -9.550289e+01 -3.891577e-02 -6.323420e-02
66 -3.848614e-02 -1.762078e-01 2.130890e-03 1.093703e-02 -9.089377e+01 -9.121602e+01 -3.306689e-02 -2.414414e-01
67 -4.583142e-02 -1.320678e-01 3.960042e-03 1.593771e-02 -8.686675e+01 -8.717873e+01 -3.710472e-02 -2.948578e-01
68 -3.701538e-02 1.398906e-01 6.342097e-03 -6.156067e-03 -7.326508e+01 -7.323215e+01 -1.590653e-02 -1.171465e-01
69 -5.002323e-02 -4.426487e-01 1.434764e-02 9.916988e-02 -5.948970e+01 -5.987832e+01 -1.315075e-02 -5.023934e-01
70 -4.314367e-02 4.239298e-01 1.326410e-02 -9.745774e-03 -5.831459e+01 -5.837085e+01 -1.021217e-02 -2.967537e-01
71 -4.662460e-02 -7.952416e-02 1.565262e-02 3.086747e-02 -5.392809e+01 -5.399920e+01 -1.041236e-02 -1.623070e-01
72 -3.909458e-02 -5.203257e-02 1.143593e-02 7.286200e-02 -6.078060e+01 -6.109539e+01 -7.008017e-03 -2.860827e-01
73 -4.444449e-02 -8.286665e-01 1.678043e-02 1.499202e-01 -4.841493e+01 -4.878126e+01 -6.950062e-03 -3.737858e-01
74 -1.118171e-01 5.718430e-02 1.045008e-02 -6.629458e-02 -6.800692e+01 -6.759250e+01 -7.490061e-02 -3.841727e-01
75 -5.566904e-02 1.345726e-01 2.914203e-04 -5.969659e-04 -9.882216e+01 -9.852295e+01 -5.535711e-02 2.707093e-02
76 -4.655530e-02 -2.535931e-01 2.096908e-04 1.144995e-03 -9.917083e+01 -9.958498e+01 -4.637584e-02 -2.564104e-01
77 -5.265723e-02 -5.859785e-02 8.440502e-05 9.316753e-05 -9.973766e+01 -9.974762e+01 -5.246270e-02 -5.553575e-02
78 -5.764409e-02 -1.025445e-01 2.259192e-05 4.114246e-05 -9.999564e+01 -1.000951e+02 -5.760996e-02 -1.168945e-01
79 -4.102247e-02 9.137781e-03 1.635121e-05 -3.574244e-06 -1.000084e+02 -9.990883e+01 -4.098446e-02 8.108807e-03
80 -3.997665e-02 -1.798951e-01 2.836917e-05 1.278169e-04 -9.994423e+01 -1.002246e+02 -3.989184e-02 -1.808204e-01
81 -3.795559e-02 -2.177538e-01 4.165867e-05 2.389428e-04 -9.986034e+01 -1.002191e+02 -3.786386e-02 -2.169240e-01
82 -4.597483e-02 6.423887e-01 8.311211e-05 -1.139209e-03 -9.969516e+01 -9.836976e+01 -4.593873e-02 5.709076e-01
83 -5.197433e-02 5.842310e-01 2.911326e-04 -3.116863e-03 -9.870974e+01 -9.755682e+01 -5.147296e-02 4.289299e-01
84 -3.360869e-02 -3.088692e-01 5.813015e-04 5.339329e-03 -9.641444e+01 -9.694578e+01 -3.243674e-02 -2.841575e-01
85 -4.991742e-02 -2.625685e-01 1.387038e-03 6.805525e-03 -9.307734e+01 -9.342187e+01 -4.759356e-02 -1.806335e-01
86 -4.249239e-02 -7.433168e-02 1.052123e-03 1.889152e-03 -9.325772e+01 -9.332283e+01 -3.907368e-02 -6.887712e-02
87 -5.258651e-02 1.077603e+00 1.887507e-03 -3.101487e-02 -8.992768e+01 -8.855716e+01 -4.556027e-02 1.511994e-01
88 -3.518730e-02 -1.545430e-01 1.302422e-03 6.289222e-03 -9.060186e+01 -9.085980e+01 -2.961660e-02 -1.592203e-01
89 -6.290106e-02 3.394154e-02 1.498613e-03 -3.436204e-04 -9.461322e+01 -9.450009e+01 -5.784026e-02 -6.333452e-02
90 -5.648076e-02 3.220230e-01 2.233694e-04 -1.229932e-03 -9.913331e+01 -9.842608e+01 -5.581825e-02 2.554508e-01
91 -4.504496e-02 6.939127e-03 2.235342e-05 -3.368743e-06 -9.998057e+01 -9.987731e+01 -4.499075e-02 6.029606e-03
92 -5.501201e-02 3.787862e-01 1.784236e-05 -1.225431e-04 -1.000118e+02 -9.914861e+01 -5.498765e-02 3.729019e-01
93 -4.900036e-02 -1.244902e-02 7.948508e-06 2.019758e-06 -1.000551e+02 -9.998204e+01 -4.897797e-02 -1.245619e-02
94 -5.184531e-02 -3.751490e-01 3.469594e-06 2.510206e-05 -1.000776e+02 -1.007239e+02 -5.183761e-02 -3.747634e-01
95 -4.972958e-02 -7.433437e-02 1.330581e-06 1.988971e-06 -1.000917e+02 -1.001409e+02 -4.972702e-02 -7.434304e-02
96 -4.883839e-02 8.533848e-02 2.385573e-06 -4.164577e-06 -1.000876e+02 -9.981958e+01 -4.883127e-02 8.484880e-02
97 -4.888946e-02 -7.136877e-02 5.703564e-06 8.364018e-06 -1.000772e+02 -1.001234e+02 -4.888158e-02 -7.330490e-02
98 -4.115249e-02 7.241861e-02 1.518516e-05 -2.664308e-05 -1.000179e+02 -9.979174e+01 -4.111353e-02 7.106756e-02
99 -3.851638e-02 3.643911e-01 4.855012e-05 -4.571723e-04 -9.984483e+01 -9.904745e+01 -3.841173e-02 3.532729e-01
100 -3.086931e-02 -2.036976e-01 8.934320e-05 5.905114e-04 -9.962411e+01 -9.996956e+01 -3.066157e-02 -2.043445e-01
101 -4.561045e-02 -8.110760e-01 2.469996e-04 4.319275e-03 -9.881096e+01 -1.002712e+02 -4.488475e-02 -7.193884e-01
102 -4.352902e-02 3.868878e-02 3.919161e-04 -3.453701e-04 -9.757517e+01 -9.741698e+01 -4.166544e-02 3.219637e-02
103 -4.591126e-02 -3.891492e-01 7.217279e-04 5.653058e-03 -9.655666e+01 -9.711587e+01 -4.478377e-02 -2.294550e-01
104 -3.255787e-02 -2.346930e-01 4.742375e-04 3.390997e-03 -9.637277e+01 -9.675540e+01 -3.112825e-02 -2.077578e-01
105 -4.745952e-02 1.559812e-01 5.576117e-04 -1.550933e-03 -9.736411e+01 -9.705860e+01 -4.522063e-02 2.658688e-02
106 -4.199607e-02 1.094192e-01 1.023177e-03 -2.564392e-03 -9.551705e+01 -9.524232e+01 -3.968618e-02 7.918833e-02
107 -5.593041e-02 -2.233805e-01 1.427080e-04 5.708283e-04 -9.957562e+01 -9.990988e+01 -5.538137e-02 -2.231813e-01
108 -4.804758e-02 -7.895634e-02 1.021552e-04 1.699352e-04 -9.960557e+01 -9.967095e+01 -4.774100e-02 -8.415920e-02
109 -5.697298e-02 -1.095611e-01 6.121225e-05 1.220924e-04 -9.977750e+01 -9.989845e+01 -5.676049e-02 -1.326620e-01
110 -4.478783e-02 -6.049572e-02 1.134170e-04 1.518874e-04 -9.945623e+01 -9.948540e+01 -4.441511e-02 -5.685719e-02
111 -7.129958e-02 3.463955e-01 4.150797e-05 -1.998239e-04 -9.980941e+01 -9.898927e+01 -7.095479e-02 3.261408e-01
112 -9.221448e-02 2.890970e-01 3.680350e-06 -1.153563e-05 -1.000924e+02 -9.933046e+01 -9.218181e-02 2.886261e-01
113 -5.264079e-02 -1.242273e-01 1.178884e-06 2.782313e-06 -1.000959e+02 -1.002391e+02 -5.263718e-02 -1.242868e-01
114 -3.826543e-02 -1.831115e-01 6.631083e-07 3.173146e-06 -1.000863e+02 -1.003760e+02 -3.826347e-02 -1.830912e-01
115 -4.075409e-02 5.496168e-02 1.565541e-06 -2.109685e-06 -1.000892e+02 -9.989797e+01 -4.074962e-02 5.470064e-02
116 -5.409722e-02 -6.442282e-01 9.126599e-06 1.085215e-04 -1.000594e+02 -1.012352e+02 -5.406524e-02 -6.380104e-01
117 -5.217027e-02 4.047658e-02 2.773273e-05 -2.110586e-05 -9.995917e+01 -9.977721e+01 -5.206856e-02 3.580026e-02
118 -5.006947e-02 2.710669e-01 4.476753e-05 -2.401455e-04 -9.986429e+01 -9.923322e+01 -4.993773e-02 2.555947e-01
