0 -7.216468e-02 -9.570895e-02 2.275170e-02 7.713602e-01 -9.045608e+00 -9.703996e+00 1.566200e-02 3.997291e-01
1 -3.753520e-02 8.054063e-02 2.122868e-01 8.433998e+01 -1.899504e-01 -2.035289e-01 3.605216e-01 9.929847e+01
2 4.881053e-02 1.692995e-01 3.148641e-01 1.021919e+01 -3.481023e-01 -3.563586e-01 5.653183e-01 4.436002e+01
3 -2.186290e-01 -5.864513e-01 2.224887e-01 2.162911e+01 -1.648026e+00 -1.922620e+00 2.881491e-01 5.278689e+01
4 -6.444152e-02 9.004942e-02 2.090328e-01 3.878147e+00 -2.995833e+00 -3.087822e+00 3.334996e-01 1.312962e+01
5 -7.400170e-02 -3.229327e-02 1.447292e-01 2.113798e+00 -7.745369e+00 -7.998354e+00 1.957159e-01 3.787526e+00
6 -6.654011e-02 1.117055e+00 6.207659e-02 2.133659e-01 -2.373192e+01 -2.390729e+01 5.694083e-02 -7.703494e-01
7 -6.073922e-02 4.714964e-01 2.125816e-02 1.577778e-02 -4.426512e+01 -4.426391e+01 -1.054690e-02 -4.938596e-02
8 -6.870848e-02 5.019680e-01 1.254585e-02 8.868399e-03 -5.356658e+01 -5.363432e+01 -2.594288e-02 -1.004210e-01
9 -7.689761e-02 5.826597e-01 8.734696e-03 5.345609e-02 -6.721633e+01 -6.770966e+01 -4.925947e-02 -2.088874e-01
10 -6.550469e-02 -7.058266e-01 5.639718e-03 4.100430e-02 -7.582174e+01 -7.626699e+01 -5.074544e-02 3.077667e-02
11 -4.556741e-02 3.430396e-02 8.164295e-03 -4.869351e-03 -6.427469e+01 -6.416191e+01 -1.499384e-02 9.361910e-02
12 -5.560588e-02 -5.301566e-01 3.690335e-02 1.539758e-01 -2.644955e+01 -2.658269e+01 2.387151e-02 -5.351997e-01
13 -4.982558e-02 6.002424e-03 8.194675e-02 2.121782e+00 -8.404560e+00 -8.730054e+00 1.006487e-01 2.454282e+00
14 -4.306897e-02 5.989295e-02 1.149543e-01 4.737784e+00 -3.663177e+00 -3.793916e+00 1.746007e-01 1.375836e+01
15 -6.068476e-02 -3.746741e-01 6.426110e-02 3.419450e-01 -1.245704e+01 -1.259170e+01 5.740640e-02 -1.362257e+00
16 -4.330685e-02 -4.118185e-01 6.301885e-02 2.664443e+00 -8.799401e+00 -9.407428e+00 6.679532e-02 -1.164178e+00
17 -5.694532e-02 8.175104e-02 1.159455e-01 1.798788e+00 -6.636968e+00 -6.777788e+00 1.675908e-01 4.745851e+00
18 -5.880201e-02 3.924379e-01 6.009642e-02 6.164037e-02 -1.976830e+01 -1.982592e+01 5.857380e-02 -7.759554e-01
19 -5.073896e-02 9.683461e-01 2.749523e-02 -9.744188e-03 -3.475494e+01 -3.477625e+01 1.023982e-03 -2.863603e-01
20 -1.015272e-01 8.157975e-01 2.158916e-02 4.116434e-02 -5.055359e+01 -5.056242e+01 -2.440738e-02 -4.593219e-02
21 -6.501540e-02 2.219792e+00 8.484309e-03 -2.552954e-02 -6.735350e+01 -6.716922e+01 -3.728799e-02 -1.632524e-01
22 -5.919587e-02 8.941495e-02 5.396475e-03 1.693237e-02 -8.348637e+01 -8.375575e+01 -4.589982e-02 -6.438112e-02
23 -6.544345e-02 3.250973e-01 2.250285e-03 -6.022783e-03 -9.080606e+01 -9.053300e+01 -5.975894e-02 -1.162222e-01
24 -6.705368e-02 2.689866e+00 5.201829e-04 3.124685e-02 -6.934329e+01 -7.587064e+01 -4.798065e-02 4.139535e+00
25 -1.106803e-01 1.818358e+00 6.248541e-04 1.108386e-02 -7.969073e+01 -8.613077e+01 -1.304464e-01 -3.747664e+00
26 -4.878765e-02 -6.946250e-02 4.069319e-05 6.188341e-05 -9.988400e+01 -9.994402e+01 -4.868256e-02 -9.690212e-02
27 -6.133775e-02 -4.726836e-01 2.252377e-04 1.957110e-03 -9.820129e+01 -9.923765e+01 -6.118460e-02 -7.445191e-01
28 -5.187417e-02 1.595770e-01 1.292417e-03 -2.726701e-03 -9.396027e+01 -9.371957e+01 -4.738246e-02 -2.355508e-03
29 -4.151695e-02 -2.254966e-01 4.350324e-03 1.638325e-02 -8.118870e+01 -8.133300e+01 -2.950982e-02 -8.506896e-02
30 -4.489620e-02 1.227937e-02 5.536550e-03 1.197705e-02 -8.003872e+01 -8.021653e+01 -2.754776e-02 -2.092700e-01
31 -5.465738e-02 2.015348e-01 7.272021e-03 2.053722e-02 -7.696485e+01 -7.730317e+01 -3.438460e-02 -3.654113e-01
32 -4.140685e-02 -2.072079e-01 1.276964e-02 3.739141e-02 -5.940551e+01 -5.943959e+01 -8.319825e-03 3.621766e-02
33 -4.910759e-02 -3.053318e-01 3.318522e-02 1.050685e-01 -3.540776e+01 -3.555173e+01 2.199716e-02 -3.637779e-01
34 -4.558443e-02 1.891321e-01 4.275737e-02 5.929506e-01 -1.664985e+01 -1.695708e+01 4.830525e-02 -1.607488e-01
35 -4.538542e-02 -1.212217e-01 8.094675e-02 1.580719e+00 -9.723504e+00 -9.930037e+00 1.077991e-01 2.132745e+00
36 -5.118592e-02 4.219892e-01 8.323513e-02 1.192229e+00 -8.584828e+00 -8.825787e+00 1.008315e-01 8.726939e-01
37 -5.598330e-02 -5.802605e-01 7.057469e-02 1.637572e+00 -1.383069e+01 -1.448580e+01 7.767036e-02 -1.312669e+00
38 -4.049408e-02 -5.175768e-02 8.831425e-02 3.257835e+00 -7.453879e+00 -7.774573e+00 1.230833e-01 6.572555e+00
39 -7.899433e-02 5.068161e-01 6.189336e-02 3.867430e-01 -1.990121e+01 -2.018124e+01 6.091034e-02 -1.545928e+00
40 -6.739773e-02 2.427603e-02 1.382555e-02 6.047315e-02 -6.045773e+01 -6.066336e+01 -1.625903e-02 -3.539341e-02
41 -8.280613e-02 1.263529e-01 3.711541e-03 -2.664258e-03 -8.841423e+01 -8.826234e+01 -5.904694e-02 -1.334276e-01
42 -5.693905e-02 -5.690385e-01 1.249276e-03 1.117266e-02 -9.325576e+01 -9.401019e+01 -5.217970e-02 -2.617956e-01
43 -4.084314e-02 -2.537372e-01 3.116696e-04 1.922952e-03 -9.810061e+01 -9.851283e+01 -4.006999e-02 -2.390326e-01
44 -7.706651e-02 -5.230035e-01 1.953110e-04 1.304710e-03 -9.923623e+01 -1.000898e+02 -7.656602e-02 -4.715445e-01
45 -3.497609e-02 2.167308e-01 4.061658e-05 -2.493082e-04 -9.981534e+01 -9.932017e+01 -3.508658e-02 2.053077e-01
46 -5.669513e-02 -1.716694e-01 7.544118e-05 2.278934e-04 -9.977842e+01 -1.000060e+02 -5.641795e-02 -1.684298e-01
47 -4.493382e-02 -1.596996e-01 1.486868e-04 5.338039e-04 -9.930674e+01 -9.954109e+01 -4.453441e-02 -1.677396e-01
48 -6.107424e-02 2.559781e-01 7.522796e-04 -2.052334e-03 -9.641842e+01 -9.611220e+01 -5.920132e-02 -1.051073e-01
49 -5.944267e-02 6.493779e-01 4.463987e-03 -1.220110e-02 -8.253726e+01 -8.240483e+01 -4.513545e-02 -2.038214e-01
50 -4.992074e-02 -3.961375e-01 1.512037e-02 -2.095291e-02 -5.448517e+01 -5.443989e+01 -6.131869e-03 -2.278536e-01
51 -4.033870e-02 -7.460325e-01 1.736398e-02 5.201912e-02 -4.141306e+01 -4.149592e+01 -3.868853e-03 -2.520935e-01
52 4.591789e-03 -6.169024e-02 1.812449e-02 1.477413e-01 -4.788344e+01 -4.824080e+01 -6.844980e-03 -2.347237e-01
53 -8.083042e-02 5.488136e-02 3.098872e-02 9.323014e-02 -3.821846e+01 -3.839989e+01 1.826601e-02 -6.127591e-01
54 -6.298076e-02 2.015674e-01 2.935601e-02 -3.803103e-02 -3.942614e+01 -3.929087e+01 1.246937e-02 6.990250e-02
55 -5.044450e-02 2.070282e-01 1.368737e-02 -8.950572e-03 -5.592581e+01 -5.592331e+01 -1.951540e-02 -2.079532e-01
56 -5.161710e-02 4.700055e-01 2.556127e-03 -1.636220e-02 -8.743662e+01 -8.693221e+01 -4.380265e-02 -4.630727e-02
57 -6.528440e-02 -2.413697e-01 4.493691e-04 1.674829e-03 -9.816548e+01 -9.851817e+01 -6.374599e-02 -2.422725e-01
58 -5.402324e-02 1.490351e-01 1.659058e-04 -4.495040e-04 -9.909171e+01 -9.869979e+01 -5.336034e-02 1.316829e-01
59 -4.450581e-02 3.068666e-01 7.427318e-05 -5.072759e-04 -9.954849e+01 -9.886059e+01 -4.422544e-02 2.878403e-01
60 -7.365719e-02 2.042373e-01 4.721400e-05 -1.289888e-04 -9.985584e+01 -9.931284e+01 -7.364691e-02 1.864128e-01
61 -5.942410e-02 -4.656720e-01 1.611240e-05 1.261333e-04 -1.000235e+02 -1.008336e+02 -5.939617e-02 -4.625782e-01
62 -4.880805e-02 1.697229e-01 2.138213e-05 -7.414206e-05 -1.000035e+02 -9.956882e+01 -4.873617e-02 1.665943e-01
63 -5.118709e-02 -9.239935e-01 8.618227e-05 1.553084e-03 -9.958022e+01 -1.013106e+02 -5.085871e-02 -9.045684e-01
64 -4.753163e-02 1.466683e-03 2.742246e-04 2.972419e-05 -9.899674e+01 -9.892545e+01 -4.673167e-02 -3.505480e-02
65 -4.483642e-02 3.016892e-01 8.941977e-04 -4.930332e-03 -9.627728e+01 -9.580632e+01 -4.218559e-02 3.383074e-02
66 -4.026474e-02 -4.708974e-01 2.151928e-03 2.465422e-02 -9.011866e+01 -9.086354e+01 -3.286404e-02 -3.880912e-01
67 -4.140911e-02 1.558355e-01 3.259851e-03 -6.407210e-03 -8.820652e+01 -8.809670e+01 -3.369875e-02 -1.719947e-01
68 -3.580054e-02 2.969375e-01 5.822037e-03 -2.332059e-02 -7.354697e+01 -7.338577e+01 -1.458393e-02 -5.764330e-02
69 -5.000031e-02 -2.478901e-01 1.580802e-02 6.592673e-02 -5.597748e+01 -5.624855e+01 -8.839837e-03 -6.197444e-01
70 -4.290828e-02 -6.293707e-02 1.532345e-02 3.036710e-03 -5.215438e+01 -5.205646e+01 -2.956834e-03 7.283786e-02
71 -4.699730e-02 1.781828e-01 1.983543e-02 2.709513e-02 -4.615235e+01 -4.619656e+01 -2.403371e-03 -1.875925e-01
72 -3.915285e-02 -7.110827e-02 1.467522e-02 1.003020e-01 -5.233169e+01 -5.259736e+01 9.008661e-04 -3.490063e-01
73 -4.664347e-02 2.783977e-01 1.957976e-02 2.965726e-02 -4.395807e+01 -4.413053e+01 -4.902301e-04 -5.872717e-01
74 -1.271167e-01 -2.792089e+00 8.207750e-03 6.262597e-02 -7.318607e+01 -7.369989e+01 -7.363171e-02 1.074124e-01
75 -5.305193e-02 2.771984e-01 3.319905e-04 -1.592447e-03 -9.860247e+01 -9.803631e+01 -5.231480e-02 1.544665e-01
76 -4.700942e-02 4.459669e-02 2.248229e-04 -2.096665e-04 -9.905771e+01 -9.887893e+01 -4.659354e-02 3.989479e-02
77 -5.271145e-02 -1.610184e-01 6.928435e-05 2.117225e-04 -9.978857e+01 -1.000048e+02 -5.252732e-02 -1.607803e-01
78 -5.605464e-02 -3.818586e-01 1.717244e-05 1.171695e-04 -1.000219e+02 -1.006755e+02 -5.601439e-02 -3.851683e-01
79 -3.918270e-02 1.051975e-01 1.284867e-05 -3.444731e-05 -1.000157e+02 -9.972771e+01 -3.914653e-02 1.042091e-01
80 -4.082311e-02 -4.432053e-01 2.828973e-05 3.066079e-04 -9.994369e+01 -1.007442e+02 -4.071325e-02 -4.374871e-01
81 -3.965802e-02 -2.157407e-01 5.001667e-05 2.724552e-04 -9.981195e+01 -1.001643e+02 -3.950592e-02 -2.166330e-01
82 -3.864205e-02 6.508971e-01 6.817250e-05 -1.139103e-03 -9.974682e+01 -9.839299e+01 -3.845261e-02 6.169455e-01
83 -5.039134e-02 6.857652e-01 2.220072e-04 -2.899135e-03 -9.905624e+01 -9.770356e+01 -4.991858e-02 5.262788e-01
84 -2.578014e-02 -1.251882e-01 4.100417e-04 2.009079e-03 -9.670258e+01 -9.690154e+01 -2.521439e-02 -1.312451e-01
85 -4.963149e-02 -6.090850e-02 1.648618e-03 1.797833e-03 -9.152163e+01 -9.152263e+01 -4.606072e-02 -4.400536e-02
86 -4.213720e-02 1.822209e-01 1.370813e-03 -4.554535e-03 -9.059381e+01 -9.033359e+01 -3.647423e-02 -4.990503e-02
87 -4.939509e-02 4.821723e-02 2.239278e-03 -9.022785e-04 -8.680213e+01 -8.672490e+01 -3.974122e-02 -8.698320e-02
88 -3.662466e-02 -2.005682e-01 1.846905e-03 8.349339e-03 -8.732691e+01 -8.749381e+01 -2.741042e-02 -6.051092e-03
89 -6.335187e-02 1.352015e-01 1.653391e-03 -3.025389e-03 -9.391186e+01 -9.360895e+01 -5.720616e-02 2.544572e-02
90 -5.803728e-02 1.586223e-01 1.951563e-04 -5.116458e-04 -9.931922e+01 -9.891458e+01 -5.735877e-02 1.202226e-01
91 -4.678704e-02 -5.530473e-02 2.605118e-05 3.087787e-05 -9.996083e+01 -9.997845e+01 -4.670990e-02 -5.611303e-02
92 -5.474019e-02 3.075477e-01 1.975091e-05 -1.105805e-04 -9.998904e+01 -9.926942e+01 -5.468517e-02 3.008541e-01
93 -5.061706e-02 -1.205478e-01 7.671572e-06 1.827234e-05 -1.000582e+02 -1.001980e+02 -5.058503e-02 -1.205506e-01
94 -4.994498e-02 -8.977923e-02 2.754754e-06 4.949492e-06 -1.000781e+02 -1.001576e+02 -4.993820e-02 -8.951138e-02
95 -5.216459e-02 -2.003850e-01 1.266116e-06 4.863775e-06 -1.000974e+02 -1.003938e+02 -5.216108e-02 -2.004015e-01
96 -4.573827e-02 -2.329490e-01 2.255319e-06 1.148850e-05 -1.000808e+02 -1.004553e+02 -4.573077e-02 -2.331502e-01
97 -4.417318e-02 -2.012343e-01 4.095875e-06 1.866595e-05 -1.000777e+02 -1.003920e+02 -4.416372e-02 -2.016350e-01
98 -4.244638e-02 -6.627554e-02 1.220437e-05 1.912022e-05 -1.000372e+02 -1.000858e+02 -4.240783e-02 -6.755418e-02
99 -3.717948e-02 1.068462e-01 3.802465e-05 -1.085816e-04 -9.987903e+01 -9.959425e+01 -3.707073e-02 1.024783e-01
100 -3.141075e-02 -1.607136e-01 8.693261e-05 4.463039e-04 -9.961754e+01 -9.987700e+01 -3.114187e-02 -1.625864e-01
101 -4.414847e-02 -4.031037e-01 2.452826e-04 2.215362e-03 -9.888362e+01 -9.957631e+01 -4.342645e-02 -3.715513e-01
102 -4.135049e-02 7.476330e-02 4.110351e-04 -4.565460e-04 -9.730118e+01 -9.718478e+01 -3.906771e-02 -8.027283e-02
103 -4.606768e-02 -5.947099e-01 9.314758e-04 1.116096e-02 -9.543802e+01 -9.633790e+01 -4.387148e-02 -3.607614e-01
104 -3.248099e-02 -4.733230e-01 6.578222e-04 9.109376e-03 -9.495549e+01 -9.570274e+01 -2.961829e-02 -3.116220e-01
105 -4.549121e-02 5.010276e-02 7.516278e-04 -4.540474e-04 -9.587313e+01 -9.577281e+01 -4.212569e-02 -6.322840e-02
106 -4.585828e-02 7.262186e-03 1.443555e-03 5.484316e-04 -9.400242e+01 -9.399110e+01 -4.187360e-02 -1.147228e-01
107 -5.650201e-02 7.701373e-02 1.664840e-04 -2.210819e-04 -9.949655e+01 -9.923925e+01 -5.582651e-02 6.438615e-02
108 -4.535748e-02 1.494797e-01 1.358672e-04 -4.366304e-04 -9.940400e+01 -9.903184e+01 -4.483609e-02 1.259440e-01
109 -5.771652e-02 -1.141971e-01 9.130124e-05 1.823910e-04 -9.959204e+01 -9.970867e+01 -5.727797e-02 -1.192142e-01
110 -4.334442e-02 2.879939e-02 1.525806e-04 -9.765131e-05 -9.923498e+01 -9.909613e+01 -4.275156e-02 2.226949e-02
111 -7.048162e-02 7.709884e-01 4.371781e-05 -4.765868e-04 -9.978927e+01 -9.812273e+01 -7.011142e-02 7.512749e-01
112 -8.746207e-02 3.264425e-01 4.513439e-06 -1.684140e-05 -1.000837e+02 -9.925671e+01 -8.742210e-02 3.257695e-01
113 -5.290099e-02 2.629036e-01 1.286156e-06 -6.390614e-06 -1.000948e+02 -9.946345e+01 -5.289668e-02 2.625754e-01
114 -3.620220e-02 2.131461e-01 6.479483e-07 -3.814572e-06 -1.000850e+02 -9.958634e+01 -3.619980e-02 2.130201e-01
115 -3.520778e-02 -1.041446e-01 1.602468e-06 4.740507e-06 -1.000785e+02 -1.002164e+02 -3.520225e-02 -1.041814e-01
116 -5.037378e-02 -4.314489e-01 7.407226e-06 6.341002e-05 -1.000657e+02 -1.008267e+02 -5.034460e-02 -4.298737e-01
117 -5.167016e-02 2.603681e-01 2.685792e-05 -1.347498e-04 -9.995936e+01 -9.934068e+01 -5.156164e-02 2.530845e-01
118 -5.031834e-02 1.178394e-01 5.601833e-05 -1.280672e-04 -9.979781e+01 -9.947363e+01 -5.010196e-02 1.007259e-01
