0 -6.890112e-02 -5.320943e-02 2.349480e-02 1.103096e+00 -6.726023e+00 -7.184945e+00 1.111023e-02 -8.131070e+00
1 -2.925955e-02 -4.279754e-01 3.445909e-01 9.727717e+01 -1.518086e-02 -1.528412e-02 6.598913e-01 9.998312e+01
2 3.688312e-02 -8.403608e-02 4.045971e-01 1.546822e+01 -1.470672e-01 -1.485380e-01 7.560492e-01 4.907344e+01
3 -2.517821e-01 7.111724e-01 2.281387e-01 -4.465699e+00 -1.702773e+00 -1.737127e+00 3.509071e-01 5.104241e+00
4 -6.428660e-02 1.873827e-01 1.595828e-01 1.503903e+00 -5.626964e+00 -5.747524e+00 2.336820e-01 3.386903e+00
5 -7.154917e-02 6.764803e-02 9.663675e-02 1.023168e+00 -1.491658e+01 -1.523890e+01 1.189330e-01 7.344006e-01
6 -5.626938e-02 -4.602817e-01 3.161323e-02 1.539200e-01 -3.379884e+01 -3.397502e+01 1.041840e-02 1.373924e-01
7 -6.469849e-02 9.938464e-01 1.354583e-02 2.410135e-02 -5.328206e+01 -5.341630e+01 -2.338475e-02 -2.295165e-01
8 -7.113322e-02 -1.112279e+00 6.160752e-03 5.733936e-02 -6.763342e+01 -6.826123e+01 -4.615568e-02 4.314252e-02
9 -7.103933e-02 -3.554108e-01 2.982478e-03 2.375433e-03 -8.428085e+01 -8.396161e+01 -6.340380e-02 3.082423e-01
10 -5.902097e-02 7.281551e-01 2.367729e-03 -1.964194e-02 -8.568627e+01 -8.499291e+01 -5.067795e-02 -8.229755e-02
11 -4.862054e-02 -4.106520e-01 3.977706e-03 1.425403e-02 -7.480614e+01 -7.486233e+01 -2.808074e-02 -1.236631e-02
12 -5.527797e-02 -1.887242e-01 2.207196e-02 -7.881960e-02 -3.292530e+01 -3.268274e+01 3.073773e-03 1.985384e-01
13 -5.150893e-02 3.523221e-01 7.490985e-02 2.201937e+00 -1.003490e+01 -1.051894e+01 9.109868e-02 1.446071e+00
14 -4.577765e-02 -4.487001e-02 1.302088e-01 1.188856e+01 -3.023214e+00 -3.267166e+00 1.861916e-01 3.298375e+01
15 -6.071339e-02 2.921911e-01 6.879105e-02 -5.386157e-02 -9.650603e+00 -9.577734e+00 6.315484e-02 3.233425e-01
16 -4.525287e-02 -6.121141e-01 7.605496e-02 7.423774e+00 -4.986660e+00 -5.471840e+00 8.911010e-02 1.720062e+01
17 -5.415006e-02 1.879626e-01 1.423321e-01 1.102922e+00 -4.275859e+00 -4.334144e+00 2.076378e-01 3.795345e+00
18 -5.543360e-02 -1.014753e-01 5.174772e-02 3.020265e-01 -1.924543e+01 -1.939588e+01 4.421400e-02 -1.306476e-01
19 -5.200725e-02 1.699527e+00 2.396868e-02 2.432300e-02 -3.512090e+01 -3.516783e+01 -9.727006e-03 -2.548931e-01
20 -1.213774e-01 2.067567e+00 1.856322e-02 2.125365e-04 -4.905960e+01 -4.887558e+01 -3.002502e-02 2.317685e-01
21 -6.709661e-02 6.532690e-01 6.065708e-03 3.212476e-02 -7.005736e+01 -7.024961e+01 -4.420702e-02 7.834239e-02
22 -6.383309e-02 2.294685e-01 2.870657e-03 1.054152e-03 -9.003391e+01 -9.017493e+01 -5.667912e-02 -2.825175e-01
23 -6.831431e-02 1.817880e-01 7.940776e-04 -1.889799e-03 -9.600323e+01 -9.558222e+01 -6.581453e-02 1.148638e-01
24 -6.489879e-02 1.239993e-01 1.377001e-04 2.299721e-03 -9.113226e+01 -9.482542e+01 -6.613200e-02 -4.262490e+00
25 -9.969329e-02 -8.363455e-01 1.527175e-04 2.285128e-03 -9.458323e+01 -9.842070e+01 -1.064378e-01 -3.833558e+00
26 -4.791579e-02 8.021820e-02 1.403060e-05 -2.324994e-05 -1.000217e+02 -9.976883e+01 -4.786929e-02 7.526321e-02
27 -6.037962e-02 7.430694e-01 7.413504e-05 -8.515732e-04 -9.941651e+01 -9.800988e+01 -6.022010e-02 4.633466e-01
28 -5.856870e-02 5.516443e-01 7.279622e-04 -5.470928e-03 -9.561158e+01 -9.483220e+01 -5.447165e-02 6.145305e-02
29 -4.299017e-02 -6.413529e-01 4.087649e-03 4.040657e-02 -7.907362e+01 -7.952792e+01 -2.585840e-02 -1.501318e-01
30 -4.392712e-02 -2.397583e-01 5.863787e-03 1.801615e-02 -7.620621e+01 -7.625909e+01 -2.149767e-02 1.327556e-02
31 -4.885437e-02 -2.996100e-01 5.036586e-03 3.220420e-02 -8.134490e+01 -8.178608e+01 -3.233952e-02 -2.634430e-01
32 -4.293280e-02 2.522615e-01 1.034647e-02 5.210493e-02 -6.429959e+01 -6.458420e+01 -1.257512e-02 -1.326938e-01
33 -4.342200e-02 2.737239e-02 2.138124e-02 -2.198724e-02 -4.390377e+01 -4.388440e+01 5.756109e-03 -2.931495e-01
34 -4.414846e-02 -8.799205e-02 3.717646e-02 3.042496e-01 -1.826307e+01 -1.850954e+01 4.055125e-02 -9.940630e-01
35 -4.390518e-02 -2.622124e-01 9.174829e-02 3.530388e+00 -7.094796e+00 -7.412700e+00 1.251282e-01 6.478206e+00
36 -5.169821e-02 1.511612e-02 9.239195e-02 1.962551e+00 -6.345570e+00 -6.534909e+00 1.250089e-01 4.026301e+00
37 -5.539356e-02 6.154773e-02 8.147473e-02 9.468041e-01 -8.658884e+00 -8.889420e+00 9.159511e-02 -1.951292e+00
38 -4.319052e-02 1.822006e-01 1.054887e-01 8.166398e+00 -4.440031e+00 -4.768939e+00 1.508426e-01 1.929677e+01
39 -8.864761e-02 -2.843233e-01 5.671555e-02 8.048314e-01 -2.149818e+01 -2.204779e+01 5.136573e-02 -9.116353e-01
40 -5.549074e-02 2.524103e-01 7.475603e-03 -7.029227e-03 -6.902721e+01 -6.896535e+01 -2.250980e-02 -5.727320e-03
41 -9.043888e-02 -5.943909e-01 3.700230e-03 2.165822e-02 -8.816892e+01 -8.878974e+01 -5.936687e-02 -1.251718e-01
42 -5.578777e-02 1.784250e-01 8.699699e-04 -1.454293e-03 -9.447461e+01 -9.432794e+01 -5.157403e-02 -2.018138e-01
43 -5.116246e-02 -4.098634e-01 1.931182e-04 1.514340e-03 -9.887569e+01 -9.955158e+01 -5.044448e-02 -3.550588e-01
44 -6.023740e-02 2.120332e-01 8.219725e-05 -2.862732e-04 -9.962948e+01 -9.909562e+01 -6.005815e-02 1.985888e-01
45 -4.201045e-02 2.271166e-01 3.655951e-05 -1.965386e-04 -9.987305e+01 -9.934112e+01 -4.185163e-02 2.186687e-01
46 -4.323601e-02 -2.217786e-01 3.175667e-05 1.627823e-04 -9.993054e+01 -1.002864e+02 -4.313493e-02 -2.203338e-01
47 -4.078865e-02 -2.376637e-01 8.240639e-05 4.829310e-04 -9.959234e+01 -9.998947e+01 -4.045983e-02 -2.436357e-01
48 -5.056878e-02 1.032794e-01 3.310356e-04 -6.021614e-04 -9.830945e+01 -9.805117e+01 -4.902589e-02 3.734849e-02
49 -6.028235e-02 9.967312e-01 2.228453e-03 -1.466678e-02 -8.970582e+01 -8.943486e+01 -5.191407e-02 -4.033429e-01
50 -5.157254e-02 -4.471381e-01 1.209116e-02 2.578896e-02 -5.682062e+01 -5.703434e+01 -9.886415e-03 -3.550816e-01
51 -3.574035e-02 -1.137709e+00 2.005066e-02 8.686254e-03 -3.630451e+01 -3.630581e+01 2.449920e-03 -2.291381e-01
52 -1.889439e-04 3.379233e-01 2.333318e-02 1.389157e-01 -3.854627e+01 -3.889556e+01 3.056743e-03 -5.361729e-01
53 -7.755222e-02 4.396711e-01 3.373124e-02 3.701948e-01 -3.063081e+01 -3.112911e+01 2.495203e-02 -9.549438e-01
54 -6.751456e-02 -1.294668e-01 3.389194e-02 4.730206e-03 -3.412444e+01 -3.412016e+01 2.056398e-02 -1.451283e-01
55 -5.450122e-02 5.627154e-01 1.230371e-02 -6.081975e-02 -5.750162e+01 -5.723018e+01 -2.340276e-02 -1.205573e-01
56 -5.067948e-02 -5.454248e-02 1.402509e-03 1.422974e-03 -9.282566e+01 -9.282507e+01 -4.474810e-02 -4.986616e-02
57 -6.250159e-02 1.456827e-01 3.456843e-04 -7.504191e-04 -9.813575e+01 -9.776537e+01 -6.099773e-02 8.675733e-02
58 -5.362230e-02 6.015052e-01 1.402118e-04 -1.553036e-03 -9.913749e+01 -9.786947e+01 -5.287746e-02 5.487624e-01
59 -4.885819e-02 8.705324e-02 5.424719e-05 -9.332048e-05 -9.973163e+01 -9.947262e+01 -4.864690e-02 6.894299e-02
60 -6.650495e-02 7.921972e-01 2.165203e-05 -2.570891e-04 -9.998444e+01 -9.827862e+01 -6.648393e-02 7.768052e-01
61 -5.735259e-02 2.236670e-01 6.573936e-06 -2.562442e-05 -1.000681e+02 -9.950668e+01 -5.733333e-02 2.229127e-01
62 -4.292578e-02 -1.185950e-01 8.191085e-06 2.262248e-05 -1.000487e+02 -1.001998e+02 -4.289602e-02 -1.182689e-01
63 -4.311586e-02 -1.262193e+00 3.214420e-05 9.394641e-04 -9.990771e+01 -1.023328e+02 -4.297726e-02 -1.245525e+00
64 -4.427039e-02 4.024876e-01 1.285884e-04 -1.147725e-03 -9.955309e+01 -9.869405e+01 -4.381173e-02 3.555006e-01
65 -4.844286e-02 7.464676e-02 6.385239e-04 -3.950966e-04 -9.730349e+01 -9.722727e+01 -4.624678e-02 -1.375887e-01
66 -4.228131e-02 -4.074138e-01 2.168745e-03 2.284140e-02 -8.867320e+01 -8.942648e+01 -3.242918e-02 -4.719529e-01
67 -4.264026e-02 1.435677e-01 3.244237e-03 -3.168742e-03 -8.725945e+01 -8.724634e+01 -3.319246e-02 -2.293815e-01
68 -3.629409e-02 2.387374e-01 5.261050e-03 -1.007564e-02 -7.471514e+01 -7.475021e+01 -1.469474e-02 -3.260231e-01
69 -5.031758e-02 -1.869211e-01 1.705743e-02 4.915031e-02 -5.371464e+01 -5.386582e+01 -4.175534e-03 -2.980879e-01
70 -4.385641e-02 -8.135859e-01 1.809398e-02 1.849992e-01 -4.443969e+01 -4.485817e+01 3.884871e-03 -3.954044e-01
71 -4.771344e-02 -1.336135e-01 2.643184e-02 1.661745e-01 -3.684244e+01 -3.715297e+01 9.596399e-03 -5.506247e-01
72 -3.920127e-02 -6.815854e-02 1.981722e-02 2.136451e-01 -4.086999e+01 -4.127358e+01 1.132822e-02 -6.457390e-01
73 -5.405262e-02 9.030540e-02 2.422340e-02 3.572477e-02 -3.976380e+01 -3.987020e+01 8.960142e-03 -4.673015e-01
74 -1.428330e-01 2.728441e+00 5.015137e-03 -6.292061e-02 -8.527301e+01 -8.302901e+01 -6.802187e-02 1.081699e-01
75 -4.733078e-02 -3.361275e-03 3.597915e-04 1.255053e-04 -9.838728e+01 -9.835112e+01 -4.616795e-02 -7.403590e-02
76 -4.742699e-02 -6.815769e-02 2.185959e-04 3.263680e-04 -9.898325e+01 -9.903466e+01 -4.675835e-02 -8.232859e-02
77 -5.267036e-02 -1.556405e-01 4.366223e-05 1.288113e-04 -9.988382e+01 -1.000883e+02 -5.251431e-02 -1.536662e-01
78 -5.327196e-02 1.876131e-01 1.002582e-05 -3.519790e-05 -1.000429e+02 -9.956376e+01 -5.324183e-02 1.839778e-01
79 -4.523083e-02 9.648091e-02 9.302016e-06 -1.978543e-05 -1.000434e+02 -9.976120e+01 -4.519638e-02 9.476401e-02
80 -4.045810e-02 2.461619e-01 2.533123e-05 -1.538228e-04 -9.994679e+01 -9.937647e+01 -4.032632e-02 2.424842e-01
81 -4.199028e-02 5.514671e-02 6.176560e-05 -7.813062e-05 -9.974112e+01 -9.955564e+01 -4.173079e-02 4.279529e-02
82 -3.642133e-02 1.597770e-02 7.285219e-05 -2.954862e-05 -9.964377e+01 -9.954429e+01 -3.611240e-02 8.682264e-03
83 -4.446379e-02 3.990567e-01 1.496454e-04 -1.315482e-03 -9.932971e+01 -9.848165e+01 -4.397340e-02 3.465925e-01
84 -2.190141e-02 -1.516128e-01 2.673115e-04 1.843444e-03 -9.747837e+01 -9.773196e+01 -2.188581e-02 -1.469330e-01
85 -5.167874e-02 -4.158918e-01 1.959224e-03 1.411220e-02 -8.994887e+01 -9.047098e+01 -4.566012e-02 -2.077651e-01
86 -4.181518e-02 3.881387e-01 1.988628e-03 -1.400937e-02 -8.612057e+01 -8.568640e+01 -3.174350e-02 -8.355713e-02
87 -5.273758e-02 -3.806894e-01 3.226808e-03 2.374010e-02 -8.125643e+01 -8.180148e+01 -3.692527e-02 -3.107351e-01
88 -3.863848e-02 4.551052e-02 2.892845e-03 -2.433184e-03 -8.242300e+01 -8.232565e+01 -2.387820e-02 -1.097104e-02
89 -6.206354e-02 6.966996e-02 1.611535e-03 -1.451449e-03 -9.357631e+01 -9.337878e+01 -5.562085e-02 -1.566304e-03
90 -5.888915e-02 6.498453e-03 1.504283e-04 -1.694217e-05 -9.958348e+01 -9.945295e+01 -5.830086e-02 7.261853e-03
91 -5.099070e-02 -2.430264e-01 3.294246e-05 1.570015e-04 -9.992462e+01 -1.003080e+02 -5.084986e-02 -2.423188e-01
92 -5.498011e-02 1.223484e-01 2.063902e-05 -4.576048e-05 -9.995984e+01 -9.960746e+01 -5.487497e-02 1.194317e-01
93 -5.342875e-02 6.543897e-01 5.935883e-06 -7.267343e-05 -1.000702e+02 -9.865614e+01 -5.339793e-02 6.524671e-01
94 -4.722665e-02 -4.385776e-01 1.567048e-06 1.455100e-05 -1.000807e+02 -1.008631e+02 -4.722159e-02 -4.382365e-01
95 -5.480324e-02 -3.413676e-01 1.046918e-06 6.522123e-06 -1.001036e+02 -1.006769e+02 -5.479948e-02 -3.416283e-01
96 -4.147230e-02 -2.497663e-02 2.123422e-06 1.278981e-06 -1.000695e+02 -1.000365e+02 -4.146314e-02 -2.498898e-02
97 -3.845600e-02 -1.109332e-01 2.539324e-06 7.324839e-06 -1.000742e+02 -1.002192e+02 -3.844731e-02 -1.108813e-01
98 -4.131266e-02 -1.170754e-01 7.818123e-06 2.216966e-05 -1.000507e+02 -1.002024e+02 -4.128383e-02 -1.174369e-01
99 -3.982942e-02 1.140111e-01 2.591733e-05 -7.371571e-05 -9.994396e+01 -9.963965e+01 -3.972380e-02 1.093819e-01
100 -3.341902e-02 6.317368e-03 8.039677e-05 -6.220766e-06 -9.959580e+01 -9.953157e+01 -3.305244e-02 -1.561542e-02
101 -4.296779e-02 2.244732e-01 2.371654e-04 -1.215195e-03 -9.900318e+01 -9.849136e+01 -4.216089e-02 1.957545e-01
102 -3.712915e-02 2.417807e-01 3.844880e-04 -2.338131e-03 -9.736746e+01 -9.688914e+01 -3.481477e-02 1.424107e-01
103 -4.690379e-02 -2.541322e-01 1.240350e-03 6.400216e-03 -9.390399e+01 -9.425511e+01 -4.289970e-02 -1.951629e-01
104 -3.187819e-02 -1.148299e-01 9.575875e-04 2.555381e-03 -9.265583e+01 -9.270575e+01 -2.668774e-02 2.874693e-02
105 -4.193518e-02 -2.471567e-01 1.119666e-03 6.511925e-03 -9.280080e+01 -9.316565e+01 -3.652869e-02 -1.959504e-01
106 -5.221490e-02 -6.180485e-02 2.188626e-03 3.042681e-03 -9.136917e+01 -9.142629e+01 -4.460347e-02 -1.160007e-01
107 -5.493026e-02 -4.261303e-02 1.859293e-04 1.474916e-04 -9.939028e+01 -9.936968e+01 -5.418592e-02 -4.791251e-02
108 -4.222003e-02 -1.120647e-01 1.905830e-04 5.147711e-04 -9.906468e+01 -9.921046e+01 -4.135679e-02 -1.212208e-01
109 -5.608385e-02 -3.670463e-01 1.483515e-04 9.635899e-04 -9.921730e+01 -9.982232e+01 -5.525036e-02 -3.447278e-01
110 -4.124001e-02 1.360243e-01 2.108152e-04 -6.892582e-04 -9.887071e+01 -9.852570e+01 -4.028945e-02 1.260116e-01
111 -6.834892e-02 -7.667276e-01 3.882657e-05 4.345994e-04 -9.981312e+01 -1.011985e+02 -6.798501e-02 -7.526844e-01
112 -8.202591e-02 1.097954e-01 5.289623e-06 -7.080073e-06 -1.000757e+02 -9.969231e+01 -8.198013e-02 1.097041e-01
113 -5.379047e-02 -1.761815e-01 1.219403e-06 3.993478e-06 -1.000952e+02 -1.003399e+02 -5.378565e-02 -1.760412e-01
114 -3.383907e-02 -1.498003e-02 5.295437e-07 2.346167e-07 -1.000863e+02 -1.000487e+02 -3.383654e-02 -1.505436e-02
115 -3.524919e-02 -1.364598e-02 1.826981e-06 7.079783e-07 -1.000782e+02 -1.000351e+02 -3.524108e-02 -1.372409e-02
116 -4.470725e-02 7.697216e-02 5.165256e-06 -8.876563e-06 -1.000679e+02 -9.982512e+01 -4.468652e-02 7.608539e-02
117 -4.972370e-02 -7.546032e-02 2.109185e-05 3.220090e-05 -9.998151e+01 -1.000347e+02 -4.962235e-02 -7.799687e-02
118 -5.058912e-02 -2.504716e-03 6.728650e-05 2.491187e-06 -9.972267e+01 -9.962440e+01 -5.025140e-02 1.218327e-03
