0 -7.112396e-02 -1.056191e-01 2.364929e-02 1.047815e+00 -7.682335e+00 -8.198935e+00 1.357686e-02 -2.805211e+00
1 -3.309032e-02 -1.787487e-01 2.747982e-01 9.359355e+01 -5.941495e-02 -6.089469e-02 5.071715e-01 9.989908e+01
2 4.355449e-02 -4.534408e-01 3.555871e-01 -2.961440e+00 -2.476660e-01 -2.495287e-01 6.693987e-01 2.190985e+01
3 -2.375375e-01 -2.234387e-01 2.199380e-01 3.090571e+00 -1.744337e+00 -1.861864e+00 3.238290e-01 1.986979e+01
4 -6.544752e-02 8.613701e-01 1.798940e-01 2.954303e+00 -4.328860e+00 -4.460106e+00 2.722047e-01 7.746736e+00
5 -7.375210e-02 2.782253e-01 1.196523e-01 1.337813e+00 -1.134933e+01 -1.162391e+01 1.578289e-01 1.547085e+00
6 -6.007982e-02 2.476164e-01 4.218386e-02 -5.898938e-03 -2.989487e+01 -2.981082e+01 2.692205e-02 -7.772820e-02
7 -6.215141e-02 4.349306e-01 1.627840e-02 -2.480136e-02 -4.900296e+01 -4.891636e+01 -1.827793e-02 -1.892053e-01
8 -6.995182e-02 2.405552e-01 8.854135e-03 -2.183828e-02 -6.098456e+01 -6.082579e+01 -3.698302e-02 -1.960919e-01
9 -7.311858e-02 -2.377083e-01 5.069992e-03 6.666868e-03 -7.645291e+01 -7.633133e+01 -5.703580e-02 1.350248e-02
10 -5.927904e-02 -3.070017e-01 3.373991e-03 1.214489e-02 -8.197809e+01 -8.218033e+01 -4.988958e-02 -1.317183e-01
11 -4.655334e-02 1.601963e-01 5.359455e-03 4.703523e-03 -7.131842e+01 -7.146302e+01 -2.264380e-02 -2.550897e-01
12 -5.493660e-02 -2.059822e-01 2.784019e-02 -1.067696e-01 -2.978074e+01 -2.956620e+01 1.015694e-02 3.053915e-02
13 -5.017563e-02 3.651706e-01 8.000211e-02 2.997259e+00 -9.104151e+00 -9.627275e+00 9.923990e-02 3.322234e+00
14 -4.473373e-02 6.788884e-02 1.247832e-01 7.534133e+00 -3.300388e+00 -3.481830e+00 1.870108e-01 2.208372e+01
15 -6.083503e-02 -1.849610e-02 6.746319e-02 9.249704e-01 -1.085438e+01 -1.108589e+01 6.234403e-02 -2.815038e-01
16 -4.464948e-02 -4.355427e-01 6.735114e-02 5.213116e+00 -6.601813e+00 -7.229197e+00 7.305969e-02 7.132779e+00
17 -5.409414e-02 -1.395772e-01 1.280868e-01 1.409902e+00 -5.166349e+00 -5.257263e+00 1.855566e-01 4.848211e+00
18 -5.679386e-02 -3.621146e-02 5.529200e-02 2.818677e-01 -1.937813e+01 -1.950733e+01 5.023177e-02 -2.166385e-01
19 -5.021312e-02 2.359967e+00 2.550094e-02 2.293269e-02 -3.511784e+01 -3.512623e+01 -4.982342e-03 -4.899701e-02
20 -1.122408e-01 1.108874e+00 1.997617e-02 9.091574e-02 -4.958848e+01 -4.988214e+01 -2.787650e-02 -2.838569e-01
21 -6.775198e-02 6.778085e-01 7.252275e-03 5.476359e-02 -6.853492e+01 -6.910105e+01 -4.077205e-02 -1.522342e-01
22 -6.161758e-02 -4.916351e-03 3.926457e-03 1.332967e-02 -8.709166e+01 -8.745043e+01 -5.169482e-02 -2.200351e-01
23 -6.717020e-02 -6.296896e-02 1.324211e-03 1.994858e-03 -9.390513e+01 -9.400890e+01 -6.336449e-02 -1.306834e-01
24 -6.430060e-02 1.335691e+00 2.678391e-04 7.469258e-03 -8.107962e+01 -8.691650e+01 -5.859284e-02 -3.529539e+00
25 -1.060301e-01 1.290879e-01 3.107337e-04 4.406914e-03 -8.879033e+01 -9.366475e+01 -1.188631e-01 -5.187400e+00
26 -4.882897e-02 -2.338248e-01 2.335239e-05 1.124255e-04 -9.998197e+01 -1.003565e+02 -4.874770e-02 -2.408172e-01
27 -5.956491e-02 1.161545e+00 1.208117e-04 -2.224294e-03 -9.897684e+01 -9.679375e+01 -5.974985e-02 8.211833e-01
28 -5.514028e-02 7.097668e-01 9.517753e-04 -1.024849e-02 -9.485788e+01 -9.379742e+01 -5.097199e-02 2.136593e-01
29 -4.108629e-02 -7.603893e-04 4.080940e-03 -1.490163e-02 -7.996858e+01 -7.961143e+01 -2.706071e-02 4.079779e-02
30 -4.344238e-02 -6.221892e-02 5.470878e-03 4.216287e-03 -7.845797e+01 -7.844214e+01 -2.390245e-02 -9.475429e-02
31 -5.187059e-02 -4.191656e-01 5.948153e-03 4.388998e-02 -7.976151e+01 -8.024701e+01 -3.380809e-02 -1.980862e-01
32 -4.214752e-02 1.291240e-01 1.102499e-02 -1.063336e-03 -6.254884e+01 -6.250735e+01 -1.143157e-02 -9.930054e-02
33 -4.594062e-02 5.824960e-01 2.605605e-02 7.382995e-02 -3.999939e+01 -4.016519e+01 1.216867e-02 -4.078438e-01
34 -4.551660e-02 -2.171124e-01 4.006241e-02 7.820600e-01 -1.725720e+01 -1.764462e+01 4.487868e-02 -5.776292e-01
35 -4.408335e-02 -2.325969e-01 8.667927e-02 1.608905e+00 -8.087024e+00 -8.291819e+00 1.176959e-01 2.520116e+00
36 -5.174756e-02 3.402652e-01 8.772128e-02 2.491602e-01 -7.353089e+00 -7.419056e+00 1.112771e-01 -5.164138e-01
37 -5.571128e-02 8.343123e-02 7.668415e-02 1.229669e+00 -1.071184e+01 -1.116421e+01 8.607775e-02 -1.907050e+00
38 -4.179912e-02 -1.493016e-01 9.781530e-02 5.226247e+00 -5.601523e+00 -5.924434e+00 1.397753e-01 1.235503e+01
39 -8.422150e-02 5.506352e-03 5.931331e-02 5.747570e-01 -2.053264e+01 -2.093028e+01 5.610366e-02 -1.228581e+00
40 -6.175786e-02 -3.304236e-01 9.958199e-03 1.789031e-02 -6.556644e+01 -6.557537e+01 -1.996888e-02 -6.253810e-02
41 -8.680769e-02 1.542791e-01 3.705966e-03 -3.678249e-03 -8.811197e+01 -8.790560e+01 -5.870515e-02 -7.046721e-02
42 -5.675450e-02 -1.425983e-02 1.053536e-03 2.506485e-04 -9.383412e+01 -9.374590e+01 -5.190138e-02 1.425923e-02
43 -4.691676e-02 -2.125493e-01 2.491486e-04 1.079252e-03 -9.855770e+01 -9.884842e+01 -4.608095e-02 -1.568680e-01
44 -6.581472e-02 -6.985946e-02 1.177995e-04 1.199207e-04 -9.948028e+01 -9.947704e+01 -6.562867e-02 -5.299605e-02
45 -3.822246e-02 -9.620734e-02 3.632103e-05 9.217729e-05 -9.986901e+01 -9.998794e+01 -3.813193e-02 -1.007100e-01
46 -4.870757e-02 4.136467e-02 4.636659e-05 -3.826522e-05 -9.987632e+01 -9.970120e+01 -4.856274e-02 3.430747e-02
47 -4.302129e-02 -2.371611e-01 1.098991e-04 6.089656e-04 -9.946610e+01 -9.985686e+01 -4.263752e-02 -2.421289e-01
48 -5.524271e-02 6.439274e-01 4.713149e-04 -5.017821e-03 -9.777591e+01 -9.661654e+01 -5.358755e-02 3.408879e-01
49 -6.100094e-02 6.819859e-01 3.093194e-03 -6.118420e-03 -8.664211e+01 -8.669506e+01 -4.977547e-02 -3.062782e-01
50 -5.054663e-02 1.654047e-02 1.340629e-02 1.509898e-02 -5.545242e+01 -5.566218e+01 -7.963487e-03 -3.929281e-01
51 -3.741076e-02 -9.183176e-01 1.861370e-02 -7.211225e-03 -3.830402e+01 -3.828010e+01 -7.790353e-04 -8.863602e-02
52 2.578114e-03 8.370822e-02 2.103232e-02 1.389132e-01 -4.258582e+01 -4.291854e+01 -1.298176e-03 -4.363701e-01
53 -7.939919e-02 -3.616518e-01 3.252623e-02 2.083392e-01 -3.393150e+01 -3.427264e+01 2.230375e-02 -8.423341e-01
54 -6.548018e-02 3.537345e-02 3.197781e-02 -2.993450e-02 -3.628835e+01 -3.619322e+01 1.720730e-02 -1.304215e-02
55 -5.236599e-02 9.732291e-02 1.301492e-02 3.654953e-02 -5.639555e+01 -5.657819e+01 -2.130414e-02 -1.469762e-01
56 -5.186359e-02 7.713111e-02 1.878024e-03 -1.991953e-03 -9.052977e+01 -9.036871e+01 -4.485123e-02 -2.462461e-02
57 -6.375346e-02 -6.738849e-02 3.813019e-04 4.551903e-04 -9.816032e+01 -9.820095e+01 -6.224076e-02 -1.136838e-01
58 -5.315475e-02 1.773516e-01 1.521525e-04 -5.008168e-04 -9.909410e+01 -9.864686e+01 -5.246063e-02 1.608812e-01
59 -4.706780e-02 -3.300487e-02 6.423489e-05 4.798751e-05 -9.964323e+01 -9.962378e+01 -4.681500e-02 -4.556613e-02
60 -6.944487e-02 6.868500e-01 3.146400e-05 -3.095099e-04 -9.993058e+01 -9.843453e+01 -6.942703e-02 6.645236e-01
61 -5.879351e-02 -9.224194e-02 1.007480e-05 1.582164e-05 -1.000532e+02 -1.001204e+02 -5.876975e-02 -9.273311e-02
62 -4.610806e-02 1.600500e-01 1.278366e-05 -4.428001e-05 -1.000359e+02 -9.962518e+01 -4.606236e-02 1.578490e-01
63 -4.703104e-02 -1.067155e+00 5.142019e-05 1.163687e-03 -9.979286e+01 -1.018157e+02 -4.682434e-02 -1.044691e+00
64 -4.610837e-02 1.022307e-01 1.831053e-04 -3.783825e-04 -9.935764e+01 -9.909050e+01 -4.552977e-02 6.142654e-02
65 -4.749804e-02 5.233221e-01 7.590661e-04 -7.179398e-03 -9.684015e+01 -9.600700e+01 -4.496800e-02 1.423122e-01
66 -4.148483e-02 -3.428418e-01 2.162946e-03 1.774709e-02 -8.932314e+01 -8.985194e+01 -3.260829e-02 -3.049286e-01
67 -4.193099e-02 4.057151e-03 3.169986e-03 2.874707e-03 -8.813151e+01 -8.817633e+01 -3.355361e-02 -1.254968e-01
68 -3.626631e-02 2.635157e-01 5.532797e-03 -2.099464e-02 -7.430326e+01 -7.420973e+01 -1.466121e-02 -2.273792e-01
69 -4.994602e-02 -2.691804e-01 1.653654e-02 1.356851e-01 -5.431832e+01 -5.475620e+01 -6.068814e-03 -3.480288e-01
70 -4.357256e-02 -4.649257e-01 1.690076e-02 5.204841e-02 -4.769884e+01 -4.781826e+01 1.236754e-03 -1.311209e-01
71 -4.808892e-02 -2.981495e-01 2.357450e-02 1.486582e-01 -4.071809e+01 -4.099045e+01 4.085642e-03 -4.781409e-01
72 -3.901257e-02 -1.554146e-02 1.746092e-02 1.581206e-01 -4.583989e+01 -4.622644e+01 6.891831e-03 -5.529395e-01
73 -4.999656e-02 -8.289769e-03 2.201962e-02 1.307613e-01 -4.135980e+01 -4.170738e+01 5.074506e-03 -6.318221e-01
74 -1.395484e-01 -2.201724e+00 6.378266e-03 1.021983e-01 -7.895721e+01 -8.060799e+01 -7.068182e-02 3.507025e-01
75 -4.975883e-02 2.485031e-01 3.494441e-04 -1.591320e-03 -9.847166e+01 -9.796749e+01 -4.878704e-02 1.266634e-01
76 -4.719734e-02 -1.031914e-02 2.246919e-04 5.731658e-05 -9.900298e+01 -9.893667e+01 -4.663622e-02 -2.016653e-02
77 -5.308051e-02 2.563965e-01 5.513785e-05 -2.651213e-04 -9.984161e+01 -9.922881e+01 -5.290317e-02 2.485967e-01
78 -5.427054e-02 -1.537760e-01 1.283888e-05 3.657595e-05 -1.000361e+02 -1.002384e+02 -5.423716e-02 -1.586446e-01
79 -4.158702e-02 8.583844e-02 1.076357e-05 -2.218219e-05 -1.000295e+02 -9.977537e+01 -4.155174e-02 8.496698e-02
80 -4.078807e-02 -1.181769e-01 2.682602e-05 7.780307e-05 -9.994511e+01 -1.001001e+02 -4.066563e-02 -1.185351e-01
81 -4.126337e-02 -2.001553e-01 5.691957e-05 2.762833e-04 -9.977235e+01 -1.000896e+02 -4.105196e-02 -1.999157e-01
82 -3.464156e-02 -2.713987e-01 6.403179e-05 5.017395e-04 -9.970206e+01 -1.001739e+02 -3.441388e-02 -2.698971e-01
83 -4.800062e-02 2.387007e-02 1.765469e-04 -2.704490e-05 -9.926771e+01 -9.918936e+01 -4.751963e-02 -6.846645e-02
84 -2.332410e-02 -1.942867e-01 3.249455e-04 2.561759e-03 -9.710523e+01 -9.740068e+01 -2.298095e-02 -1.337926e-01
85 -5.015086e-02 -1.498128e-01 1.823155e-03 4.213695e-03 -9.052349e+01 -9.059952e+01 -4.531761e-02 -2.540297e-02
86 -4.250456e-02 3.801467e-01 1.709257e-03 -1.219754e-02 -8.814433e+01 -8.765822e+01 -3.432366e-02 -3.480055e-02
87 -5.156356e-02 -7.194997e-02 2.770449e-03 8.236375e-03 -8.384068e+01 -8.411269e+01 -3.861652e-02 -3.303493e-01
88 -3.681856e-02 -3.520294e-01 2.329620e-03 1.837889e-02 -8.460919e+01 -8.494212e+01 -2.481926e-02 -3.160636e-02
89 -6.301915e-02 -7.855860e-03 1.670006e-03 5.015485e-04 -9.362152e+01 -9.355800e+01 -5.647711e-02 -6.129881e-02
90 -5.893060e-02 2.446321e-01 1.689669e-04 -6.956451e-04 -9.948135e+01 -9.888617e+01 -5.831418e-02 2.305344e-01
91 -4.932909e-02 -2.927103e-01 2.983577e-05 1.770994e-04 -9.994259e+01 -1.004290e+02 -4.922161e-02 -2.926497e-01
92 -5.514648e-02 2.108493e-01 2.064244e-05 -7.873051e-05 -9.997243e+01 -9.944316e+01 -5.505618e-02 2.074055e-01
93 -5.187380e-02 -6.847263e-02 6.809880e-06 8.978062e-06 -1.000635e+02 -1.000963e+02 -5.184167e-02 -6.793380e-02
94 -4.870191e-02 -2.012056e-01 2.085539e-06 8.614433e-06 -1.000800e+02 -1.003848e+02 -4.869589e-02 -2.009422e-01
95 -5.338617e-02 1.330615e-01 1.143371e-06 -2.847762e-06 -1.001003e+02 -9.972780e+01 -5.338281e-02 1.324892e-01
96 -4.308860e-02 2.321409e-02 2.147248e-06 -1.153207e-06 -1.000742e+02 -9.994189e+01 -4.308018e-02 2.277300e-02
97 -4.041683e-02 7.524852e-02 3.053666e-06 -5.679087e-06 -1.000756e+02 -9.984461e+01 -4.040825e-02 7.473552e-02
98 -4.249277e-02 -1.089031e-01 9.607619e-06 2.467826e-05 -1.000481e+02 -1.001818e+02 -4.245984e-02 -1.102813e-01
99 -3.826321e-02 -1.526468e-01 3.095020e-05 1.236280e-04 -9.991453e+01 -1.001437e+02 -3.814898e-02 -1.533465e-01
100 -3.261095e-02 -2.049295e-01 8.409374e-05 5.313760e-04 -9.960665e+01 -9.995384e+01 -3.228835e-02 -2.095352e-01
101 -4.338435e-02 -1.083902e-01 2.398321e-04 6.048389e-04 -9.896706e+01 -9.909956e+01 -4.258701e-02 -1.123433e-01
102 -3.907659e-02 4.412422e-01 4.018601e-04 -4.236273e-03 -9.727734e+01 -9.645983e+01 -3.667473e-02 2.626924e-01
103 -4.647922e-02 -2.671375e-01 1.103278e-03 5.581891e-03 -9.455323e+01 -9.486217e+01 -4.317420e-02 -1.195393e-01
104 -3.253046e-02 -1.678771e-01 8.274113e-04 3.273599e-03 -9.371005e+01 -9.382321e+01 -2.819967e-02 3.181778e-02
105 -4.396588e-02 -2.132922e-01 9.489685e-04 4.641530e-03 -9.429978e+01 -9.462210e+01 -3.948802e-02 -1.953768e-01
106 -4.957231e-02 -4.302843e-01 1.848304e-03 1.614402e-02 -9.260526e+01 -9.331897e+01 -4.367477e-02 -3.970253e-01
107 -5.588775e-02 -4.346556e-02 1.790814e-04 1.431451e-04 -9.943518e+01 -9.941532e+01 -5.516746e-02 -5.011237e-02
108 -4.308594e-02 -1.968484e-01 1.637441e-04 7.588750e-04 -9.922119e+01 -9.953689e+01 -4.238340e-02 -2.102114e-01
109 -5.624107e-02 -5.511902e-01 1.189274e-04 1.159930e-03 -9.939734e+01 -1.003695e+02 -5.562547e-02 -5.288858e-01
110 -4.200604e-02 -1.305607e-01 1.842430e-04 5.773312e-04 -9.903987e+01 -9.921914e+01 -4.123052e-02 -1.342561e-01
111 -6.927242e-02 -6.870944e-02 4.184827e-05 4.124158e-05 -9.979560e+01 -9.979273e+01 -6.890439e-02 -6.575663e-02
112 -8.458508e-02 8.805585e-02 5.039676e-06 -5.244179e-06 -1.000792e+02 -9.973429e+01 -8.454099e-02 8.777963e-02
113 -5.275330e-02 2.186783e-01 1.265704e-06 -5.246382e-06 -1.000936e+02 -9.955088e+01 -5.274893e-02 2.185726e-01
114 -3.429367e-02 2.645642e-01 5.833605e-07 -4.500184e-06 -1.000842e+02 -9.948655e+01 -3.429115e-02 2.644548e-01
115 -3.480842e-02 1.283101e-01 1.726608e-06 -6.363903e-06 -1.000776e+02 -9.975145e+01 -3.480131e-02 1.282004e-01
116 -4.752020e-02 4.722807e-01 6.063331e-06 -6.022110e-05 -1.000694e+02 -9.903134e+01 -4.749707e-02 4.701976e-01
117 -5.113895e-02 3.353970e-05 2.422653e-05 4.841880e-07 -9.997006e+01 -9.987207e+01 -5.102552e-02 -6.251281e-03
118 -5.018322e-02 -4.745528e-02 6.283206e-05 6.052162e-05 -9.975089e+01 -9.974896e+01 -4.989226e-02 -5.238563e-02
