0 -7.007423e-02 1.622658e-02 2.377301e-02 8.544001e-01 -6.965776e+00 -7.276782e+00 1.156497e-02 -6.034933e+00
1 -3.040336e-02 -4.960904e-01 3.256734e-01 9.660234e+01 -2.265714e-02 -2.288113e-02 6.122047e-01 9.997297e+01
2 3.878074e-02 -7.863109e-02 3.823703e-01 1.158050e+01 -1.732285e-01 -1.750524e-01 7.140701e-01 4.364017e+01
3 -2.472921e-01 9.256426e-01 2.248529e-01 -3.639476e+00 -1.716715e+00 -1.765486e+00 3.424136e-01 7.570702e+00
4 -6.519621e-02 5.567118e-01 1.658637e-01 1.319995e+00 -5.252233e+00 -5.360077e+00 2.451420e-01 3.409280e+00
5 -7.272921e-02 8.598480e-02 1.027743e-01 9.773685e-01 -1.394428e+01 -1.422340e+01 1.300022e-01 7.777828e-01
6 -5.581165e-02 -4.503118e-01 3.339468e-02 -1.771102e-03 -3.281954e+01 -3.273760e+01 1.362333e-02 2.077905e-01
7 -6.317222e-02 6.859990e-01 1.408782e-02 2.675219e-02 -5.202279e+01 -5.218940e+01 -2.221164e-02 -2.295040e-01
8 -6.987416e-02 -6.365032e-01 6.780513e-03 2.990561e-02 -6.588640e+01 -6.609481e+01 -4.388455e-02 6.019872e-02
9 -7.095198e-02 -4.805739e-01 3.443952e-03 6.418225e-03 -8.224176e+01 -8.207669e+01 -6.219189e-02 1.309740e-01
10 -5.907241e-02 8.297370e-01 2.599467e-03 -2.434152e-02 -8.480451e+01 -8.402868e+01 -5.061184e-02 -5.268858e-02
11 -4.772833e-02 -8.996571e-01 4.262987e-03 6.212549e-02 -7.407822e+01 -7.483833e+01 -2.664157e-02 -1.342908e-01
12 -5.477982e-02 -1.127892e-01 2.350439e-02 -1.057478e-01 -3.202611e+01 -3.183573e+01 4.656060e-03 -2.506049e-01
13 -5.128213e-02 2.978338e-01 7.643788e-02 2.481679e+00 -9.759825e+00 -1.027051e+01 9.370670e-02 2.057619e+00
14 -4.535951e-02 -7.125804e-02 1.298928e-01 1.016146e+01 -3.094535e+00 -3.314474e+00 1.891154e-01 2.881674e+01
15 -6.090600e-02 3.146441e-01 6.856938e-02 6.912827e-01 -9.961030e+00 -1.005713e+01 6.351496e-02 3.873280e-01
16 -4.465345e-02 -5.713037e-01 7.378220e-02 6.947177e+00 -5.407188e+00 -5.951626e+00 8.494055e-02 1.477044e+01
17 -5.446836e-02 1.778364e-01 1.393104e-01 5.874658e-01 -4.488298e+00 -4.542387e+00 2.043743e-01 3.209913e+00
18 -5.537176e-02 3.306250e-01 5.199291e-02 2.111310e-01 -1.925831e+01 -1.940753e+01 4.503814e-02 -3.066100e-01
19 -5.139381e-02 1.963037e+00 2.429064e-02 2.361935e-02 -3.514862e+01 -3.517356e+01 -8.547049e-03 -8.852711e-02
20 -1.189481e-01 2.164451e+00 1.892857e-02 6.138646e-03 -4.916282e+01 -4.907801e+01 -2.952241e-02 4.164141e-02
21 -6.786061e-02 5.465337e-01 6.401973e-03 4.064650e-02 -6.959982e+01 -6.995159e+01 -4.295446e-02 -2.523522e-02
22 -6.307369e-02 1.888387e-01 3.130568e-03 1.994069e-03 -8.925687e+01 -8.938078e+01 -5.544982e-02 -2.062147e-01
23 -6.859694e-02 8.431466e-02 9.230821e-04 -8.379249e-04 -9.549101e+01 -9.526643e+01 -6.544970e-02 2.150957e-02
24 -6.516977e-02 5.772980e-01 1.667090e-04 2.609919e-03 -8.878290e+01 -9.265796e+01 -6.474195e-02 -4.372289e+00
25 -1.028872e-01 -6.175072e-01 1.887781e-04 2.701366e-03 -9.328216e+01 -9.731959e+01 -1.101700e-01 -4.245823e+00
26 -4.854241e-02 2.747557e-01 1.623052e-05 -9.141930e-05 -1.000145e+02 -9.937375e+01 -4.848554e-02 2.664615e-01
27 -6.044267e-02 3.153445e-01 8.476657e-05 -3.702567e-04 -9.931722e+01 -9.876845e+01 -6.036531e-02 3.147234e-02
28 -5.745258e-02 4.843734e-01 7.811218e-04 -4.937697e-03 -9.540701e+01 -9.479021e+01 -5.339542e-02 -3.156535e-02
29 -4.271234e-02 -4.367026e-01 4.103561e-03 2.249108e-02 -7.929438e+01 -7.946851e+01 -2.624405e-02 -4.705330e-02
30 -4.343892e-02 -3.148391e-01 5.692288e-03 2.434052e-02 -7.686627e+01 -7.696332e+01 -2.201093e-02 6.053666e-02
31 -4.956048e-02 -3.095437e-01 5.250362e-03 3.368803e-02 -8.104052e+01 -8.147322e+01 -3.289242e-02 -2.163532e-01
32 -4.312127e-02 1.063019e-01 1.058205e-02 7.218530e-02 -6.386776e+01 -6.420302e+01 -1.249527e-02 -8.087343e-02
33 -4.389396e-02 -1.314157e-01 2.250931e-02 8.100605e-02 -4.288200e+01 -4.302809e+01 7.360679e-03 -2.611692e-01
34 -4.445501e-02 -4.447715e-02 3.786331e-02 2.971228e-01 -1.794608e+01 -1.821494e+01 4.180056e-02 -1.119468e+00
35 -4.439980e-02 -2.292384e-01 9.035204e-02 3.117634e+00 -7.333169e+00 -7.631050e+00 1.227754e-01 5.573554e+00
36 -5.171988e-02 2.307296e-01 9.056496e-02 6.537562e-01 -6.617160e+00 -6.742153e+00 1.201268e-01 1.420448e+00
37 -5.526793e-02 1.938240e-01 8.041184e-02 7.560394e-01 -9.168502e+00 -9.411184e+00 9.024521e-02 -2.138173e+00
38 -4.331939e-02 2.657966e-01 1.035133e-01 7.591356e+00 -4.722153e+00 -5.056315e+00 1.482259e-01 1.779043e+01
39 -8.729134e-02 -2.563508e-01 5.753651e-02 6.056534e-01 -2.120209e+01 -2.163673e+01 5.286595e-02 -1.211377e+00
40 -5.749056e-02 -3.255574e-02 8.097185e-03 1.645064e-03 -6.820112e+01 -6.814315e+01 -2.169890e-02 -2.181520e-02
41 -8.933732e-02 -4.622432e-01 3.701533e-03 1.843317e-02 -8.812399e+01 -8.867797e+01 -5.925611e-02 -2.167826e-01
42 -5.602952e-02 2.433082e-01 9.187129e-04 -2.629722e-03 -9.429248e+01 -9.401296e+01 -5.172258e-02 -1.230688e-01
43 -5.059443e-02 -5.238427e-01 2.099179e-04 2.134733e-03 -9.879711e+01 -9.969611e+01 -4.979291e-02 -4.625243e-01
44 -6.160147e-02 -4.901000e-02 9.016491e-05 7.212530e-05 -9.959423e+01 -9.957015e+01 -6.140709e-02 -5.016656e-02
45 -4.062828e-02 4.854292e-01 3.592682e-05 -4.277011e-04 -9.987393e+01 -9.883111e+01 -4.048905e-02 4.733005e-01
46 -4.447033e-02 3.084370e-01 3.488329e-05 -2.414135e-04 -9.991814e+01 -9.921618e+01 -4.436413e-02 3.036823e-01
47 -4.140249e-02 1.075753e-01 8.914623e-05 -2.253623e-04 -9.955971e+01 -9.927486e+01 -4.105689e-02 8.970486e-02
48 -5.176268e-02 1.489584e-01 3.625821e-04 -9.047885e-04 -9.819702e+01 -9.787910e+01 -5.019943e-02 3.736634e-02
49 -6.035380e-02 1.004508e+00 2.427658e-03 -1.569601e-02 -8.892778e+01 -8.863921e+01 -5.137580e-02 -3.213301e-01
50 -5.132193e-02 -2.111803e-01 1.250387e-02 3.251662e-03 -5.640472e+01 -5.654471e+01 -9.319827e-03 -3.364692e-01
51 -3.651800e-02 -1.106961e+00 1.967382e-02 2.222477e-02 -3.679802e+01 -3.679586e+01 1.611307e-03 -9.608896e-03
52 1.638077e-04 2.513178e-01 2.274039e-02 1.136666e-01 -3.960070e+01 -3.989579e+01 1.943205e-03 -4.807274e-01
53 -7.854868e-02 5.372658e-01 3.339324e-02 3.113703e-01 -3.149211e+01 -3.198173e+01 2.435523e-02 -1.135530e+00
54 -6.696189e-02 -2.039070e-02 3.345545e-02 7.557363e-03 -3.466900e+01 -3.464047e+01 1.985693e-02 -3.953030e-02
55 -5.424021e-02 4.759486e-01 1.258425e-02 -2.714211e-02 -5.715018e+01 -5.704804e+01 -2.264894e-02 -7.357500e-02
56 -5.087294e-02 -2.404152e-01 1.512990e-03 6.949705e-03 -9.225620e+01 -9.258466e+01 -4.477232e-02 -1.954925e-01
57 -6.256729e-02 5.645364e-01 3.526271e-04 -3.087839e-03 -9.813826e+01 -9.697032e+01 -6.111288e-02 4.591634e-01
58 -5.371561e-02 3.482367e-01 1.442772e-04 -9.236766e-04 -9.912322e+01 -9.834422e+01 -5.295217e-02 3.177189e-01
59 -4.801811e-02 1.256246e-01 5.652287e-05 -1.441964e-04 -9.970703e+01 -9.937335e+01 -4.779933e-02 1.066022e-01
60 -6.755310e-02 8.747094e-01 2.409736e-05 -3.109094e-04 -9.997160e+01 -9.810129e+01 -6.753000e-02 8.557793e-01
61 -5.785996e-02 3.032174e-01 7.386351e-06 -3.867742e-05 -1.000649e+02 -9.934399e+01 -5.783958e-02 3.016545e-01
62 -4.408041e-02 -2.182293e-02 9.271274e-06 4.605467e-06 -1.000468e+02 -1.000026e+02 -4.404578e-02 -2.224817e-02
63 -4.449130e-02 -1.332581e+00 3.680030e-05 1.100113e-03 -9.988253e+01 -1.024425e+02 -4.431871e-02 -1.311754e+00
64 -4.504411e-02 4.760404e-01 1.421666e-04 -1.476801e-03 -9.950904e+01 -9.850578e+01 -4.454447e-02 4.235768e-01
65 -4.808615e-02 7.862698e-02 6.673690e-04 -3.508429e-04 -9.718095e+01 -9.713007e+01 -4.580830e-02 -1.778077e-01
66 -4.244713e-02 -4.272170e-01 2.185249e-03 2.358711e-02 -8.884358e+01 -8.961233e+01 -3.265323e-02 -4.686022e-01
67 -4.189083e-02 1.795843e-01 3.173006e-03 -7.630683e-03 -8.755018e+01 -8.740092e+01 -3.302585e-02 -1.059943e-01
68 -3.600832e-02 4.124161e-02 5.301724e-03 3.904762e-03 -7.464644e+01 -7.471934e+01 -1.467909e-02 -2.184755e-01
69 -5.043606e-02 -2.979685e-01 1.695337e-02 8.487740e-02 -5.381333e+01 -5.404830e+01 -4.749993e-03 -2.691007e-01
70 -4.359722e-02 -8.255518e-01 1.779374e-02 1.569235e-01 -4.527591e+01 -4.562007e+01 3.057046e-03 -3.243459e-01
71 -4.793218e-02 -1.231338e-01 2.563600e-02 1.507952e-01 -3.783214e+01 -3.809341e+01 8.148964e-03 -5.054156e-01
72 -3.939884e-02 -2.149965e-02 1.919780e-02 1.720353e-01 -4.216454e+01 -4.253918e+01 1.028954e-02 -6.729640e-01
73 -5.349137e-02 -6.557320e-02 2.368601e-02 7.950922e-02 -4.014920e+01 -4.030700e+01 8.061688e-03 -4.237581e-01
74 -1.431464e-01 1.779511e+00 5.358978e-03 -3.323676e-02 -8.350669e+01 -8.214931e+01 -6.848888e-02 2.391533e-01
75 -4.769781e-02 9.055889e-02 3.554169e-04 -5.501719e-04 -9.840813e+01 -9.820001e+01 -4.660560e-02 -1.374405e-03
76 -4.761765e-02 8.304598e-02 2.218835e-04 -3.683567e-04 -9.898694e+01 -9.874389e+01 -4.697240e-02 5.886623e-02
77 -5.283398e-02 2.396565e-01 4.662584e-05 -2.109608e-04 -9.987288e+01 -9.929156e+01 -5.268161e-02 2.353463e-01
78 -5.379843e-02 2.773928e-01 1.077110e-05 -5.533898e-05 -1.000421e+02 -9.938406e+01 -5.376701e-02 2.713041e-01
79 -4.381418e-02 8.953577e-02 9.606776e-06 -1.956944e-05 -1.000389e+02 -9.977346e+01 -4.378162e-02 8.776876e-02
80 -4.080139e-02 2.204101e-01 2.588627e-05 -1.392003e-04 -9.994678e+01 -9.942928e+01 -4.067082e-02 2.137169e-01
81 -4.169272e-02 -8.668477e-02 6.032186e-05 1.275370e-04 -9.974895e+01 -9.984443e+01 -4.145097e-02 -9.484398e-02
82 -3.591309e-02 1.380394e-02 7.013486e-05 -2.558520e-05 -9.966106e+01 -9.956489e+01 -3.562987e-02 9.501845e-03
83 -4.559613e-02 2.905604e-01 1.560897e-04 -9.625269e-04 -9.932412e+01 -9.869369e+01 -4.510931e-02 2.333235e-01
84 -2.205781e-02 -1.889664e-01 2.794566e-04 2.383666e-03 -9.737706e+01 -9.770293e+01 -2.201786e-02 -1.829574e-01
85 -5.102907e-02 -4.243100e-01 1.917271e-03 1.433025e-02 -9.007922e+01 -9.062319e+01 -4.526806e-02 -2.270554e-01
86 -4.170408e-02 2.300494e-01 1.901253e-03 -6.465254e-03 -8.665628e+01 -8.647448e+01 -3.249950e-02 -1.988787e-01
87 -5.205191e-02 -2.105482e-01 3.086432e-03 1.505698e-02 -8.195357e+01 -8.233763e+01 -3.762014e-02 -3.212282e-01
88 -3.821723e-02 -3.903831e-02 2.741043e-03 1.649825e-03 -8.300305e+01 -8.295493e+01 -2.418918e-02 3.599206e-02
89 -6.253752e-02 4.717909e-02 1.636958e-03 -7.917614e-04 -9.357195e+01 -9.342670e+01 -5.598901e-02 -3.640186e-02
90 -5.921126e-02 1.470768e-01 1.555736e-04 -3.853282e-04 -9.956052e+01 -9.915214e+01 -5.861012e-02 1.431584e-01
91 -5.008764e-02 -2.811200e-01 3.179794e-05 1.782221e-04 -9.992867e+01 -1.003884e+02 -4.996395e-02 -2.781184e-01
92 -5.499439e-02 2.283531e-01 2.067467e-05 -8.566044e-05 -9.996291e+01 -9.939894e+01 -5.489933e-02 2.249844e-01
93 -5.317025e-02 4.258675e-01 6.201031e-06 -4.965764e-05 -1.000686e+02 -9.911126e+01 -5.313815e-02 4.251180e-01
94 -4.797560e-02 -2.621053e-01 1.710198e-06 9.341546e-06 -1.000812e+02 -1.005092e+02 -4.797022e-02 -2.617756e-01
95 -5.440786e-02 -1.014806e-01 1.072038e-06 2.000866e-06 -1.001027e+02 -1.001971e+02 -5.440407e-02 -1.018750e-01
96 -4.146946e-02 -4.292126e-02 2.103972e-06 2.177727e-06 -1.000699e+02 -1.000728e+02 -4.146092e-02 -4.292388e-02
97 -3.888476e-02 -1.312035e-01 2.649292e-06 8.939801e-06 -1.000746e+02 -1.002592e+02 -3.887616e-02 -1.312328e-01
98 -4.149348e-02 -4.475361e-02 8.205150e-06 8.893208e-06 -1.000501e+02 -1.000575e+02 -4.146458e-02 -4.603637e-02
99 -3.911446e-02 -5.197267e-02 2.701829e-05 3.623138e-05 -9.993570e+01 -9.996329e+01 -3.900763e-02 -5.468949e-02
100 -3.298499e-02 -2.831602e-02 8.090510e-05 7.850456e-05 -9.959814e+01 -9.960346e+01 -3.264645e-02 -4.967359e-02
101 -4.308270e-02 -1.958763e-02 2.376785e-04 1.304347e-04 -9.899786e+01 -9.896726e+01 -4.228030e-02 -4.235061e-02
102 -3.746485e-02 5.769084e-01 3.876525e-04 -5.733828e-03 -9.733572e+01 -9.623651e+01 -3.506491e-02 4.184650e-01
103 -4.660794e-02 -3.318823e-01 1.199430e-03 7.921878e-03 -9.406840e+01 -9.452545e+01 -4.275347e-02 -2.146733e-01
104 -3.224208e-02 -4.115787e-02 9.276355e-04 3.065545e-04 -9.294022e+01 -9.285243e+01 -2.721558e-02 9.565660e-02
105 -4.273559e-02 -2.418943e-01 1.078150e-03 6.064341e-03 -9.321850e+01 -9.357973e+01 -3.747062e-02 -1.996277e-01
106 -5.166634e-02 -3.673955e-03 2.103732e-03 5.978730e-04 -9.170735e+01 -9.166037e+01 -4.462506e-02 -6.779456e-02
107 -5.543177e-02 1.030941e-01 1.850593e-04 -3.414452e-04 -9.940206e+01 -9.909085e+01 -5.466950e-02 9.668436e-02
108 -4.245724e-02 -7.140747e-02 1.833724e-04 3.192803e-04 -9.910720e+01 -9.917433e+01 -4.165066e-02 -8.460555e-02
109 -5.641913e-02 -6.012987e-01 1.407064e-04 1.491992e-03 -9.926782e+01 -1.003355e+02 -5.560423e-02 -5.739515e-01
110 -4.139673e-02 -3.752376e-03 2.035490e-04 2.238642e-05 -9.891683e+01 -9.884566e+01 -4.048794e-02 -8.303105e-03
111 -6.886835e-02 -5.497568e-01 3.988774e-05 3.173668e-04 -9.980813e+01 -1.007595e+02 -6.851590e-02 -5.362082e-01
112 -8.270751e-02 3.298803e-01 5.238351e-06 -2.089173e-05 -1.000766e+02 -9.925202e+01 -8.266190e-02 3.295547e-01
113 -5.318505e-02 -1.698558e-01 1.228651e-06 3.923323e-06 -1.000941e+02 -1.003273e+02 -5.318042e-02 -1.696873e-01
114 -3.397807e-02 -9.539456e-02 5.454954e-07 1.531674e-06 -1.000858e+02 -1.002087e+02 -3.397556e-02 -9.545233e-02
115 -3.525217e-02 -1.056346e-01 1.809411e-06 5.422137e-06 -1.000783e+02 -1.002191e+02 -3.524432e-02 -1.056297e-01
116 -4.530903e-02 2.247529e-01 5.359300e-06 -2.655814e-05 -1.000683e+02 -9.952922e+01 -4.528846e-02 2.233156e-01
117 -5.043806e-02 4.402403e-02 2.208634e-05 -1.898966e-05 -9.997885e+01 -9.979280e+01 -5.032919e-02 4.001549e-02
118 -5.049193e-02 8.150867e-03 6.627428e-05 -1.107558e-05 -9.972932e+01 -9.961136e+01 -5.016333e-02 9.795706e-03
