0 -6.957398e-02 3.926484e-02 2.344296e-02 7.687782e-01 -7.086153e+00 -7.341749e+00 1.113034e-02 -5.104125e+00
1 -3.104187e-02 -4.617579e-01 3.177111e-01 9.623731e+01 -2.724147e-02 -2.756215e-02 6.037295e-01 9.996649e+01
2 3.950590e-02 -1.004288e-01 3.742107e-01 9.810060e+00 -1.861152e-01 -1.880954e-01 6.986667e-01 4.098249e+01
3 -2.469824e-01 7.909791e-01 2.231793e-01 -3.134170e+00 -1.723413e+00 -1.778878e+00 3.401987e-01 8.666737e+00
4 -6.557623e-02 8.006570e-01 1.678098e-01 1.775963e+00 -5.079381e+00 -5.203596e+00 2.482622e-01 4.583465e+00
5 -7.279319e-02 4.616122e-02 1.061136e-01 9.348640e-01 -1.347756e+01 -1.373519e+01 1.355563e-01 7.170004e-01
6 -5.620685e-02 -2.032314e-01 3.442008e-02 -2.568387e-02 -3.233374e+01 -3.220777e+01 1.563495e-02 1.692704e-01
7 -6.273131e-02 6.109541e-01 1.451734e-02 9.434794e-03 -5.144700e+01 -5.151860e+01 -2.131482e-02 -2.493391e-01
8 -7.088066e-02 -3.208943e-01 7.142379e-03 8.311419e-03 -6.503254e+01 -6.502045e+01 -4.259103e-02 4.005224e-03
9 -7.233443e-02 -1.794362e-01 3.720470e-03 -4.225801e-03 -8.123446e+01 -8.078950e+01 -6.138758e-02 6.861340e-02
10 -5.855556e-02 6.134822e-01 2.700188e-03 -1.791414e-02 -8.435202e+01 -8.380216e+01 -5.051500e-02 -7.754499e-02
11 -4.791232e-02 -8.939379e-01 4.468041e-03 7.232673e-02 -7.367677e+01 -7.460127e+01 -2.616075e-02 -2.389331e-01
12 -5.506853e-02 -1.142775e-01 2.430464e-02 -1.053364e-01 -3.160904e+01 -3.143112e+01 5.568955e-03 -2.229274e-01
13 -5.054930e-02 1.607556e-01 7.730310e-02 2.761887e+00 -9.633605e+00 -1.016647e+01 9.501218e-02 2.489419e+00
14 -4.527378e-02 4.106891e-03 1.286284e-01 9.258043e+00 -3.129754e+00 -3.336597e+00 1.881330e-01 2.665295e+01
15 -6.069889e-02 2.966562e-01 6.858546e-02 7.952360e-01 -1.011531e+01 -1.025340e+01 6.304431e-02 1.714896e-01
16 -4.467358e-02 -4.994981e-01 7.240653e-02 7.154160e+00 -5.613152e+00 -6.198633e+00 8.232903e-02 1.417860e+01
17 -5.409289e-02 2.300128e-01 1.363826e-01 5.528544e-01 -4.597263e+00 -4.650978e+00 1.979351e-01 3.071464e+00
18 -5.595135e-02 1.130399e-01 5.238152e-02 2.683643e-01 -1.927114e+01 -1.944682e+01 4.573275e-02 -2.935818e-01
19 -5.117663e-02 2.114411e+00 2.453817e-02 6.158953e-02 -3.515486e+01 -3.522169e+01 -7.847005e-03 2.397168e-02
20 -1.182501e-01 2.038640e+00 1.921002e-02 2.372054e-02 -4.922420e+01 -4.924917e+01 -2.930907e-02 -6.387435e-02
21 -6.729343e-02 6.221253e-01 6.543646e-03 3.694155e-02 -6.939233e+01 -6.966966e+01 -4.277349e-02 1.658981e-02
22 -6.308200e-02 1.353564e-01 3.272824e-03 3.953884e-03 -8.887862e+01 -8.903826e+01 -5.481758e-02 -1.801373e-01
23 -6.791564e-02 9.042786e-02 9.804781e-04 -9.637156e-04 -9.522954e+01 -9.499903e+01 -6.492263e-02 2.556067e-02
24 -6.530507e-02 7.428347e-01 1.824755e-04 3.018828e-03 -8.754006e+01 -9.167901e+01 -6.394902e-02 -4.434754e+00
25 -1.023039e-01 -4.797763e-01 2.050797e-04 2.894006e-03 -9.258419e+01 -9.670766e+01 -1.114991e-01 -4.435144e+00
26 -4.856264e-02 1.157984e-01 1.730644e-05 -4.086302e-05 -1.000098e+02 -9.968592e+01 -4.850090e-02 1.089014e-01
27 -6.095070e-02 4.170097e-01 9.117430e-05 -5.447976e-04 -9.926563e+01 -9.851900e+01 -6.085160e-02 1.266600e-01
28 -5.668032e-02 7.097943e-01 8.044575e-04 -8.238729e-03 -9.530855e+01 -9.429185e+01 -5.268475e-02 1.440720e-01
29 -4.221682e-02 -2.663461e-01 4.090150e-03 7.882790e-03 -7.940611e+01 -7.936852e+01 -2.640663e-02 -9.822961e-03
30 -4.384385e-02 -3.335025e-01 5.685106e-03 2.780531e-02 -7.717248e+01 -7.732170e+01 -2.231394e-02 2.321650e-02
31 -5.006275e-02 -3.532822e-01 5.373286e-03 3.696792e-02 -8.085832e+01 -8.130853e+01 -3.312386e-02 -1.852817e-01
32 -4.285416e-02 8.689049e-02 1.059869e-02 6.396882e-02 -6.365178e+01 -6.394104e+01 -1.223486e-02 -9.466563e-02
33 -4.452533e-02 -4.739297e-02 2.308868e-02 9.629153e-02 -4.238067e+01 -4.256684e+01 8.044763e-03 -2.936883e-01
34 -4.481232e-02 -1.158383e-02 3.854161e-02 4.436948e-01 -1.780594e+01 -1.810560e+01 4.264171e-02 -9.753373e-01
35 -4.422967e-02 -3.173068e-01 8.946792e-02 2.794947e+00 -7.455547e+00 -7.735471e+00 1.221229e-01 4.934546e+00
36 -5.194152e-02 3.429240e-01 9.066831e-02 3.035513e-01 -6.747002e+00 -6.849464e+00 1.192902e-01 6.076641e-01
37 -5.533205e-02 1.132592e-01 8.017914e-02 8.424208e-01 -9.424292e+00 -9.702553e+00 9.028591e-02 -2.018820e+00
38 -4.280751e-02 2.183173e-01 1.028815e-01 7.215261e+00 -4.865366e+00 -5.199195e+00 1.476637e-01 1.688304e+01
39 -8.665125e-02 -2.427586e-01 5.767118e-02 6.327779e-01 -2.106875e+01 -2.151781e+01 5.336192e-02 -1.200529e+00
40 -5.823515e-02 -3.315089e-01 8.390284e-03 2.158729e-02 -6.777360e+01 -6.781913e+01 -2.160310e-02 -8.447705e-03
41 -8.917148e-02 -3.501932e-01 3.711838e-03 1.457003e-02 -8.811025e+01 -8.853293e+01 -5.900137e-02 -2.072428e-01
42 -5.602787e-02 2.763860e-01 9.398071e-04 -3.579704e-03 -9.420672e+01 -9.379495e+01 -5.151986e-02 -2.933476e-03
43 -5.002319e-02 -5.357650e-01 2.170745e-04 2.277495e-03 -9.875719e+01 -9.967442e+01 -4.921255e-02 -4.653353e-01
44 -6.246792e-02 -3.298805e-02 9.464569e-05 4.953997e-05 -9.957637e+01 -9.951645e+01 -6.226259e-02 -3.102551e-02
45 -4.002938e-02 3.599076e-01 3.574092e-05 -3.202757e-04 -9.987387e+01 -9.908051e+01 -3.989375e-02 3.515215e-01
46 -4.506092e-02 9.508039e-02 3.652725e-05 -7.672058e-05 -9.991149e+01 -9.963342e+01 -4.495111e-02 9.226369e-02
47 -4.130573e-02 1.526071e-01 9.169987e-05 -3.320007e-04 -9.954283e+01 -9.916923e+01 -4.095662e-02 1.334749e-01
48 -5.241841e-02 5.326852e-01 3.796174e-04 -3.643705e-03 -9.813641e+01 -9.710262e+01 -5.080531e-02 3.561068e-01
49 -5.982186e-02 1.043949e+00 2.512717e-03 -1.773867e-02 -8.853962e+01 -8.819053e+01 -5.108607e-02 -3.063941e-01
50 -5.124873e-02 -1.823811e-01 1.267470e-02 -1.418225e-02 -5.621698e+01 -5.628380e+01 -9.032034e-03 -3.218059e-01
51 -3.560759e-02 -1.149172e+00 1.915454e-02 1.290472e-02 -3.704602e+01 -3.702820e+01 9.829985e-04 -8.113880e-03
52 9.073394e-04 2.594848e-01 2.248460e-02 9.896981e-02 -4.011629e+01 -4.037740e+01 1.525896e-03 -4.810933e-01
53 -7.837877e-02 2.568015e-01 3.339786e-02 2.645152e-01 -3.191404e+01 -3.235351e+01 2.425686e-02 -1.162744e+00
54 -6.663967e-02 7.820442e-02 3.323744e-02 -1.203552e-02 -3.494025e+01 -3.488868e+01 1.941649e-02 -3.076246e-02
55 -5.374974e-02 4.538816e-01 1.264862e-02 -1.531665e-02 -5.699434e+01 -5.695748e+01 -2.242209e-02 -7.542300e-02
56 -5.124259e-02 -1.148800e-01 1.577135e-03 3.740045e-03 -9.196821e+01 -9.211078e+01 -4.487872e-02 -1.460862e-01
57 -6.283944e-02 5.446455e-01 3.575184e-04 -2.996683e-03 -9.814105e+01 -9.701681e+01 -6.135409e-02 4.319414e-01
58 -5.305530e-02 2.153773e-01 1.442778e-04 -5.771216e-04 -9.911572e+01 -9.859641e+01 -5.232951e-02 1.938317e-01
59 -4.815346e-02 7.318847e-02 5.825169e-05 -8.453894e-05 -9.969622e+01 -9.946755e+01 -4.790670e-02 5.330306e-02
60 -6.777224e-02 8.258288e-01 2.524845e-05 -3.064551e-04 -9.996454e+01 -9.819196e+01 -6.775158e-02 8.062813e-01
61 -5.823698e-02 3.393748e-01 7.832319e-06 -4.560115e-05 -1.000635e+02 -9.926982e+01 -5.821502e-02 3.373979e-01
62 -4.423037e-02 1.232263e-01 9.758821e-06 -2.714832e-05 -1.000448e+02 -9.971077e+01 -4.419504e-02 1.220453e-01
63 -4.447337e-02 -1.180918e+00 3.866854e-05 1.024328e-03 -9.986780e+01 -1.021242e+02 -4.431600e-02 -1.159416e+00
64 -4.487062e-02 4.930505e-01 1.474499e-04 -1.593963e-03 -9.948482e+01 -9.844770e+01 -4.436648e-02 4.412809e-01
65 -4.788668e-02 8.034867e-02 6.813984e-04 -3.547671e-04 -9.712119e+01 -9.707477e+01 -4.557503e-02 -1.850281e-01
66 -4.196146e-02 -4.554027e-01 2.165483e-03 2.464575e-02 -8.892619e+01 -8.971968e+01 -3.245200e-02 -4.636613e-01
67 -4.157362e-02 1.868409e-01 3.145258e-03 -8.118466e-03 -8.767660e+01 -8.751792e+01 -3.298197e-02 -1.073785e-01
68 -3.582011e-02 5.098463e-02 5.305581e-03 -1.308973e-03 -7.460053e+01 -7.460473e+01 -1.473735e-02 -1.666492e-01
69 -5.048325e-02 -2.571461e-01 1.698176e-02 7.751894e-02 -5.387704e+01 -5.411049e+01 -4.895407e-03 -3.276918e-01
70 -4.375613e-02 -7.744483e-01 1.765657e-02 1.595308e-01 -4.568879e+01 -4.605076e+01 3.039664e-03 -2.951559e-01
71 -4.797858e-02 -8.099655e-02 2.526658e-02 1.217077e-01 -3.832130e+01 -3.854315e+01 7.386460e-03 -5.249981e-01
72 -3.903205e-02 4.555250e-02 1.877891e-02 1.425123e-01 -4.279865e+01 -4.313208e+01 9.461543e-03 -6.586440e-01
73 -5.274212e-02 -1.432724e-01 2.350328e-02 8.740698e-02 -4.034568e+01 -4.051553e+01 7.581571e-03 -4.189929e-01
74 -1.428261e-01 1.180370e+00 5.533873e-03 -1.440730e-02 -8.265511e+01 -8.175838e+01 -6.908116e-02 3.480380e-01
75 -4.833110e-02 1.043464e-01 3.565468e-04 -6.454028e-04 -9.841931e+01 -9.818320e+01 -4.723937e-02 1.183686e-02
76 -4.735239e-02 3.247261e-02 2.216913e-04 -1.379545e-04 -9.898853e+01 -9.884225e+01 -4.672948e-02 1.464048e-02
77 -5.272972e-02 4.392382e-01 4.793442e-05 -3.982896e-04 -9.986715e+01 -9.888976e+01 -5.257278e-02 4.313599e-01
78 -5.374022e-02 4.014759e-01 1.108412e-05 -8.257364e-05 -1.000410e+02 -9.913556e+01 -5.370687e-02 3.944940e-01
79 -4.377855e-02 1.326712e-01 9.894103e-06 -2.992268e-05 -1.000380e+02 -9.968636e+01 -4.374340e-02 1.309381e-01
80 -4.079260e-02 1.679285e-01 2.604708e-05 -1.065767e-04 -9.994645e+01 -9.953378e+01 -4.066537e-02 1.613445e-01
81 -4.174581e-02 -1.205113e-01 5.990817e-05 1.748437e-04 -9.975320e+01 -9.991543e+01 -4.150574e-02 -1.276547e-01
82 -3.576989e-02 2.441310e-02 6.909866e-05 -4.578665e-05 -9.966921e+01 -9.955222e+01 -3.549585e-02 1.997529e-02
83 -4.637800e-02 1.965302e-01 1.603504e-04 -6.474765e-04 -9.931910e+01 -9.887326e+01 -4.585890e-02 1.415192e-01
84 -2.220853e-02 -1.370046e-01 2.863282e-04 1.779179e-03 -9.732839e+01 -9.755838e+01 -2.213199e-02 -1.415352e-01
85 -5.106608e-02 -4.228755e-01 1.909231e-03 1.384797e-02 -9.014874e+01 -9.065928e+01 -4.539638e-02 -1.886563e-01
86 -4.215465e-02 2.983803e-01 1.878185e-03 -9.374111e-03 -8.691709e+01 -8.661781e+01 -3.290821e-02 -1.539144e-01
87 -5.196975e-02 -1.146790e-01 3.026629e-03 9.878762e-03 -8.228907e+01 -8.254970e+01 -3.764144e-02 -2.787278e-01
88 -3.782770e-02 -2.944726e-02 2.653972e-03 9.779680e-04 -8.328393e+01 -8.322589e+01 -2.415442e-02 2.537424e-02
89 -6.250349e-02 -7.411788e-02 1.641262e-03 2.142638e-03 -9.357382e+01 -9.362145e+01 -5.595425e-02 -9.934227e-02
90 -5.880901e-02 1.842805e-01 1.567616e-04 -4.894389e-04 -9.954729e+01 -9.906677e+01 -5.821383e-02 1.785694e-01
91 -5.032664e-02 -2.848057e-01 3.167957e-05 1.790670e-04 -9.993193e+01 -1.003988e+02 -5.020401e-02 -2.821003e-01
92 -5.458225e-02 2.466478e-01 2.052240e-05 -9.263912e-05 -9.996361e+01 -9.936298e+01 -5.448785e-02 2.446603e-01
93 -5.202435e-02 3.115298e-01 6.205168e-06 -3.714560e-05 -1.000658e+02 -9.933941e+01 -5.199576e-02 3.107605e-01
94 -4.785032e-02 -2.325076e-01 1.764285e-06 8.571037e-06 -1.000805e+02 -1.004496e+02 -4.784481e-02 -2.321996e-01
95 -5.438346e-02 -2.324572e-02 1.087629e-06 4.664247e-07 -1.001026e+02 -1.000406e+02 -5.437993e-02 -2.370219e-02
96 -4.195369e-02 -2.353402e-02 2.120234e-06 1.190519e-06 -1.000711e+02 -1.000343e+02 -4.194499e-02 -2.366784e-02
97 -3.948128e-02 4.900235e-02 2.734592e-06 -3.391876e-06 -1.000755e+02 -9.989864e+01 -3.947260e-02 4.880354e-02
98 -4.166555e-02 -2.820182e-02 8.425031e-06 5.755442e-06 -1.000499e+02 -1.000240e+02 -4.163575e-02 -2.974692e-02
99 -3.909113e-02 -1.708150e-01 2.778238e-05 1.216232e-04 -9.993230e+01 -1.001966e+02 -3.898386e-02 -1.722215e-01
100 -3.328578e-02 -3.075734e-02 8.238458e-05 8.432790e-05 -9.960033e+01 -9.960842e+01 -3.292941e-02 -4.986500e-02
101 -4.307406e-02 -1.028604e-01 2.376484e-04 5.850061e-04 -9.899396e+01 -9.912454e+01 -4.228129e-02 -1.190156e-01
102 -3.789968e-02 7.509569e-01 3.920207e-04 -7.476147e-03 -9.732262e+01 -9.590703e+01 -3.551184e-02 5.519942e-01
103 -4.674402e-02 -3.256113e-01 1.187020e-03 7.693848e-03 -9.415075e+01 -9.460079e+01 -4.298812e-02 -2.133339e-01
104 -3.176113e-02 -9.510604e-02 8.953125e-04 1.824553e-03 -9.307581e+01 -9.308771e+01 -2.701145e-02 4.966566e-02
105 -4.289799e-02 -1.998747e-01 1.053317e-03 4.970028e-03 -9.341561e+01 -9.371432e+01 -3.780913e-02 -1.842431e-01
106 -5.124845e-02 -1.232167e-01 2.054945e-03 5.360946e-03 -9.186830e+01 -9.203873e+01 -4.431034e-02 -1.683125e-01
107 -5.538582e-02 -7.412567e-02 1.836616e-04 2.459737e-04 -9.940738e+01 -9.944479e+01 -5.465773e-02 -7.360391e-02
108 -4.270597e-02 -1.128606e-01 1.804583e-04 4.876735e-04 -9.912781e+01 -9.927658e+01 -4.190049e-02 -1.255135e-01
109 -5.607189e-02 -5.662000e-01 1.359183e-04 1.365009e-03 -9.929078e+01 -1.002902e+02 -5.535027e-02 -5.401671e-01
110 -4.148348e-02 -5.090630e-02 2.000822e-04 2.484984e-04 -9.893884e+01 -9.895986e+01 -4.059773e-02 -5.342378e-02
111 -6.911390e-02 -3.383596e-01 4.037727e-05 1.969372e-04 -9.980591e+01 -1.003376e+02 -6.876073e-02 -3.291395e-01
112 -8.291836e-02 3.585982e-01 5.202091e-06 -2.249575e-05 -1.000768e+02 -9.919442e+01 -8.287280e-02 3.582288e-01
113 -5.307732e-02 9.203765e-03 1.236225e-06 -2.147880e-07 -1.000940e+02 -9.996933e+01 -5.307278e-02 9.311569e-03
114 -3.400436e-02 -4.340586e-02 5.522485e-07 7.051807e-07 -1.000854e+02 -1.001043e+02 -3.400185e-02 -4.349373e-02
115 -3.497271e-02 -6.361409e-02 1.785761e-06 3.247923e-06 -1.000778e+02 -1.001351e+02 -3.496506e-02 -6.356356e-02
116 -4.609165e-02 4.146255e-01 5.519056e-06 -4.961522e-05 -1.000694e+02 -9.914933e+01 -4.606985e-02 4.128076e-01
117 -5.089980e-02 7.892442e-02 2.262147e-05 -3.470726e-05 -9.997786e+01 -9.972188e+01 -5.078716e-02 7.380274e-02
118 -5.044166e-02 4.029029e-02 6.574274e-05 -5.249607e-05 -9.973279e+01 -9.955206e+01 -5.014011e-02 3.997832e-02
