0 -7.343584e-02 1.091286e-01 2.294564e-02 3.933797e-01 -9.870894e+00 -1.043120e+01 1.277401e-02 -6.113877e-01
1 -3.871315e-02 -1.527368e-01 1.945441e-01 7.843145e+01 -2.898238e-01 -3.193623e-01 3.132930e-01 9.856616e+01
2 4.980119e-02 3.050837e-01 3.098681e-01 2.165742e+01 -3.663343e-01 -3.791035e-01 5.461896e-01 5.915265e+01
3 -2.084460e-01 -5.578628e-01 2.256160e-01 2.824758e+01 -1.524666e+00 -1.830494e+00 2.736268e-01 6.512651e+01
4 -6.478049e-02 8.186533e-02 2.248439e-01 4.350233e+00 -2.453623e+00 -2.518058e+00 3.699075e-01 1.427202e+01
5 -7.335702e-02 2.580941e-01 1.575623e-01 3.814461e+00 -6.434203e+00 -6.768064e+00 2.155534e-01 8.904517e+00
6 -6.953336e-02 1.402742e+00 7.445955e-02 3.354335e-01 -2.037907e+01 -2.055402e+01 7.360526e-02 -1.502930e-01
7 -5.968662e-02 6.533093e-01 2.435130e-02 9.989816e-03 -4.131573e+01 -4.133941e+01 -4.221910e-03 -3.761398e-01
8 -7.103389e-02 8.585643e-01 1.494311e-02 -2.130504e-02 -5.052153e+01 -5.036251e+01 -2.290570e-02 -3.761964e-02
9 -7.752636e-02 1.652629e+00 1.068439e-02 1.675752e-02 -6.333810e+01 -6.330665e+01 -4.574562e-02 -1.074097e-01
10 -6.846947e-02 1.223349e-01 7.077030e-03 3.284018e-03 -7.232971e+01 -7.231963e+01 -5.054189e-02 -1.347899e-01
11 -4.691989e-02 5.586961e-02 1.034439e-02 1.212154e-02 -6.006139e+01 -6.008740e+01 -1.118570e-02 -5.250917e-02
12 -5.529902e-02 -5.177613e-01 4.233645e-02 2.519947e-02 -2.489265e+01 -2.490835e+01 3.245427e-02 -5.144215e-01
13 -4.971655e-02 -3.113862e-01 8.394877e-02 1.674345e+00 -8.263109e+00 -8.534543e+00 1.029174e-01 1.929881e+00
14 -4.185657e-02 1.078113e-01 1.121498e-01 4.885397e+00 -3.837864e+00 -3.968710e+00 1.692186e-01 1.259823e+01
15 -6.030899e-02 -2.260537e-01 6.220856e-02 1.902500e-01 -1.332594e+01 -1.327986e+01 5.426610e-02 -2.014710e-01
16 -4.223498e-02 -5.272528e-01 6.255304e-02 2.319913e+00 -1.005762e+01 -1.066926e+01 6.757980e-02 -2.675607e+00
17 -5.776009e-02 4.553392e-01 1.096296e-01 1.753622e+00 -7.508313e+00 -7.683723e+00 1.565115e-01 4.462198e+00
18 -5.961518e-02 9.023296e-02 6.253232e-02 9.382378e-02 -2.004693e+01 -2.013542e+01 6.293629e-02 -9.963093e-01
19 -5.035166e-02 8.904087e-02 2.825087e-02 9.751571e-02 -3.451713e+01 -3.459993e+01 3.535722e-03 -8.976435e-02
20 -9.547238e-02 5.683686e-01 2.228320e-02 5.050644e-02 -5.104578e+01 -5.129019e+01 -2.282695e-02 -4.226897e-01
21 -6.550179e-02 2.120934e+00 9.033913e-03 -1.141095e-02 -6.706050e+01 -6.712791e+01 -3.604807e-02 -2.803572e-01
22 -5.723186e-02 1.485371e-01 6.054107e-03 1.224188e-02 -8.178040e+01 -8.190430e+01 -4.314741e-02 8.191348e-03
23 -6.486001e-02 6.227231e-01 2.814234e-03 -1.759117e-02 -8.918086e+01 -8.856255e+01 -5.776579e-02 -2.825712e-02
24 -6.706292e-02 3.515064e+00 6.440801e-04 4.628331e-02 -6.630458e+01 -7.099569e+01 -4.743362e-02 6.082522e+00
25 -1.146258e-01 2.685954e+00 8.314460e-04 1.784862e-02 -7.565260e+01 -8.260455e+01 -1.345408e-01 -1.713095e+00
26 -4.894922e-02 1.301433e-01 5.206847e-05 -1.294765e-04 -9.981310e+01 -9.948897e+01 -4.885161e-02 8.097452e-02
27 -6.029069e-02 -4.781416e-01 2.894049e-04 2.542915e-03 -9.772878e+01 -9.873950e+01 -6.030433e-02 -6.837201e-01
28 -4.889887e-02 5.208540e-02 1.433032e-03 -2.190526e-04 -9.351223e+01 -9.346230e+01 -4.478581e-02 -8.517493e-02
29 -4.141220e-02 -3.758308e-03 4.488940e-03 2.198174e-03 -8.172058e+01 -8.170065e+01 -3.072812e-02 -5.740570e-02
30 -4.603142e-02 4.440866e-01 5.722472e-03 -2.639251e-02 -8.022639e+01 -7.999885e+01 -2.909032e-02 -1.741957e-01
31 -5.624819e-02 6.135304e-01 7.962187e-03 -2.073276e-02 -7.564892e+01 -7.556616e+01 -3.456970e-02 -2.924890e-01
32 -4.126299e-02 -3.082362e-01 1.412413e-02 1.047263e-01 -5.725296e+01 -5.756601e+01 -5.728310e-03 -2.660492e-01
33 -5.024404e-02 -5.215188e-01 3.621137e-02 2.822715e-01 -3.348544e+01 -3.383756e+01 2.652178e-02 -4.957727e-01
34 -4.556754e-02 1.435507e-01 4.421990e-02 3.315186e-01 -1.658731e+01 -1.670182e+01 5.019183e-02 -1.166326e-01
35 -4.584209e-02 -2.119295e-01 7.863702e-02 1.585160e+00 -1.074367e+01 -1.100528e+01 1.034968e-01 2.200727e+00
36 -5.189712e-02 -1.786231e-03 8.367751e-02 1.390624e+00 -9.220839e+00 -9.506512e+00 1.003703e-01 1.063948e-01
37 -5.570456e-02 -6.051637e-01 6.696679e-02 1.125096e+00 -1.567718e+01 -1.616631e+01 7.271144e-02 -1.577689e+00
38 -4.149729e-02 2.506250e-01 8.535457e-02 2.788625e+00 -8.569146e+00 -8.914569e+00 1.173661e-01 5.175626e+00
39 -7.583004e-02 7.461144e-01 6.291389e-02 4.636527e-01 -1.982488e+01 -2.017064e+01 6.275938e-02 -1.572946e+00
40 -6.854527e-02 4.059282e-01 1.578879e-02 2.275813e-02 -5.787513e+01 -5.796796e+01 -1.422461e-02 -2.229406e-01
41 -7.949542e-02 1.272833e-01 3.657371e-03 -2.908558e-03 -8.863935e+01 -8.848150e+01 -5.870774e-02 -1.305939e-01
42 -5.716924e-02 -3.480679e-01 1.329710e-03 6.636571e-03 -9.308156e+01 -9.341486e+01 -5.222532e-02 -7.076473e-02
43 -3.857075e-02 1.946679e-01 3.423203e-04 -1.671219e-03 -9.785973e+01 -9.742600e+01 -3.781647e-02 1.546567e-01
44 -8.315295e-02 -1.742259e-01 2.486333e-04 5.171197e-04 -9.908655e+01 -9.926187e+01 -8.220706e-02 -1.641190e-01
45 -3.208126e-02 1.372685e-01 4.205021e-05 -1.780967e-04 -9.975983e+01 -9.942607e+01 -3.239959e-02 1.303703e-01
46 -6.075706e-02 -6.746095e-02 9.433867e-05 1.035189e-04 -9.971879e+01 -9.972901e+01 -6.035223e-02 -6.236049e-02
47 -4.554004e-02 3.678409e-02 1.678496e-04 -1.276458e-04 -9.923378e+01 -9.907878e+01 -4.515443e-02 2.391235e-02
48 -6.205731e-02 -8.730023e-02 9.274842e-04 2.711601e-03 -9.530829e+01 -9.566378e+01 -6.066293e-02 -3.738044e-01
49 -5.939665e-02 2.032987e-01 5.295264e-03 9.759362e-03 -8.050055e+01 -8.065993e+01 -4.231078e-02 -1.514126e-01
50 -4.924328e-02 -5.790900e-01 1.580180e-02 1.928585e-02 -5.431350e+01 -5.435669e+01 -5.814500e-03 -2.286488e-01
51 -4.140086e-02 -6.593190e-01 1.665947e-02 8.900224e-02 -4.327627e+01 -4.350139e+01 -5.643937e-03 -3.048030e-01
52 5.248317e-03 1.836898e-01 1.663793e-02 7.583591e-02 -5.062962e+01 -5.086088e+01 -9.607073e-03 -3.123359e-01
53 -8.004160e-02 -7.647812e-02 2.987730e-02 1.830716e-01 -4.043065e+01 -4.077424e+01 1.543007e-02 -6.241335e-01
54 -6.145640e-02 2.075032e-01 2.790895e-02 3.949513e-02 -4.119651e+01 -4.125058e+01 9.834705e-03 -1.028181e-01
55 -5.005144e-02 -2.542814e-02 1.398677e-02 4.159405e-02 -5.612025e+01 -5.626665e+01 -1.897927e-02 -7.021986e-02
56 -5.135430e-02 2.634593e-01 2.910673e-03 -8.002509e-03 -8.598830e+01 -8.578440e+01 -4.318467e-02 -1.039109e-01
57 -6.611377e-02 4.477451e-01 4.983427e-04 -3.250715e-03 -9.808415e+01 -9.713847e+01 -6.452755e-02 3.458676e-01
58 -5.468530e-02 9.899847e-02 1.707463e-04 -3.017815e-04 -9.911146e+01 -9.881601e+01 -5.406636e-02 8.420848e-02
59 -4.378584e-02 -1.677584e-01 7.873601e-05 3.046302e-04 -9.951493e+01 -9.976811e+01 -4.347885e-02 -1.761983e-01
60 -7.620120e-02 -8.176514e-03 5.618422e-05 7.738041e-06 -9.981939e+01 -9.969280e+01 -7.616085e-02 -2.185972e-02
61 -5.927314e-02 1.672874e-02 1.959393e-05 -5.524380e-06 -1.000042e+02 -9.985234e+01 -5.925137e-02 1.662242e-02
62 -4.994505e-02 1.971565e-01 2.690628e-05 -1.058780e-04 -9.998092e+01 -9.948976e+01 -4.986199e-02 1.931312e-01
63 -5.271857e-02 -7.193377e-01 1.072254e-04 1.465963e-03 -9.944820e+01 -1.007778e+02 -5.229368e-02 -7.147566e-01
64 -4.706753e-02 2.544046e-02 3.218410e-04 -1.084602e-04 -9.876738e+01 -9.866115e+01 -4.625291e-02 -2.776398e-02
65 -4.378870e-02 1.431234e-01 9.597516e-04 -1.980991e-03 -9.602302e+01 -9.585412e+01 -4.105299e-02 -1.112570e-01
66 -3.960341e-02 -3.691638e-01 2.145765e-03 1.894412e-02 -9.047244e+01 -9.100469e+01 -3.292780e-02 -2.510662e-01
67 -4.234649e-02 -1.908248e-01 3.453257e-03 1.697165e-02 -8.781423e+01 -8.814003e+01 -3.451891e-02 -2.581577e-01
68 -3.603944e-02 9.920217e-02 6.036498e-03 6.457295e-03 -7.328412e+01 -7.336409e+01 -1.490594e-02 -1.354019e-01
69 -5.049526e-02 -4.679370e-01 1.530684e-02 1.432289e-01 -5.718804e+01 -5.775792e+01 -1.017220e-02 -6.427976e-01
70 -4.288811e-02 1.886585e-01 1.445760e-02 5.537372e-03 -5.453795e+01 -5.457606e+01 -5.728349e-03 -1.902532e-01
71 -4.639499e-02 4.043616e-01 1.797763e-02 3.688676e-03 -4.913375e+01 -4.913917e+01 -5.473110e-03 -1.303441e-01
72 -3.924343e-02 -3.375726e-03 1.343043e-02 8.182502e-02 -5.566975e+01 -5.592943e+01 -2.081966e-03 -2.892691e-01
73 -4.529060e-02 2.196778e-01 1.836291e-02 5.873204e-02 -4.555940e+01 -4.577025e+01 -2.711732e-03 -5.026093e-01
74 -1.212708e-01 -1.919586e+00 9.128706e-03 1.260706e-02 -7.089271e+01 -7.105972e+01 -7.430231e-02 -2.022035e-01
75 -5.418668e-02 2.611251e-01 3.174556e-04 -1.392429e-03 -9.868212e+01 -9.814732e+01 -5.362468e-02 1.357354e-01
76 -4.693701e-02 -9.780609e-02 2.212570e-04 4.639998e-04 -9.909735e+01 -9.920084e+01 -4.660012e-02 -1.009282e-01
77 -5.255555e-02 -2.354692e-01 7.585765e-05 3.391749e-04 -9.976512e+01 -1.001280e+02 -5.236049e-02 -2.317201e-01
78 -5.744300e-02 -2.850882e-01 1.966447e-05 9.793038e-05 -1.000135e+02 -1.004724e+02 -5.739845e-02 -2.906550e-01
79 -3.975609e-02 1.622414e-01 1.430609e-05 -5.832276e-05 -1.000122e+02 -9.960914e+01 -3.971722e-02 1.610969e-01
80 -4.082369e-02 -1.019036e-01 2.877771e-05 7.166614e-05 -9.994391e+01 -1.000649e+02 -4.071906e-02 -1.002304e-01
81 -3.904714e-02 -3.274321e-01 4.680411e-05 3.919218e-04 -9.983194e+01 -1.004055e+02 -3.892354e-02 -3.236262e-01
82 -4.168395e-02 2.280931e-01 7.356754e-05 -3.891566e-04 -9.974440e+01 -9.923649e+01 -4.153082e-02 1.828647e-01
83 -5.134722e-02 9.291241e-01 2.500849e-04 -4.344481e-03 -9.891893e+01 -9.711934e+01 -5.084573e-02 7.159723e-01
84 -2.872514e-02 -9.347909e-03 4.781211e-04 3.489817e-05 -9.655208e+01 -9.648702e+01 -2.786697e-02 2.940233e-02
85 -4.944337e-02 4.517236e-02 1.543239e-03 -1.685307e-03 -9.211157e+01 -9.190768e+01 -4.639171e-02 5.664337e-02
86 -4.209957e-02 1.715262e-01 1.228803e-03 -4.241836e-03 -9.172784e+01 -9.142937e+01 -3.730759e-02 9.094642e-03
87 -4.883054e-02 2.986969e-01 2.025038e-03 -1.036043e-02 -8.813155e+01 -8.768742e+01 -4.062883e-02 -1.318192e-02
88 -3.649893e-02 -5.341753e-02 1.630925e-03 3.115870e-03 -8.866267e+01 -8.873644e+01 -2.855530e-02 -7.281176e-02
89 -6.303369e-02 1.197566e-01 1.602242e-03 -2.401940e-03 -9.414989e+01 -9.389740e+01 -5.722723e-02 -1.824816e-02
90 -5.795802e-02 2.534679e-01 2.097544e-04 -8.774674e-04 -9.923882e+01 -9.866426e+01 -5.726002e-02 1.879129e-01
91 -4.538403e-02 -1.686326e-01 2.420044e-05 8.987108e-05 -9.996814e+01 -1.002140e+02 -4.531970e-02 -1.678358e-01
92 -5.474185e-02 1.282903e-01 1.909637e-05 -4.437193e-05 -9.999805e+01 -9.963664e+01 -5.470254e-02 1.216812e-01
93 -4.986623e-02 -1.908982e-01 7.888111e-06 3.018738e-05 -1.000562e+02 -1.003379e+02 -4.983819e-02 -1.904152e-01
94 -5.107962e-02 -1.653501e-01 3.097905e-06 1.002468e-05 -1.000785e+02 -1.003067e+02 -5.107130e-02 -1.649705e-01
95 -5.083217e-02 -2.650350e-02 1.295777e-06 6.762474e-07 -1.000944e+02 -1.000459e+02 -5.082923e-02 -2.665227e-02
96 -4.699345e-02 -3.587274e-01 2.314017e-06 1.766517e-05 -1.000836e+02 -1.007071e+02 -4.698584e-02 -3.587881e-01
97 -4.669689e-02 1.836512e-01 4.786903e-06 -1.879622e-05 -1.000791e+02 -9.961964e+01 -4.668676e-02 1.818653e-01
98 -4.200793e-02 9.254710e-02 1.349611e-05 -2.961814e-05 -1.000297e+02 -9.976223e+01 -4.196800e-02 9.032018e-02
99 -3.654079e-02 1.318478e-01 4.115871e-05 -1.474512e-04 -9.986195e+01 -9.952959e+01 -3.643812e-02 1.258674e-01
100 -3.120663e-02 -2.413958e-01 8.858051e-05 6.867356e-04 -9.962127e+01 -1.000417e+02 -3.095382e-02 -2.426879e-01
101 -4.474899e-02 -5.429745e-01 2.477107e-04 2.959866e-03 -9.884421e+01 -9.979668e+01 -4.401039e-02 -4.863220e-01
102 -4.206811e-02 3.485780e-01 4.054974e-04 -3.205485e-03 -9.737862e+01 -9.668197e+01 -3.997618e-02 2.437808e-01
103 -4.623073e-02 -6.075122e-01 8.508763e-04 1.035969e-02 -9.589049e+01 -9.681009e+01 -4.428290e-02 -3.592118e-01
104 -3.258840e-02 -4.378342e-01 5.819713e-04 7.520717e-03 -9.554339e+01 -9.625371e+01 -3.025486e-02 -3.156876e-01
105 -4.632280e-02 -1.199489e-01 6.689721e-04 2.114306e-03 -9.653214e+01 -9.677041e+01 -4.346395e-02 -2.403425e-01
106 -4.444534e-02 -5.797425e-02 1.270786e-03 2.245250e-03 -9.463931e+01 -9.473878e+01 -4.113354e-02 -1.519475e-01
107 -5.626469e-02 -5.589383e-02 1.575189e-04 1.561078e-04 -9.952760e+01 -9.952635e+01 -5.562474e-02 -5.450813e-02
108 -4.649669e-02 7.594604e-02 1.222631e-04 -1.892557e-04 -9.948850e+01 -9.926081e+01 -4.606747e-02 5.193307e-02
109 -5.708899e-02 -1.143629e-02 7.766920e-05 1.980209e-05 -9.967257e+01 -9.959391e+01 -5.674619e-02 -2.916099e-02
110 -4.401210e-02 -1.844985e-01 1.369006e-04 5.718980e-04 -9.932649e+01 -9.960280e+01 -4.351396e-02 -1.786124e-01
111 -7.201124e-02 5.014622e-01 4.415560e-05 -3.055645e-04 -9.979561e+01 -9.866516e+01 -7.162231e-02 4.802343e-01
112 -8.965024e-02 7.026937e-01 4.220058e-06 -3.307167e-05 -1.000876e+02 -9.850437e+01 -8.961267e-02 7.016534e-01
113 -5.236801e-02 2.479431e-02 1.249141e-06 -5.905725e-07 -1.000943e+02 -9.994017e+01 -5.236406e-02 2.457839e-02
114 -3.682695e-02 -8.525706e-02 6.596020e-07 1.527152e-06 -1.000850e+02 -1.001819e+02 -3.682474e-02 -8.529316e-02
115 -3.740756e-02 -4.536330e-01 1.605755e-06 1.947266e-05 -1.000828e+02 -1.009152e+02 -3.740255e-02 -4.535748e-01
116 -5.157094e-02 -7.038372e-01 8.086924e-06 1.102933e-04 -1.000625e+02 -1.013645e+02 -5.154141e-02 -7.005075e-01
117 -5.165062e-02 1.894288e-01 2.746493e-05 -1.001658e-04 -9.995687e+01 -9.947960e+01 -5.154564e-02 1.827570e-01
118 -5.022939e-02 2.049671e-01 5.175041e-05 -2.074094e-04 -9.982379e+01 -9.932924e+01 -5.004945e-02 1.825586e-01
