0 -7.363903e-02 -7.061608e-02 2.354649e-02 1.028175e-01 -1.213809e+01 -1.245002e+01 1.245062e-02 -2.342170e+00
1 -4.152579e-02 4.779421e-02 1.667554e-01 6.184855e+01 -5.564890e-01 -6.450011e-01 2.378467e-01 9.404553e+01
2 4.889928e-02 1.055456e+00 3.053619e-01 3.648420e+01 -3.737699e-01 -3.935103e-01 5.040550e-01 7.659379e+01
3 -1.888930e-01 -4.536977e-01 2.459253e-01 3.898882e+01 -1.299837e+00 -1.568773e+00 2.839741e-01 8.033112e+01
4 -6.359942e-02 -3.141662e-01 2.519613e-01 3.791242e+00 -1.682689e+00 -1.707314e+00 4.476015e-01 1.252713e+01
5 -7.202637e-02 8.093670e-01 1.756313e-01 8.020746e+00 -4.682984e+00 -5.072555e+00 2.412587e-01 2.140760e+01
6 -7.417886e-02 1.886183e+00 9.779928e-02 2.336030e-01 -1.476124e+01 -1.484068e+01 1.026507e-01 -2.333167e-01
7 -5.978589e-02 2.508649e-02 3.134511e-02 2.437623e-02 -3.548900e+01 -3.554420e+01 9.569464e-03 -4.432743e-01
8 -7.547663e-02 3.531677e+00 1.998404e-02 2.564840e-02 -4.571770e+01 -4.573565e+01 -1.925651e-02 -9.982297e-02
9 -7.806078e-02 3.865514e+00 1.476137e-02 -2.819834e-02 -5.754703e+01 -5.743442e+01 -3.988930e-02 -2.146178e-01
10 -7.144411e-02 4.345227e-01 1.007707e-02 3.689776e-02 -6.572604e+01 -6.600537e+01 -4.970074e-02 -2.404504e-02
11 -5.023728e-02 1.231101e-01 1.584289e-02 3.227251e-02 -5.186534e+01 -5.200306e+01 -2.610117e-03 -2.114953e-01
12 -5.555128e-02 3.078559e-01 5.406671e-02 1.603085e-01 -2.206520e+01 -2.223036e+01 5.123862e-02 -9.315054e-01
13 -4.883220e-02 -9.914769e-02 8.464870e-02 1.442201e+00 -8.385016e+00 -8.623638e+00 1.020022e-01 1.801476e+00
14 -4.372899e-02 -9.320182e-02 1.134465e-01 4.562206e+00 -4.192921e+00 -4.371017e+00 1.629207e-01 1.261323e+01
15 -5.917610e-02 -1.060870e-01 5.849783e-02 3.434216e-01 -1.522716e+01 -1.540761e+01 4.950798e-02 -9.428278e-01
16 -3.889155e-02 -4.223316e-01 6.132902e-02 1.666833e+00 -1.296651e+01 -1.361584e+01 7.113608e-02 -3.424679e+00
17 -6.080800e-02 2.384437e-01 9.933655e-02 1.696115e+00 -9.481470e+00 -9.693748e+00 1.346767e-01 2.945182e+00
18 -5.923777e-02 2.558354e-01 6.509369e-02 7.710435e-01 -2.091557e+01 -2.140153e+01 6.793507e-02 -5.106990e-01
19 -5.191998e-02 1.854432e-01 3.047886e-02 2.454913e-01 -3.425298e+01 -3.462143e+01 8.254326e-03 -4.805864e-01
20 -8.653923e-02 -4.370288e-02 2.325341e-02 1.155083e-01 -5.191787e+01 -5.231990e+01 -1.979492e-02 -2.830176e-01
21 -6.334450e-02 2.038140e+00 9.701359e-03 -1.109328e-02 -6.712571e+01 -6.722374e+01 -3.389678e-02 -3.801164e-01
22 -5.507211e-02 -4.019692e-01 7.225795e-03 4.597483e-02 -7.897281e+01 -7.940877e+01 -3.914610e-02 -1.526433e-01
23 -6.299706e-02 6.836083e-01 3.936812e-03 -2.566222e-02 -8.620296e+01 -8.564187e+01 -5.394989e-02 -1.231706e-01
24 -7.152835e-02 5.089629e+00 8.885449e-04 6.287818e-02 -6.442958e+01 -6.545483e+01 -5.166973e-02 4.311867e+00
25 -1.156731e-01 4.762047e+00 1.230931e-03 3.275229e-02 -7.035332e+01 -7.664167e+01 -1.431555e-01 1.773819e+00
26 -4.953668e-02 7.868306e-01 7.776272e-05 -1.202757e-03 -9.963752e+01 -9.805009e+01 -4.952956e-02 6.675710e-01
27 -6.017384e-02 3.070851e-01 4.472556e-04 -1.490254e-03 -9.672254e+01 -9.638032e+01 -5.960423e-02 -1.481351e-01
28 -4.591913e-02 -1.729911e-01 1.736793e-03 6.211992e-03 -9.264709e+01 -9.285014e+01 -4.165144e-02 -9.957374e-02
29 -4.136960e-02 -2.179732e-01 4.771152e-03 2.051922e-02 -8.236631e+01 -8.255116e+01 -3.273998e-02 -2.387853e-02
30 -4.648567e-02 2.242273e-01 5.995441e-03 -1.149369e-02 -7.974411e+01 -7.959030e+01 -3.074723e-02 -6.150137e-02
31 -5.732560e-02 3.169437e-01 9.120617e-03 6.764815e-03 -7.365686e+01 -7.375253e+01 -3.540411e-02 -1.901752e-01
32 -3.991174e-02 3.395679e-02 1.703432e-02 5.315146e-02 -5.235797e+01 -5.252968e+01 8.097046e-04 -3.011750e-01
33 -5.124756e-02 -4.779889e-01 4.180528e-02 3.421511e-01 -3.064370e+01 -3.101986e+01 3.533781e-02 -5.383038e-01
34 -4.413505e-02 1.965186e-01 4.646525e-02 1.344750e-01 -1.692108e+01 -1.698588e+01 5.221004e-02 -1.242374e-01
35 -4.768443e-02 -1.839703e-01 7.294797e-02 1.002591e+00 -1.316550e+01 -1.342535e+01 9.380775e-02 7.262599e-01
36 -5.189935e-02 -1.274984e-01 8.310421e-02 2.068495e+00 -1.066015e+01 -1.110450e+01 1.001750e-01 4.160015e-01
37 -5.448244e-02 -5.731713e-01 6.129065e-02 9.562699e-01 -2.002441e+01 -2.059007e+01 6.442980e-02 -8.960446e-01
38 -4.296022e-02 6.818310e-02 7.939518e-02 1.255435e+00 -1.120484e+01 -1.147509e+01 1.053980e-01 1.287096e+00
39 -7.087484e-02 1.441596e-01 6.418378e-02 6.362425e-01 -2.020935e+01 -2.064377e+01 6.591976e-02 -1.242063e+00
40 -6.996105e-02 2.323364e-01 1.968210e-02 -9.476177e-03 -5.334544e+01 -5.323918e+01 -1.050587e-02 -9.599827e-03
41 -7.362415e-02 -2.034065e-01 3.561660e-03 9.966976e-03 -8.894797e+01 -8.919019e+01 -5.830059e-02 -2.032343e-01
42 -5.647849e-02 -7.494584e-01 1.404953e-03 1.591716e-02 -9.299336e+01 -9.391485e+01 -5.232137e-02 -1.982126e-01
43 -3.345579e-02 6.170605e-02 3.743140e-04 -6.468429e-04 -9.739953e+01 -9.722682e+01 -3.324049e-02 4.074099e-02
44 -9.315857e-02 -1.845641e-01 3.690607e-04 7.407088e-04 -9.873991e+01 -9.892917e+01 -9.114347e-02 -1.926074e-01
45 -2.611403e-02 -1.720589e-01 4.317324e-05 2.778053e-04 -9.960445e+01 -9.988352e+01 -2.715413e-02 -1.550600e-01
46 -6.929260e-02 -2.442461e-02 1.379830e-04 5.176948e-05 -9.959406e+01 -9.951113e+01 -6.847961e-02 -3.334391e-02
47 -4.869605e-02 -5.255191e-02 2.098257e-04 2.406434e-04 -9.912497e+01 -9.914556e+01 -4.830864e-02 -7.106866e-02
48 -6.450501e-02 -7.998984e-02 1.384086e-03 4.443717e-03 -9.228502e+01 -9.269288e+01 -6.397756e-02 -3.704500e-01
49 -5.750694e-02 -1.337555e-01 6.906646e-03 2.219159e-02 -7.684310e+01 -7.701419e+01 -3.682679e-02 -1.122478e-01
50 -4.821379e-02 -6.115725e-01 1.671557e-02 8.539516e-02 -5.467094e+01 -5.493846e+01 -6.225133e-03 -3.335724e-01
51 -4.397328e-02 -3.717640e-01 1.533935e-02 -5.532935e-03 -4.762113e+01 -4.757699e+01 -8.105516e-03 -3.529040e-02
52 3.545315e-03 3.233634e-01 1.356061e-02 2.473661e-02 -5.611341e+01 -5.630404e+01 -1.554673e-02 -3.873661e-01
53 -7.871845e-02 -6.504679e-01 2.821272e-02 1.507123e-01 -4.496098e+01 -4.524057e+01 1.018797e-02 -4.100621e-01
54 -5.977699e-02 3.890283e-01 2.487427e-02 1.580344e-03 -4.514289e+01 -4.514925e+01 3.884949e-03 -1.822223e-01
55 -4.839058e-02 -3.895784e-02 1.389432e-02 5.077793e-02 -5.740939e+01 -5.764448e+01 -1.949215e-02 -3.100193e-01
56 -5.011586e-02 -2.905952e-01 3.519600e-03 1.450656e-02 -8.365307e+01 -8.381727e+01 -4.249792e-02 4.851718e-02
57 -6.950085e-02 3.406614e-01 6.404877e-04 -2.933760e-03 -9.759512e+01 -9.687549e+01 -6.815023e-02 2.122697e-01
58 -5.518290e-02 3.015003e-01 1.709620e-04 -9.239924e-04 -9.918338e+01 -9.848851e+01 -5.462067e-02 2.796032e-01
59 -3.976350e-02 -2.327081e-01 7.831255e-05 4.578785e-04 -9.947726e+01 -9.986038e+01 -3.953693e-02 -2.299798e-01
60 -8.049063e-02 9.973973e-02 7.252406e-05 -8.825754e-05 -9.975634e+01 -9.940378e+01 -8.043726e-02 8.911474e-02
61 -6.000287e-02 -6.413579e-02 2.703385e-05 2.875872e-05 -9.996405e+01 -9.997109e+01 -6.000217e-02 -6.231494e-02
62 -5.166130e-02 9.448049e-03 3.891287e-05 -6.836284e-06 -9.992710e+01 -9.980656e+01 -5.155310e-02 7.215250e-03
63 -5.542539e-02 -5.845876e-01 1.527258e-04 1.638112e-03 -9.916452e+01 -1.002503e+02 -5.482853e-02 -6.212869e-01
64 -4.779315e-02 -6.298241e-02 4.316093e-04 5.949251e-04 -9.826862e+01 -9.830953e+01 -4.675695e-02 -7.691781e-02
65 -4.070588e-02 2.380043e-03 1.025326e-03 6.426525e-04 -9.563002e+01 -9.564725e+01 -3.813960e-02 -1.255591e-01
66 -3.828835e-02 4.013152e-02 2.131326e-03 2.853950e-04 -9.098748e+01 -9.099357e+01 -3.319584e-02 -1.458779e-01
67 -4.669190e-02 -1.747757e-01 4.101730e-03 1.994411e-02 -8.654373e+01 -8.691770e+01 -3.772236e-02 -2.911448e-01
68 -3.708877e-02 -1.787042e-02 6.395060e-03 9.510271e-03 -7.337339e+01 -7.341611e+01 -1.643733e-02 -6.766293e-02
69 -4.946038e-02 -3.768946e-01 1.393488e-02 9.947059e-02 -6.029383e+01 -6.073458e+01 -1.422095e-02 -5.611273e-01
70 -4.321069e-02 4.840793e-01 1.290046e-02 -8.611768e-03 -5.950085e+01 -5.957307e+01 -1.140451e-02 -3.049724e-01
71 -4.745564e-02 -1.309184e-01 1.516832e-02 3.042565e-02 -5.543749e+01 -5.551766e+01 -1.207942e-02 -1.853560e-01
72 -3.889356e-02 2.158169e-02 1.082826e-02 6.040917e-02 -6.233534e+01 -6.266709e+01 -8.589055e-03 -3.417560e-01
73 -4.475294e-02 -9.179279e-01 1.637356e-02 1.038433e-01 -4.938860e+01 -4.964478e+01 -7.898979e-03 -3.136469e-01
74 -1.075074e-01 6.473900e-01 1.079730e-02 -9.676058e-02 -6.726437e+01 -6.645929e+01 -7.532602e-02 -3.543026e-01
75 -5.626351e-02 1.719153e-01 2.836505e-04 -7.683660e-04 -9.886878e+01 -9.849014e+01 -5.599981e-02 6.987822e-02
76 -4.686776e-02 -1.717314e-01 2.069341e-04 7.623944e-04 -9.919686e+01 -9.944896e+01 -4.670939e-02 -1.768423e-01
77 -5.253399e-02 -1.813591e-01 8.611340e-05 2.969810e-04 -9.973126e+01 -9.998739e+01 -5.235237e-02 -1.796019e-01
78 -5.734120e-02 2.760439e-01 2.320573e-05 -1.104443e-04 -9.998947e+01 -9.933572e+01 -5.731478e-02 2.573025e-01
79 -4.159119e-02 -4.638157e-02 1.693346e-05 1.897764e-05 -1.000079e+02 -1.000184e+02 -4.155217e-02 -4.771616e-02
80 -3.939007e-02 -2.653853e-01 2.785071e-05 1.875372e-04 -9.994415e+01 -1.003950e+02 -3.931141e-02 -2.639903e-01
81 -3.795662e-02 -1.837791e-01 4.042906e-05 1.956397e-04 -9.986910e+01 -1.001598e+02 -3.787645e-02 -1.827786e-01
82 -4.759580e-02 7.601337e-01 8.695330e-05 -1.362928e-03 -9.966990e+01 -9.811358e+01 -4.759240e-02 6.782032e-01
83 -5.127925e-02 5.696819e-01 2.980333e-04 -3.164308e-03 -9.865054e+01 -9.751717e+01 -5.090722e-02 4.301015e-01
84 -3.499423e-02 -2.137393e-01 6.073371e-04 3.821582e-03 -9.639731e+01 -9.676482e+01 -3.370977e-02 -2.221027e-01
85 -5.012254e-02 -2.037987e-01 1.337705e-03 5.316593e-03 -9.338082e+01 -9.365938e+01 -4.807812e-02 -1.816348e-01
86 -4.233773e-02 4.239650e-02 9.973054e-04 -6.553908e-04 -9.367074e+01 -9.356157e+01 -3.948112e-02 -2.690228e-02
87 -5.370116e-02 1.277606e+00 1.839259e-03 -3.360343e-02 -9.042056e+01 -8.893013e+01 -4.691679e-02 8.031273e-02
88 -3.540453e-02 -1.017734e-01 1.233272e-03 4.591808e-03 -9.116362e+01 -9.137838e+01 -3.011478e-02 -1.870785e-01
89 -6.214560e-02 -1.982707e-02 1.443864e-03 8.717855e-04 -9.477309e+01 -9.475710e+01 -5.760256e-02 -1.072664e-01
90 -5.620506e-02 2.975230e-01 2.267096e-04 -1.159693e-03 -9.910855e+01 -9.844660e+01 -5.553786e-02 2.369861e-01
91 -4.505653e-02 -1.389948e-02 2.182458e-05 6.768219e-06 -9.998406e+01 -9.992209e+01 -4.500438e-02 -1.432250e-02
92 -5.565872e-02 2.650027e-01 1.755975e-05 -8.329559e-05 -1.000170e+02 -9.937995e+01 -5.563639e-02 2.590299e-01
93 -4.924145e-02 1.045779e-01 7.971653e-06 -1.691462e-05 -1.000561e+02 -9.974893e+01 -4.921854e-02 1.039602e-01
94 -5.209695e-02 -4.244429e-01 3.552173e-06 2.893806e-05 -1.000776e+02 -1.008220e+02 -5.208952e-02 -4.241971e-01
95 -5.040892e-02 -1.143671e-01 1.358847e-06 3.082902e-06 -1.000929e+02 -1.002208e+02 -5.040638e-02 -1.143541e-01
96 -4.895093e-02 2.472632e-01 2.377539e-06 -1.200457e-05 -1.000878e+02 -9.949588e+01 -4.894450e-02 2.466171e-01
97 -4.950028e-02 -9.140411e-02 5.960077e-06 1.104506e-05 -1.000764e+02 -1.001615e+02 -4.949212e-02 -9.335477e-02
98 -4.106363e-02 1.524062e-01 1.566202e-05 -5.809205e-05 -1.000148e+02 -9.962850e+01 -4.102312e-02 1.516760e-01
99 -3.907236e-02 1.925859e-01 5.051361e-05 -2.474004e-04 -9.984049e+01 -9.938299e+01 -3.896999e-02 1.848119e-01
100 -3.186740e-02 -7.116454e-02 9.226344e-05 2.093778e-04 -9.962693e+01 -9.970977e+01 -3.165480e-02 -7.754552e-02
101 -4.568966e-02 -7.510334e-01 2.445703e-04 3.965183e-03 -9.880968e+01 -1.001640e+02 -4.501299e-02 -6.788562e-01
102 -4.373220e-02 -2.160807e-03 3.836264e-04 4.227233e-05 -9.765032e+01 -9.757976e+01 -4.198992e-02 -1.836318e-02
103 -4.619319e-02 -3.374659e-01 6.888714e-04 4.678196e-03 -9.675158e+01 -9.723161e+01 -4.517128e-02 -2.079651e-01
104 -3.279744e-02 -1.461725e-01 4.474132e-04 2.088913e-03 -9.660865e+01 -9.685375e+01 -3.158897e-02 -1.716665e-01
105 -4.762150e-02 9.155597e-02 5.250692e-04 -7.692170e-04 -9.757880e+01 -9.738973e+01 -4.555568e-02 -2.490543e-02
106 -4.099621e-02 -2.277038e-03 9.482443e-04 1.318471e-04 -9.576251e+01 -9.570157e+01 -3.904843e-02 -2.514025e-02
107 -5.589383e-02 -1.354114e-01 1.380546e-04 3.356091e-04 -9.959058e+01 -9.975054e+01 -5.535969e-02 -1.368851e-01
108 -4.838307e-02 -8.300552e-02 9.608295e-05 1.660188e-04 -9.963813e+01 -9.970944e+01 -4.811593e-02 -8.602450e-02
109 -5.671671e-02 1.056308e-02 5.660183e-05 -6.025568e-06 -9.980458e+01 -9.968826e+01 -5.652902e-02 -1.570757e-02
110 -4.479626e-02 -1.564529e-01 1.060993e-04 3.690273e-04 -9.949308e+01 -9.971260e+01 -4.446152e-02 -1.513782e-01
111 -7.213607e-02 3.564343e-01 4.098833e-05 -2.006154e-04 -9.981801e+01 -9.897699e+01 -7.179416e-02 3.348791e-01
112 -9.249345e-02 3.533803e-01 3.489558e-06 -1.333008e-05 -1.000929e+02 -9.920190e+01 -9.246276e-02 3.529264e-01
113 -5.187734e-02 -1.549295e-01 1.130420e-06 3.376041e-06 -1.000947e+02 -1.003008e+02 -5.187423e-02 -1.549438e-01
114 -3.894441e-02 -2.229379e-01 6.625850e-07 3.792942e-06 -1.000873e+02 -1.004553e+02 -3.894249e-02 -2.229123e-01
115 -4.188532e-02 4.238882e-02 1.546864e-06 -1.564064e-06 -1.000914e+02 -9.992302e+01 -4.188065e-02 4.215693e-02
116 -5.411321e-02 -6.197060e-01 9.264018e-06 1.059374e-04 -1.000573e+02 -1.011843e+02 -5.408221e-02 -6.139533e-01
117 -5.184887e-02 2.522430e-01 2.732190e-05 -1.323916e-04 -9.996009e+01 -9.935670e+01 -5.175723e-02 2.458172e-01
118 -5.052649e-02 2.612638e-01 4.302045e-05 -2.205042e-04 -9.987755e+01 -9.926426e+01 -5.041037e-02 2.470539e-01
