0 -7.128994e-02 -3.210498e-01 2.283887e-02 9.152240e-01 -8.706251e+00 -9.344237e+00 1.589621e-02 6.613479e-01
1 -3.671710e-02 1.119554e-01 2.220813e-01 8.685350e+01 -1.515703e-01 -1.604529e-01 3.870432e-01 9.951974e+01
2 4.824697e-02 1.207314e-01 3.240438e-01 5.668112e+00 -3.324536e-01 -3.387454e-01 5.895959e-01 3.766954e+01
3 -2.239204e-01 -8.835762e-01 2.203877e-01 1.973844e+01 -1.691372e+00 -1.949777e+00 2.944503e-01 4.794731e+01
4 -6.509067e-02 2.032655e-02 2.032665e-01 3.674840e+00 -3.278046e+00 -3.380152e+00 3.197652e-01 1.183179e+01
5 -7.305488e-02 1.098380e-01 1.399412e-01 1.762813e+00 -8.462255e+00 -8.709109e+00 1.882942e-01 2.894300e+00
6 -6.488053e-02 6.747563e-01 5.680580e-02 1.660294e-01 -2.527650e+01 -2.546020e+01 4.979274e-02 -9.037444e-01
7 -6.074834e-02 5.753357e-01 1.992156e-02 2.833774e-02 -4.546608e+01 -4.546044e+01 -1.264392e-02 5.724686e-02
8 -6.958251e-02 1.405984e+00 1.178194e-02 -9.233498e-03 -5.512048e+01 -5.512679e+01 -2.826372e-02 -1.439469e-01
9 -7.502116e-02 6.592763e-01 7.737361e-03 2.366594e-02 -6.921919e+01 -6.942612e+01 -5.049778e-02 -1.387955e-01
10 -6.382972e-02 -2.535787e-01 5.032268e-03 1.440760e-02 -7.737448e+01 -7.745479e+01 -5.057421e-02 8.939859e-02
11 -4.503104e-02 -2.010975e-01 7.283006e-03 -5.831051e-03 -6.611421e+01 -6.585027e+01 -1.644928e-02 2.774102e-01
12 -5.588927e-02 -4.509856e-01 3.476229e-02 2.927105e-01 -2.718955e+01 -2.746453e+01 2.043050e-02 -3.657863e-01
13 -4.990242e-02 1.146817e-01 8.230864e-02 2.543381e+00 -8.515992e+00 -8.888869e+00 1.016923e-01 3.048598e+00
14 -4.352458e-02 8.163870e-02 1.178131e-01 5.681808e+00 -3.580473e+00 -3.729025e+00 1.797637e-01 1.631521e+01
15 -6.059641e-02 -3.863802e-01 6.525378e-02 8.168383e-01 -1.207293e+01 -1.235948e+01 5.859116e-02 -1.209542e+00
16 -4.403662e-02 -5.388006e-01 6.442855e-02 2.908666e+00 -8.260843e+00 -8.852071e+00 6.863379e-02 -3.189811e-01
17 -5.623446e-02 1.804845e-01 1.183949e-01 1.575716e+00 -6.262631e+00 -6.383163e+00 1.711688e-01 4.499344e+00
18 -5.796557e-02 4.536047e-01 5.911534e-02 1.260940e-01 -1.966052e+01 -1.973849e+01 5.686171e-02 -7.294674e-01
19 -5.130184e-02 1.213768e+00 2.700290e-02 -1.862610e-02 -3.486159e+01 -3.486117e+01 -9.529117e-05 -2.979357e-01
20 -1.040744e-01 9.446997e-01 2.130661e-02 5.197339e-02 -5.032091e+01 -5.036133e+01 -2.538233e-02 -2.594402e-02
21 -6.609586e-02 1.680938e+00 8.242884e-03 -1.038128e-02 -6.755815e+01 -6.744733e+01 -3.804240e-02 -1.327201e-01
22 -5.986136e-02 3.490073e-01 5.063459e-03 3.225286e-03 -8.430419e+01 -8.444471e+01 -4.728210e-02 -1.798940e-01
23 -6.633754e-02 1.974910e-01 2.024365e-03 -2.136315e-03 -9.155268e+01 -9.145183e+01 -6.081614e-02 -1.868005e-01
24 -6.813947e-02 2.333005e+00 4.555971e-04 2.429727e-02 -7.145851e+01 -7.841482e+01 -4.866051e-02 2.380657e+00
25 -1.085790e-01 1.407916e+00 5.378748e-04 8.864715e-03 -8.177418e+01 -8.789843e+01 -1.282430e-01 -4.507576e+00
26 -4.860252e-02 1.127721e-01 3.591405e-05 -8.040280e-05 -9.991150e+01 -9.960497e+01 -4.851534e-02 8.934773e-02
27 -6.099218e-02 -4.767288e-01 1.963460e-04 1.706775e-03 -9.840168e+01 -9.942349e+01 -6.081206e-02 -7.225716e-01
28 -5.238281e-02 2.608187e-01 1.204259e-03 -4.529721e-03 -9.416569e+01 -9.378040e+01 -4.787828e-02 3.113777e-02
29 -4.136524e-02 -2.598873e-01 4.281716e-03 1.604511e-02 -8.091480e+01 -8.103757e+01 -2.899961e-02 -7.786240e-02
30 -4.445074e-02 -7.642982e-02 5.481162e-03 1.089684e-02 -7.981725e+01 -7.988760e+01 -2.667437e-02 -3.007687e-02
31 -5.359826e-02 -9.920462e-02 6.896525e-03 3.892142e-02 -7.761580e+01 -7.811629e+01 -3.412920e-02 -3.838786e-01
32 -4.153427e-02 -1.547070e-01 1.226654e-02 4.964237e-02 -6.026934e+01 -6.041284e+01 -9.143587e-03 -7.096613e-02
33 -4.882914e-02 -1.166273e-01 3.155553e-02 9.720995e-02 -3.639481e+01 -3.652062e+01 1.966375e-02 -3.078734e-01
34 -4.567757e-02 2.243483e-01 4.222563e-02 8.332070e-01 -1.673219e+01 -1.712652e+01 4.799014e-02 -1.144007e-01
35 -4.494142e-02 -1.763635e-02 8.238554e-02 1.430693e+00 -9.298129e+00 -9.478222e+00 1.101991e-01 1.814882e+00
36 -5.127937e-02 3.393496e-01 8.371075e-02 8.815477e-01 -8.300496e+00 -8.497108e+00 1.024022e-01 6.770500e-01
37 -5.569414e-02 -5.266052e-01 7.179885e-02 1.901021e+00 -1.304509e+01 -1.373498e+01 7.924798e-02 -1.214946e+00
38 -4.090001e-02 -2.433465e-01 9.030162e-02 3.669256e+00 -6.982360e+00 -7.312218e+00 1.267150e-01 7.859066e+00
39 -7.994666e-02 2.093277e-01 6.132014e-02 5.318735e-01 -1.999169e+01 -2.034250e+01 5.973478e-02 -1.368403e+00
40 -6.658255e-02 -3.491768e-01 1.291639e-02 8.158073e-02 -6.166785e+01 -6.197738e+01 -1.736933e-02 -4.132493e-02
41 -8.396287e-02 2.300350e-01 3.719061e-03 -7.137986e-03 -8.831773e+01 -8.799806e+01 -5.893580e-02 -7.391733e-02
42 -5.698043e-02 -5.782220e-01 1.209159e-03 1.104577e-02 -9.336361e+01 -9.413882e+01 -5.212564e-02 -2.628905e-01
43 -4.245161e-02 -2.166912e-01 2.998664e-04 1.528621e-03 -9.821108e+01 -9.855285e+01 -4.160107e-02 -2.104345e-01
44 -7.415288e-02 -6.781247e-01 1.735722e-04 1.560042e-03 -9.929874e+01 -1.004537e+02 -7.376749e-02 -6.069427e-01
45 -3.621888e-02 -1.715906e-01 3.988986e-05 1.895238e-04 -9.983479e+01 -1.001073e+02 -3.625289e-02 -1.746336e-01
46 -5.454906e-02 -1.419049e-01 6.730490e-05 1.749657e-04 -9.980333e+01 -9.997714e+01 -5.432286e-02 -1.407266e-01
47 -4.523275e-02 -2.897090e-01 1.416163e-04 9.062221e-04 -9.934389e+01 -9.982847e+01 -4.480126e-02 -2.854812e-01
48 -5.947799e-02 2.549375e-01 6.714202e-04 -1.797339e-03 -9.682593e+01 -9.655541e+01 -5.780946e-02 -1.718698e-01
49 -6.023268e-02 5.561224e-01 4.127426e-03 -4.113490e-03 -8.349319e+01 -8.355262e+01 -4.632151e-02 -2.849867e-01
50 -4.942310e-02 -3.536166e-01 1.472846e-02 -5.411962e-03 -5.463623e+01 -5.468653e+01 -6.522596e-03 -3.013535e-01
51 -3.938196e-02 -6.871998e-01 1.762874e-02 3.782245e-02 -4.062400e+01 -4.067039e+01 -3.295039e-03 -1.497324e-01
52 3.945306e-03 -2.190235e-02 1.896315e-02 1.278497e-01 -4.663427e+01 -4.691896e+01 -5.574515e-03 -2.257030e-01
53 -8.023753e-02 1.163170e-01 3.115295e-02 9.776712e-02 -3.721209e+01 -3.736572e+01 1.904318e-02 -5.586199e-01
54 -6.330364e-02 2.183897e-01 2.993812e-02 -6.223573e-02 -3.865449e+01 -3.848483e+01 1.366269e-02 5.840165e-02
55 -5.114432e-02 2.411307e-01 1.364045e-02 -2.414673e-02 -5.593645e+01 -5.586075e+01 -1.964634e-02 -2.293847e-01
56 -5.172290e-02 2.556943e-01 2.391684e-03 -5.686987e-03 -8.814179e+01 -8.800065e+01 -4.404100e-02 -2.181277e-01
57 -6.470635e-02 9.639044e-02 4.289201e-04 -6.329278e-04 -9.817688e+01 -9.786344e+01 -6.314064e-02 9.147932e-02
58 -5.443527e-02 1.712651e-01 1.651711e-04 -5.091293e-04 -9.908850e+01 -9.865500e+01 -5.372904e-02 1.488391e-01
59 -4.486741e-02 2.685939e-01 7.189730e-05 -4.260118e-04 -9.956734e+01 -9.895419e+01 -4.459133e-02 2.507799e-01
60 -7.309012e-02 2.766850e-01 4.356353e-05 -1.625407e-04 -9.987424e+01 -9.919154e+01 -7.306827e-02 2.530181e-01
61 -5.908115e-02 -4.050555e-01 1.450176e-05 9.927704e-05 -1.000309e+02 -1.007201e+02 -5.905587e-02 -4.013259e-01
62 -4.839846e-02 2.142766e-01 1.915044e-05 -8.464421e-05 -1.000129e+02 -9.948943e+01 -4.833358e-02 2.118558e-01
63 -5.017182e-02 -9.600159e-01 7.687825e-05 1.468663e-03 -9.963564e+01 -1.014403e+02 -4.983826e-02 -9.412057e-01
64 -4.732159e-02 2.304129e-01 2.512521e-04 -1.168488e-03 -9.909214e+01 -9.858255e+01 -4.658832e-02 1.686086e-01
65 -4.575020e-02 4.280401e-01 8.693819e-04 -6.999708e-03 -9.640337e+01 -9.570624e+01 -4.303150e-02 1.279226e-01
66 -4.041361e-02 -5.689950e-01 2.147504e-03 2.953036e-02 -8.994182e+01 -9.084672e+01 -3.274544e-02 -4.527487e-01
67 -4.100924e-02 1.148257e-01 3.189316e-03 -3.414171e-03 -8.829574e+01 -8.824500e+01 -3.357465e-02 -1.785063e-01
68 -3.623489e-02 3.567559e-01 5.811236e-03 -3.792417e-02 -7.371104e+01 -7.340569e+01 -1.464839e-02 1.696390e-02
69 -4.998897e-02 -1.576790e-01 1.601621e-02 7.505006e-02 -5.550372e+01 -5.581720e+01 -8.223199e-03 -6.148286e-01
70 -4.350346e-02 -1.802141e-02 1.574243e-02 -4.945381e-02 -5.108641e+01 -5.086213e+01 -1.809773e-03 3.337753e-02
71 -4.734018e-02 1.522106e-02 2.066114e-02 8.308416e-02 -4.483275e+01 -4.499446e+01 -7.973923e-04 -1.959861e-01
72 -3.923768e-02 -7.914766e-02 1.533313e-02 1.023313e-01 -5.080593e+01 -5.107437e+01 2.481938e-03 -4.217900e-01
73 -4.718089e-02 1.179099e-01 2.001726e-02 1.180754e-01 -4.328965e+01 -4.365151e+01 8.345454e-04 -6.797760e-01
74 -1.298557e-01 -2.923559e+00 7.770657e-03 7.603238e-02 -7.435868e+01 -7.483391e+01 -7.313305e-02 3.626671e-01
75 -5.207120e-02 2.475328e-01 3.353346e-04 -1.457708e-03 -9.856847e+01 -9.805713e+01 -5.132350e-02 1.333086e-01
76 -4.648929e-02 1.082847e-01 2.229580e-04 -5.157161e-04 -9.904101e+01 -9.873697e+01 -4.605587e-02 1.029555e-01
77 -5.256146e-02 3.388095e-03 6.577685e-05 -3.664846e-06 -9.979986e+01 -9.969008e+01 -5.237905e-02 6.721489e-04
78 -5.591566e-02 -4.689215e-01 1.619655e-05 1.359828e-04 -1.000264e+02 -1.008540e+02 -5.587705e-02 -4.717497e-01
79 -3.960054e-02 3.123447e-02 1.236399e-05 -9.682159e-06 -1.000187e+02 -9.987797e+01 -3.956480e-02 2.986776e-02
80 -4.099257e-02 -4.750003e-01 2.811306e-05 3.252488e-04 -9.994417e+01 -1.008078e+02 -4.087620e-02 -4.692159e-01
81 -3.991015e-02 -2.287721e-01 5.145245e-05 2.948141e-04 -9.980252e+01 -1.001788e+02 -3.974546e-02 -2.272788e-01
82 -3.682505e-02 2.701974e-01 6.530064e-05 -4.730835e-04 -9.974024e+01 -9.914180e+01 -3.663659e-02 2.486893e-01
83 -5.038740e-02 2.414002e-01 2.120385e-04 -9.420824e-04 -9.911581e+01 -9.860479e+01 -4.986163e-02 1.437117e-01
84 -2.562928e-02 -3.556895e-01 3.967867e-04 5.421550e-03 -9.678690e+01 -9.741032e+01 -2.501702e-02 -3.166103e-01
85 -4.964113e-02 -1.527669e-01 1.689993e-03 4.752622e-03 -9.126672e+01 -9.141474e+01 -4.574456e-02 -8.952682e-02
86 -4.276761e-02 3.559890e-01 1.460580e-03 -1.066294e-02 -9.004535e+01 -8.947873e+01 -3.634953e-02 9.007591e-02
87 -4.992340e-02 -2.847213e-01 2.354962e-03 1.267429e-02 -8.615069e+01 -8.650432e+01 -3.940792e-02 -1.690534e-01
88 -3.675668e-02 -2.366663e-01 1.957168e-03 1.013042e-02 -8.670157e+01 -8.689430e+01 -2.691022e-02 2.622408e-03
89 -6.328470e-02 2.071976e-01 1.664073e-03 -4.863976e-03 -9.382179e+01 -9.339624e+01 -5.692130e-02 7.053439e-02
90 -5.803215e-02 1.082338e-01 1.881909e-04 -3.335846e-04 -9.935743e+01 -9.904838e+01 -5.739146e-02 7.662806e-02
91 -4.728727e-02 -7.795749e-02 2.684511e-05 4.441949e-05 -9.995678e+01 -1.000192e+02 -4.720502e-02 -7.953159e-02
92 -5.455956e-02 2.913589e-01 1.992336e-05 -1.060385e-04 -9.998454e+01 -9.929728e+01 -5.449761e-02 2.852138e-01
93 -5.057377e-02 -1.658061e-01 7.464551e-06 2.446254e-05 -1.000585e+02 -1.002886e+02 -5.054362e-02 -1.653020e-01
94 -5.032537e-02 -3.132759e-01 2.636763e-06 1.641103e-05 -1.000799e+02 -1.006055e+02 -5.031798e-02 -3.129050e-01
95 -5.177604e-02 -1.416759e-01 1.224141e-06 3.350303e-06 -1.000967e+02 -1.002766e+02 -5.177285e-02 -1.418346e-01
96 -4.506048e-02 -1.795114e-02 2.223989e-06 8.887324e-07 -1.000792e+02 -1.000252e+02 -4.505252e-02 -1.828108e-02
97 -4.297958e-02 -1.462690e-01 3.797822e-06 1.292880e-05 -1.000767e+02 -1.002835e+02 -4.297056e-02 -1.465078e-01
98 -4.263551e-02 -1.257220e-01 1.160746e-05 3.429894e-05 -1.000405e+02 -1.002076e+02 -4.259729e-02 -1.271752e-01
99 -3.696211e-02 2.012955e-01 3.596773e-05 -1.953699e-04 -9.988619e+01 -9.941269e+01 -3.685197e-02 1.975505e-01
100 -3.151989e-02 -2.731477e-01 8.599978e-05 7.474057e-04 -9.961522e+01 -1.000991e+02 -3.124873e-02 -2.754240e-01
101 -4.410791e-02 -3.057006e-01 2.449559e-04 1.677475e-03 -9.890423e+01 -9.940709e+01 -4.334034e-02 -2.796587e-01
102 -4.079194e-02 1.232331e-01 4.099405e-04 -8.762951e-04 -9.728012e+01 -9.709801e+01 -3.846632e-02 -7.103325e-02
103 -4.629366e-02 -4.832821e-01 9.739165e-04 9.298028e-03 -9.522949e+01 -9.591866e+01 -4.376122e-02 -2.657176e-01
104 -3.240401e-02 -3.591510e-01 6.933349e-04 7.084066e-03 -9.467480e+01 -9.518752e+01 -2.919454e-02 -1.845148e-01
105 -4.485268e-02 -2.961841e-02 7.887451e-04 8.217515e-04 -9.553878e+01 -9.557082e+01 -4.133928e-02 -1.057673e-01
106 -4.698460e-02 7.444784e-02 1.541941e-03 -1.745397e-03 -9.369437e+01 -9.354271e+01 -4.255877e-02 -3.657190e-02
107 -5.615281e-02 2.928360e-01 1.690276e-04 -8.698047e-04 -9.948157e+01 -9.880394e+01 -5.547525e-02 2.663989e-01
108 -4.508985e-02 1.113040e-02 1.430718e-04 -2.554384e-05 -9.936381e+01 -9.926441e+01 -4.451778e-02 -7.034630e-03
109 -5.670989e-02 -3.131948e-01 9.606529e-05 5.311403e-04 -9.954899e+01 -1.000605e+02 -5.626873e-02 -3.122401e-01
110 -4.306776e-02 4.349574e-02 1.600214e-04 -1.545130e-04 -9.919139e+01 -9.902740e+01 -4.243645e-02 3.175237e-02
111 -7.094732e-02 5.318651e-01 4.398312e-05 -3.282823e-04 -9.979047e+01 -9.859840e+01 -7.056175e-02 5.151546e-01
112 -8.656244e-02 1.801891e-01 4.639565e-06 -9.654524e-06 -1.000821e+02 -9.954918e+01 -8.652150e-02 1.797425e-01
113 -5.285131e-02 1.699186e-01 1.288680e-06 -4.141999e-06 -1.000945e+02 -9.964916e+01 -5.284665e-02 1.696194e-01
114 -3.612107e-02 3.485918e-01 6.425663e-07 -6.200890e-06 -1.000855e+02 -9.931609e+01 -3.611852e-02 3.484619e-01
115 -3.440673e-02 -2.139734e-01 1.603052e-06 9.969240e-06 -1.000769e+02 -1.004360e+02 -3.440102e-02 -2.139300e-01
116 -4.967080e-02 -4.363256e-01 7.071892e-06 6.211617e-05 -1.000668e+02 -1.008397e+02 -4.964248e-02 -4.358307e-01
117 -5.161027e-02 2.045431e-01 2.639632e-05 -1.038932e-04 -9.996121e+01 -9.945525e+01 -5.150001e-02 1.957056e-01
118 -5.032586e-02 4.878959e-02 5.782003e-05 -5.332055e-05 -9.978623e+01 -9.959808e+01 -5.008891e-02 3.447098e-02
