0 -7.253980e-02 -2.478782e-01 2.305150e-02 2.583509e-01 -1.037745e+01 -1.087392e+01 1.258840e-02 -1.631670e+00
1 -3.996159e-02 -1.082544e-01 1.849651e-01 7.520057e+01 -3.524935e-01 -3.942995e-01 2.906035e-01 9.799387e+01
2 4.995311e-02 6.286802e-01 3.080141e-01 2.837595e+01 -3.694394e-01 -3.845973e-01 5.313587e-01 6.679022e+01
3 -2.035135e-01 -5.865037e-01 2.326893e-01 3.422057e+01 -1.455637e+00 -1.774579e+00 2.740231e-01 7.331366e+01
4 -6.432122e-02 1.085649e-02 2.351584e-01 4.691126e+00 -2.207480e+00 -2.261804e+00 3.950085e-01 1.522747e+01
5 -7.233966e-02 2.310139e-01 1.623106e-01 5.933382e+00 -5.862747e+00 -6.267774e+00 2.227247e-01 1.432232e+01
6 -7.126490e-02 1.757749e+00 8.123792e-02 2.497723e-01 -1.869503e+01 -1.882855e+01 8.205558e-02 -2.451785e-01
7 -5.895564e-02 5.057603e-01 2.619661e-02 9.574139e-02 -3.966030e+01 -3.988597e+01 -4.999652e-04 -5.321203e-01
8 -7.088696e-02 8.179203e-01 1.636695e-02 -1.895774e-02 -4.907693e+01 -4.888888e+01 -2.216350e-02 -5.457012e-02
9 -7.709019e-02 2.490964e+00 1.174718e-02 -3.235125e-02 -6.156715e+01 -6.120663e+01 -4.440566e-02 -1.406103e-01
10 -6.946587e-02 5.916639e-01 7.898626e-03 -2.146140e-02 -7.047403e+01 -7.023970e+01 -5.058447e-02 -1.826899e-01
11 -4.831814e-02 5.106769e-02 1.175001e-02 1.508168e-02 -5.778923e+01 -5.781694e+01 -8.885967e-03 -2.294697e-02
12 -5.604078e-02 -3.213301e-01 4.536637e-02 1.022336e-01 -2.409493e+01 -2.415995e+01 3.742693e-02 -4.961587e-01
13 -4.961801e-02 -3.065219e-01 8.374582e-02 1.453447e+00 -8.243249e+00 -8.484390e+00 1.020215e-01 1.608473e+00
14 -4.243549e-02 -2.245718e-02 1.122129e-01 5.202892e+00 -3.928543e+00 -4.075661e+00 1.681556e-01 1.333781e+01
15 -5.991493e-02 -1.343684e-01 6.150704e-02 1.589692e-01 -1.381043e+01 -1.380231e+01 5.353626e-02 -3.996382e-01
16 -4.195790e-02 -5.327508e-01 6.261509e-02 2.219307e+00 -1.077925e+01 -1.141175e+01 6.906131e-02 -3.018663e+00
17 -5.867563e-02 3.162828e-01 1.070923e-01 1.453237e+00 -8.003090e+00 -8.161917e+00 1.510039e-01 3.337322e+00
18 -5.968496e-02 3.691411e-01 6.317824e-02 2.786548e-01 -2.022919e+01 -2.042749e+01 6.427211e-02 -8.082226e-01
19 -5.032564e-02 5.515429e-01 2.884631e-02 3.521920e-02 -3.440797e+01 -3.444488e+01 4.988836e-03 -3.082804e-01
20 -9.318175e-02 5.268198e-01 2.269383e-02 1.229497e-02 -5.129313e+01 -5.140033e+01 -2.203106e-02 -4.458560e-01
21 -6.470966e-02 1.872757e+00 9.292553e-03 2.524906e-02 -6.699148e+01 -6.739450e+01 -3.525856e-02 -4.071905e-01
22 -5.685727e-02 3.392148e-01 6.424559e-03 -7.228032e-04 -8.093460e+01 -8.090540e+01 -4.180332e-02 2.227883e-03
23 -6.381396e-02 5.091890e-01 3.097193e-03 -1.427461e-02 -8.833474e+01 -8.791166e+01 -5.659272e-02 -9.854125e-02
24 -6.802526e-02 4.034299e+00 7.084451e-04 5.138776e-02 -6.541341e+01 -6.866107e+01 -4.703501e-02 6.286002e+00
25 -1.122393e-01 3.204350e+00 9.319670e-04 2.188751e-02 -7.387085e+01 -8.082799e+01 -1.377978e-01 -5.748566e-01
26 -4.909451e-02 5.302102e-01 5.870191e-05 -6.201263e-04 -9.977001e+01 -9.865968e+01 -4.901441e-02 4.621883e-01
27 -6.063985e-02 -4.870123e-01 3.313166e-04 2.960777e-03 -9.746517e+01 -9.850060e+01 -6.042218e-02 -6.977011e-01
28 -4.822551e-02 5.066720e-02 1.524536e-03 -3.229756e-04 -9.327636e+01 -9.321706e+01 -4.380054e-02 -7.159226e-02
29 -4.167780e-02 1.248944e-02 4.585672e-03 6.731832e-03 -8.195344e+01 -8.206144e+01 -3.129835e-02 -1.830242e-01
30 -4.604310e-02 -5.298391e-02 5.780534e-03 2.184227e-02 -8.018363e+01 -8.046748e+01 -2.974064e-02 -2.224847e-01
31 -5.649979e-02 6.465007e-01 8.278126e-03 -2.393516e-02 -7.502783e+01 -7.489310e+01 -3.459565e-02 -1.985714e-01
32 -4.104495e-02 8.596613e-02 1.482926e-02 6.774795e-02 -5.598722e+01 -5.625528e+01 -4.114148e-03 -3.541044e-01
33 -4.998465e-02 -2.919216e-01 3.774791e-02 2.399300e-01 -3.259681e+01 -3.293603e+01 2.882694e-02 -6.578536e-01
34 -4.454286e-02 6.198521e-02 4.471318e-02 3.858985e-01 -1.661716e+01 -1.674158e+01 5.051309e-02 -2.842135e-02
35 -4.654722e-02 -1.931179e-01 7.670470e-02 1.235994e+00 -1.133977e+01 -1.158736e+01 1.004531e-01 1.501224e+00
36 -5.220044e-02 -2.884335e-01 8.265040e-02 1.589901e+00 -9.577211e+00 -9.910874e+00 9.929038e-02 1.353133e-01
37 -5.610199e-02 -5.470430e-01 6.614005e-02 1.095504e+00 -1.674581e+01 -1.725991e+01 7.140854e-02 -1.325511e+00
38 -4.202690e-02 1.417840e-01 8.427724e-02 2.703670e+00 -9.216256e+00 -9.595425e+00 1.147257e-01 4.750864e+00
39 -7.436695e-02 4.472823e-01 6.299513e-02 6.695080e-01 -1.985534e+01 -2.030430e+01 6.353990e-02 -1.336818e+00
40 -6.950491e-02 9.197584e-02 1.692405e-02 5.825055e-02 -5.656362e+01 -5.678583e+01 -1.283583e-02 -1.617662e-01
41 -7.838359e-02 -7.036743e-03 3.650661e-03 2.962528e-03 -8.875216e+01 -8.880337e+01 -5.855037e-02 -2.085002e-01
42 -5.669401e-02 -3.812502e-01 1.352655e-03 7.851316e-03 -9.302304e+01 -9.345697e+01 -5.209874e-02 -1.489001e-01
43 -3.657200e-02 2.982356e-02 3.486287e-04 -3.053233e-04 -9.773093e+01 -9.759205e+01 -3.598175e-02 4.062785e-02
44 -8.602771e-02 -4.732117e-02 2.793396e-04 1.605117e-04 -9.899933e+01 -9.893074e+01 -8.483774e-02 -5.750753e-02
45 -3.042717e-02 1.047466e-01 4.256174e-05 -1.460487e-04 -9.972333e+01 -9.945337e+01 -3.090576e-02 1.043356e-01
46 -6.318409e-02 -2.822967e-01 1.057425e-04 4.693445e-04 -9.968598e+01 -1.001147e+02 -6.268337e-02 -2.691586e-01
47 -4.677824e-02 -1.021879e-01 1.811976e-04 4.016707e-04 -9.920056e+01 -9.931648e+01 -4.637503e-02 -1.099220e-01
48 -6.306358e-02 -1.472427e-01 1.042517e-03 3.873420e-03 -9.459745e+01 -9.503015e+01 -6.180573e-02 -3.582412e-01
49 -5.887921e-02 6.315809e-02 5.728701e-03 1.269102e-02 -7.945799e+01 -7.956533e+01 -4.073460e-02 -3.780509e-02
50 -4.845132e-02 -6.350078e-01 1.611130e-02 5.605432e-02 -5.431394e+01 -5.448008e+01 -5.954163e-03 -2.680763e-01
51 -4.213101e-02 -4.366266e-01 1.631439e-02 4.240534e-02 -4.435269e+01 -4.448417e+01 -6.185175e-03 -1.329871e-01
52 4.523121e-03 4.224437e-01 1.583752e-02 2.067914e-02 -5.209992e+01 -5.224569e+01 -1.100849e-02 -4.211180e-01
53 -7.985509e-02 -2.110286e-01 2.942254e-02 1.233985e-01 -4.162175e+01 -4.188546e+01 1.412389e-02 -6.252910e-01
54 -6.092459e-02 3.495196e-01 2.719398e-02 -1.413559e-02 -4.219521e+01 -4.211205e+01 8.568330e-03 -3.674104e-04
55 -4.929927e-02 1.662505e-02 1.393166e-02 3.300561e-02 -5.634621e+01 -5.644805e+01 -1.893954e-02 -8.037909e-02
56 -5.105685e-02 1.833031e-02 3.087325e-03 2.871408e-03 -8.528262e+01 -8.534368e+01 -4.277955e-02 -1.468161e-01
57 -6.636102e-02 1.962498e-01 5.271521e-04 -1.480625e-03 -9.799960e+01 -9.752193e+01 -6.483790e-02 1.366848e-01
58 -5.470293e-02 3.189796e-01 1.713666e-04 -9.903810e-04 -9.912635e+01 -9.839658e+01 -5.409301e-02 2.988974e-01
59 -4.279767e-02 -4.363871e-01 7.945731e-05 8.090007e-04 -9.950039e+01 -1.002809e+02 -4.249567e-02 -4.294205e-01
60 -7.755068e-02 -1.538065e-01 6.095771e-05 1.222075e-04 -9.980112e+01 -9.995996e+01 -7.751527e-02 -1.635537e-01
61 -5.965289e-02 1.825943e-01 2.166843e-05 -6.625986e-05 -9.999410e+01 -9.951068e+01 -5.963503e-02 1.814522e-01
62 -5.036620e-02 1.838156e-01 2.999593e-05 -1.091530e-04 -9.996721e+01 -9.950158e+01 -5.027572e-02 1.802867e-01
63 -5.319522e-02 -5.963606e-01 1.185591e-04 1.336892e-03 -9.937325e+01 -1.004654e+02 -5.284224e-02 -6.040037e-01
64 -4.782859e-02 1.571520e-01 3.552052e-04 -1.105337e-03 -9.863854e+01 -9.826620e+01 -4.688926e-02 1.085671e-01
65 -4.294225e-02 8.788557e-02 9.833304e-04 -1.002792e-03 -9.590052e+01 -9.580760e+01 -4.017510e-02 -1.194140e-01
66 -3.917836e-02 -3.407591e-01 2.140281e-03 1.785068e-02 -9.063799e+01 -9.113918e+01 -3.299667e-02 -2.438060e-01
67 -4.341831e-02 -2.316006e-01 3.616275e-03 2.210026e-02 -8.751749e+01 -8.796120e+01 -3.548508e-02 -3.307921e-01
68 -3.634138e-02 7.318003e-02 6.153238e-03 7.204553e-03 -7.321729e+01 -7.327739e+01 -1.517384e-02 -8.263924e-02
69 -4.965605e-02 -5.537368e-01 1.486227e-02 1.352509e-01 -5.793028e+01 -5.846255e+01 -1.124920e-02 -5.627209e-01
70 -4.271017e-02 2.840476e-01 1.394691e-02 -1.155104e-02 -5.583631e+01 -5.583210e+01 -7.080922e-03 -2.220177e-01
71 -4.632224e-02 2.082478e-01 1.706264e-02 7.947749e-03 -5.077631e+01 -5.077051e+01 -6.994940e-03 -9.904766e-02
72 -3.904240e-02 -1.295186e-02 1.266417e-02 8.652202e-02 -5.745263e+01 -5.777434e+01 -3.907885e-03 -3.200373e-01
73 -4.524181e-02 -1.587240e-01 1.792854e-02 9.790145e-02 -4.649886e+01 -4.673959e+01 -4.405861e-03 -4.100942e-01
74 -1.158873e-01 -1.441102e+00 9.577159e-03 3.998265e-03 -6.980444e+01 -7.019445e+01 -7.456305e-02 -5.234073e-01
75 -5.486571e-02 2.798433e-01 3.095930e-04 -1.445899e-03 -9.872893e+01 -9.815585e+01 -5.439667e-02 1.536657e-01
76 -4.685322e-02 -1.912075e-01 2.181119e-04 8.901279e-04 -9.912134e+01 -9.940817e+01 -4.657868e-02 -1.903266e-01
77 -5.258438e-02 -3.221745e-01 7.915148e-05 4.846147e-04 -9.975434e+01 -1.002910e+02 -5.238328e-02 -3.195986e-01
78 -5.712910e-02 -2.267080e-01 2.060553e-05 8.227370e-05 -1.000066e+02 -1.003511e+02 -5.708817e-02 -2.347996e-01
79 -4.021528e-02 1.838734e-01 1.508102e-05 -6.888452e-05 -1.000108e+02 -9.956364e+01 -4.017542e-02 1.825838e-01
80 -4.045486e-02 -1.702446e-01 2.866997e-05 1.205812e-04 -9.994363e+01 -1.002024e+02 -4.035878e-02 -1.692609e-01
81 -3.873248e-02 -2.654044e-01 4.509306e-05 3.088041e-04 -9.984227e+01 -1.002940e+02 -3.861453e-02 -2.636451e-01
82 -4.304479e-02 3.782126e-01 7.640985e-05 -6.568329e-04 -9.973329e+01 -9.892546e+01 -4.292257e-02 3.294152e-01
83 -5.088030e-02 5.328400e-01 2.610193e-04 -2.581858e-03 -9.884257e+01 -9.779912e+01 -5.047530e-02 3.691444e-01
84 -3.046960e-02 -2.459137e-01 5.160592e-04 3.945397e-03 -9.649047e+01 -9.685962e+01 -2.941454e-02 -1.653672e-01
85 -4.950371e-02 -1.733836e-03 1.487822e-03 -3.559930e-04 -9.244138e+01 -9.230702e+01 -4.668387e-02 4.228313e-02
86 -4.252801e-02 1.118400e-01 1.172442e-03 -2.414196e-03 -9.229155e+01 -9.209234e+01 -3.822950e-02 -2.625249e-02
87 -5.024898e-02 5.955077e-01 1.984940e-03 -1.987428e-02 -8.879123e+01 -8.794627e+01 -4.257507e-02 7.915416e-02
88 -3.568933e-02 3.662504e-02 1.496681e-03 1.748087e-04 -8.935430e+01 -8.935353e+01 -2.884470e-02 -1.118412e-01
89 -6.292101e-02 -6.468291e-02 1.569015e-03 2.019199e-03 -9.429890e+01 -9.436126e+01 -5.735698e-02 -1.408040e-01
90 -5.753566e-02 2.252843e-01 2.155748e-04 -8.046731e-04 -9.919872e+01 -9.867907e+01 -5.683529e-02 1.629324e-01
91 -4.541448e-02 -1.410231e-01 2.364171e-05 7.347278e-05 -9.997309e+01 -1.001646e+02 -4.535411e-02 -1.415223e-01
92 -5.542513e-02 3.427677e-01 1.890610e-05 -1.165291e-04 -1.000041e+02 -9.921296e+01 -5.538350e-02 3.356462e-01
93 -4.964844e-02 -3.982872e-01 7.966783e-06 6.388233e-05 -1.000558e+02 -1.007521e+02 -4.962148e-02 -3.970114e-01
94 -5.088706e-02 -3.514050e-01 3.214766e-06 2.219571e-05 -1.000772e+02 -1.006778e+02 -5.087900e-02 -3.509569e-01
95 -5.023057e-02 1.526729e-01 1.307405e-06 -3.973037e-06 -1.000931e+02 -9.968738e+01 -5.022758e-02 1.524920e-01
96 -4.749685e-02 -2.432472e-01 2.335427e-06 1.196247e-05 -1.000848e+02 -1.004764e+02 -4.748976e-02 -2.434505e-01
97 -4.732857e-02 2.159941e-01 5.095861e-06 -2.321977e-05 -1.000782e+02 -9.955303e+01 -4.731913e-02 2.139321e-01
98 -4.190265e-02 1.283962e-01 1.419715e-05 -4.336755e-05 -1.000259e+02 -9.968713e+01 -4.186166e-02 1.258941e-01
99 -3.692414e-02 1.746042e-01 4.347209e-05 -2.044877e-04 -9.985487e+01 -9.943633e+01 -3.682052e-02 1.686408e-01
100 -3.084049e-02 -2.141285e-01 8.839178e-05 6.158223e-04 -9.962204e+01 -9.998978e+01 -3.059872e-02 -2.168548e-01
101 -4.479950e-02 -6.481410e-01 2.467952e-04 3.528391e-03 -9.882750e+01 -9.999051e+01 -4.411984e-02 -5.934504e-01
102 -4.201075e-02 3.205484e-01 3.967584e-04 -2.911541e-03 -9.743624e+01 -9.677873e+01 -4.010455e-02 2.375798e-01
103 -4.594103e-02 -5.980460e-01 8.026269e-04 9.555043e-03 -9.612686e+01 -9.700823e+01 -4.444269e-02 -3.180019e-01
104 -3.255815e-02 -3.763537e-01 5.426051e-04 6.078970e-03 -9.584236e+01 -9.645750e+01 -3.057872e-02 -2.875072e-01
105 -4.637072e-02 -2.388764e-03 6.233870e-04 4.521064e-04 -9.684484e+01 -9.687539e+01 -4.380824e-02 -1.582458e-01
106 -4.320715e-02 -1.399821e-02 1.170970e-03 8.236060e-04 -9.495758e+01 -9.496166e+01 -4.037313e-02 -9.518104e-02
107 -5.590425e-02 -1.969638e-01 1.518623e-04 5.342113e-04 -9.954380e+01 -9.982289e+01 -5.530239e-02 -1.930419e-01
108 -4.691351e-02 -2.566601e-02 1.147668e-04 6.949792e-05 -9.953072e+01 -9.949931e+01 -4.653718e-02 -4.155252e-02
109 -5.707391e-02 -1.081411e-01 7.157239e-05 1.393761e-04 -9.971187e+01 -9.982541e+01 -5.677144e-02 -1.246405e-01
110 -4.402007e-02 -1.315008e-01 1.277340e-04 3.779793e-04 -9.937252e+01 -9.954133e+01 -4.355110e-02 -1.227951e-01
111 -7.212513e-02 4.057139e-01 4.363929e-05 -2.437503e-04 -9.979978e+01 -9.885878e+01 -7.173932e-02 3.867126e-01
112 -9.027495e-02 3.821760e-01 4.025310e-06 -1.703613e-05 -1.000887e+02 -9.914480e+01 -9.023985e-02 3.813705e-01
113 -5.236478e-02 1.035009e-01 1.227583e-06 -2.425740e-06 -1.000947e+02 -9.978307e+01 -5.236094e-02 1.033331e-01
114 -3.732932e-02 -9.006342e-02 6.640756e-07 1.602211e-06 -1.000854e+02 -1.001909e+02 -3.732720e-02 -9.006204e-02
115 -3.913923e-02 -1.026364e-01 1.621209e-06 4.252863e-06 -1.000862e+02 -1.002133e+02 -3.913402e-02 -1.028394e-01
116 -5.251589e-02 -4.885181e-01 8.481583e-06 7.879671e-05 -1.000614e+02 -1.009305e+02 -5.248271e-02 -4.844482e-01
117 -5.200578e-02 -5.398567e-02 2.778698e-05 2.941964e-05 -9.995734e+01 -9.996558e+01 -5.190336e-02 -6.027698e-02
118 -4.944375e-02 1.696240e-01 4.864009e-05 -1.636861e-04 -9.983643e+01 -9.941221e+01 -4.928554e-02 1.498798e-01
