0 -7.292459e-02 -1.606471e-01 2.314843e-02 1.794623e-01 -1.092199e+01 -1.136561e+01 1.161700e-02 -2.149690e+00
1 -4.102129e-02 -1.896522e-01 1.787759e-01 7.195395e+01 -4.179837e-01 -4.741102e-01 2.700096e-01 9.727193e+01
2 4.963870e-02 8.279134e-01 3.071919e-01 3.318114e+01 -3.700326e-01 -3.870784e-01 5.248824e-01 7.219878e+01
3 -1.986826e-01 -6.693044e-01 2.374480e-01 3.855111e+01 -1.394270e+00 -1.709154e+00 2.757464e-01 7.852745e+01
4 -6.295724e-02 8.634804e-02 2.392416e-01 4.752475e+00 -2.000594e+00 -2.046641e+00 4.117962e-01 1.605591e+01
5 -7.218743e-02 1.755088e-01 1.663620e-01 7.212263e+00 -5.391086e+00 -5.818329e+00 2.281327e-01 1.828034e+01
6 -7.277964e-02 1.583389e+00 8.749505e-02 3.483561e-01 -1.720079e+01 -1.735670e+01 8.974166e-02 -3.167104e-01
7 -5.882421e-02 5.037273e-01 2.786229e-02 4.447854e-02 -3.811829e+01 -3.823847e+01 2.741831e-03 -4.637124e-01
8 -7.276240e-02 9.756922e-01 1.759257e-02 2.807119e-02 -4.780798e+01 -4.778958e+01 -2.093579e-02 -1.431386e-02
9 -7.757192e-02 2.955015e+00 1.283338e-02 -5.054470e-02 -6.004845e+01 -5.972161e+01 -4.310596e-02 -3.696576e-01
10 -7.039001e-02 5.723578e-01 8.658376e-03 6.890356e-03 -6.874899e+01 -6.892069e+01 -5.037850e-02 -2.709253e-01
11 -4.897301e-02 -6.745901e-03 1.311284e-02 1.211280e-02 -5.565677e+01 -5.566739e+01 -6.771803e-03 -9.792882e-02
12 -5.550625e-02 -1.772006e-03 4.871333e-02 1.615389e-01 -2.335837e+01 -2.347769e+01 4.257217e-02 -6.126873e-01
13 -4.961829e-02 -1.995055e-01 8.462518e-02 9.737917e-01 -8.260614e+00 -8.453119e+00 1.026244e-01 8.267100e-01
14 -4.330209e-02 -1.975186e-01 1.124118e-01 4.980376e+00 -4.015684e+00 -4.176835e+00 1.656961e-01 1.354585e+01
15 -5.943289e-02 -6.669794e-02 6.038431e-02 2.103657e-01 -1.428713e+01 -1.435362e+01 5.209245e-02 -4.501072e-01
16 -4.125652e-02 -7.467525e-01 6.247078e-02 2.318167e+00 -1.150388e+01 -1.221376e+01 7.004682e-02 -3.035363e+00
17 -5.931800e-02 6.102182e-02 1.036674e-01 1.449863e+00 -8.495693e+00 -8.658336e+00 1.441330e-01 2.983949e+00
18 -5.946183e-02 5.009346e-01 6.405151e-02 4.208656e-01 -2.043434e+01 -2.075085e+01 6.589616e-02 -8.875530e-01
19 -5.120377e-02 6.081355e-01 2.951282e-02 1.272866e-01 -3.432425e+01 -3.450950e+01 6.092338e-03 -2.875825e-01
20 -9.015371e-02 5.045216e-01 2.288061e-02 2.557195e-02 -5.151747e+01 -5.164399e+01 -2.109875e-02 -3.888862e-01
21 -6.484256e-02 2.053912e+00 9.505810e-03 7.938702e-03 -6.698370e+01 -6.723571e+01 -3.468435e-02 -3.281927e-01
22 -5.613160e-02 3.752869e-01 6.713736e-03 2.130801e-03 -8.018449e+01 -8.023743e+01 -4.059706e-02 -5.833936e-02
23 -6.389323e-02 4.826049e-01 3.407637e-03 -1.328147e-02 -8.755614e+01 -8.724084e+01 -5.560313e-02 -1.896654e-01
24 -7.113840e-02 4.328759e+00 7.914947e-04 5.792124e-02 -6.489234e+01 -6.738449e+01 -5.049355e-02 5.671182e+00
25 -1.177446e-01 3.717264e+00 1.056429e-03 2.587370e-02 -7.243260e+01 -7.925631e+01 -1.399822e-01 4.000816e-01
26 -4.956851e-02 6.948871e-01 6.569133e-05 -9.004625e-04 -9.972659e+01 -9.830200e+01 -4.950592e-02 6.045979e-01
27 -5.994274e-02 -2.884333e-01 3.677213e-04 2.212650e-03 -9.720671e+01 -9.791385e+01 -5.974454e-02 -5.797443e-01
28 -4.755116e-02 7.714442e-02 1.608866e-03 -1.852294e-03 -9.305368e+01 -9.288819e+01 -4.311849e-02 9.819029e-03
29 -4.168731e-02 -9.617918e-03 4.671818e-03 5.997420e-03 -8.213637e+01 -8.218924e+01 -3.200864e-02 -7.977569e-02
30 -4.638228e-02 -1.579892e-01 5.876147e-03 2.876626e-02 -8.007306e+01 -8.039277e+01 -3.020473e-02 -1.682632e-01
31 -5.661203e-02 5.932813e-01 8.575486e-03 -2.201131e-02 -7.449520e+01 -7.439526e+01 -3.485372e-02 -2.588985e-01
32 -4.058627e-02 -1.375786e-01 1.559308e-02 4.722693e-02 -5.473450e+01 -5.489514e+01 -2.498956e-03 -3.097780e-01
33 -5.066596e-02 -1.920450e-01 3.936264e-02 2.278243e-01 -3.183777e+01 -3.213954e+01 3.135695e-02 -6.031262e-01
34 -4.428397e-02 -4.617883e-02 4.540613e-02 3.307612e-01 -1.668642e+01 -1.681895e+01 5.137449e-02 -3.881079e-02
35 -4.722143e-02 -2.169675e-01 7.526401e-02 1.101162e+00 -1.194165e+01 -1.220338e+01 9.771185e-02 1.091158e+00
36 -5.162412e-02 -2.086819e-01 8.272536e-02 1.941244e+00 -9.933145e+00 -1.032138e+01 9.947150e-02 4.859745e-01
37 -5.525415e-02 -5.132089e-01 6.430872e-02 9.691166e-01 -1.782812e+01 -1.835588e+01 6.866159e-02 -1.290321e+00
38 -4.242348e-02 2.442258e-02 8.251071e-02 2.361955e+00 -9.871549e+00 -1.026160e+01 1.111985e-01 3.915436e+00
39 -7.325232e-02 2.889666e-01 6.334664e-02 7.450427e-01 -1.993262e+01 -2.041183e+01 6.421683e-02 -1.282679e+00
40 -6.942029e-02 3.368892e-01 1.791100e-02 1.652818e-02 -5.537367e+01 -5.540962e+01 -1.211677e-02 -8.643090e-02
41 -7.659029e-02 -1.405435e-01 3.619946e-03 8.765607e-03 -8.884338e+01 -8.908880e+01 -5.864639e-02 -2.512200e-01
42 -5.598178e-02 -8.133718e-01 1.361639e-03 1.735123e-02 -9.299021e+01 -9.406883e+01 -5.165436e-02 -3.174564e-01
43 -3.565595e-02 1.366908e-01 3.614720e-04 -1.390937e-03 -9.761231e+01 -9.727152e+01 -3.516351e-02 1.366251e-01
44 -8.885755e-02 -1.635896e-01 3.106892e-04 5.705708e-04 -9.891244e+01 -9.905832e+01 -8.737719e-02 -1.572496e-01
45 -2.842043e-02 -8.521776e-02 4.224499e-05 1.250998e-04 -9.968381e+01 -9.979388e+01 -2.908459e-02 -8.100288e-02
46 -6.520349e-02 -1.357791e-01 1.165686e-04 2.423245e-04 -9.965361e+01 -9.979308e+01 -6.460798e-02 -1.331794e-01
47 -4.731055e-02 -2.903717e-01 1.911479e-04 1.176266e-03 -9.917079e+01 -9.965633e+01 -4.691602e-02 -2.923129e-01
48 -6.382143e-02 1.608942e-01 1.158573e-03 -4.790315e-04 -9.384759e+01 -9.383774e+01 -6.268067e-02 -2.318366e-01
49 -5.879500e-02 -8.747769e-04 6.197494e-03 1.372199e-02 -7.850357e+01 -7.860241e+01 -3.980545e-02 -7.787023e-02
50 -4.902321e-02 -6.764145e-01 1.642882e-02 6.501520e-02 -5.437775e+01 -5.454590e+01 -5.811556e-03 -2.009466e-01
51 -4.241766e-02 -1.939320e-01 1.589892e-02 -1.192660e-02 -4.543672e+01 -4.547041e+01 -7.015084e-03 -1.672471e-01
52 4.528806e-03 3.206597e-01 1.495699e-02 4.942860e-02 -5.350271e+01 -5.373324e+01 -1.266195e-02 -3.336965e-01
53 -7.940403e-02 -1.086206e-01 2.906536e-02 7.693329e-02 -4.277023e+01 -4.295934e+01 1.262204e-02 -6.082545e-01
54 -6.047237e-02 3.999161e-01 2.630766e-02 -4.454502e-03 -4.318482e+01 -4.309921e+01 6.892647e-03 1.084563e-01
55 -4.934599e-02 -1.926043e-01 1.399611e-02 6.754902e-02 -5.664338e+01 -5.686415e+01 -1.910166e-02 -1.112219e-01
56 -5.075075e-02 -9.877149e-02 3.251628e-03 6.361199e-03 -8.466191e+01 -8.473415e+01 -4.280359e-02 -3.746010e-02
57 -6.663248e-02 -3.182960e-02 5.573321e-04 2.448123e-04 -9.788771e+01 -9.780953e+01 -6.522061e-02 -1.700064e-02
58 -5.481138e-02 2.331957e-01 1.716363e-04 -7.218448e-04 -9.914375e+01 -9.858304e+01 -5.424046e-02 2.151623e-01
59 -4.178851e-02 -5.684840e-01 7.957415e-05 1.079754e-03 -9.948953e+01 -1.005317e+02 -4.151170e-02 -5.560127e-01
60 -7.857993e-02 -5.367124e-02 6.519112e-05 4.596665e-05 -9.978426e+01 -9.974143e+01 -7.853252e-02 -6.386973e-02
61 -6.012522e-02 1.029246e-01 2.371005e-05 -4.051496e-05 -9.998442e+01 -9.965931e+01 -6.010425e-02 1.017862e-01
62 -5.086359e-02 2.015263e-01 3.309857e-05 -1.309021e-04 -9.995369e+01 -9.945106e+01 -5.076725e-02 1.989717e-01
63 -5.400606e-02 -6.240970e-01 1.303938e-04 1.520484e-03 -9.930087e+01 -1.004535e+02 -5.354205e-02 -6.410092e-01
64 -4.791382e-02 1.987482e-01 3.829812e-04 -1.519095e-03 -9.851096e+01 -9.805827e+01 -4.693457e-02 1.469887e-01
65 -4.242782e-02 1.690879e-01 1.008658e-03 -3.023206e-03 -9.579515e+01 -9.554002e+01 -3.967489e-02 -3.436348e-02
66 -3.874167e-02 -2.174965e-01 2.131455e-03 1.190245e-02 -9.077795e+01 -9.109894e+01 -3.296828e-02 -1.837487e-01
67 -4.454862e-02 -1.866269e-01 3.780925e-03 1.842625e-02 -8.719572e+01 -8.754575e+01 -3.620959e-02 -2.846315e-01
68 -3.664479e-02 2.632007e-01 6.273792e-03 -1.463194e-02 -7.321235e+01 -7.316634e+01 -1.570577e-02 -1.738984e-01
69 -5.011161e-02 -4.420750e-01 1.465212e-02 1.208515e-01 -5.870029e+01 -5.918959e+01 -1.221096e-02 -4.896423e-01
70 -4.285059e-02 2.812419e-01 1.357495e-02 -2.421176e-03 -5.709391e+01 -5.713024e+01 -8.581969e-03 -2.427906e-01
71 -4.648872e-02 1.424182e-01 1.637169e-02 -2.967320e-03 -5.237479e+01 -5.234025e+01 -8.822298e-03 -1.144769e-01
72 -3.874021e-02 -8.574410e-03 1.201168e-02 8.504517e-02 -5.915507e+01 -5.951508e+01 -5.493852e-03 -3.283680e-01
73 -4.486359e-02 -5.833894e-01 1.729999e-02 1.321087e-01 -4.745124e+01 -4.776968e+01 -5.634741e-03 -4.416821e-01
74 -1.134983e-01 -7.479740e-01 1.002460e-02 -2.485284e-02 -6.884860e+01 -6.894338e+01 -7.520776e-02 -4.653271e-01
75 -5.547742e-02 8.498174e-02 3.014868e-04 -3.479325e-04 -9.877598e+01 -9.857734e+01 -5.506057e-02 -2.440921e-02
76 -4.682688e-02 -3.412257e-01 2.146743e-04 1.561275e-03 -9.914614e+01 -9.972866e+01 -4.659618e-02 -3.358409e-01
77 -5.246006e-02 -2.021823e-01 8.175261e-05 3.142117e-04 -9.974491e+01 -1.000412e+02 -5.226879e-02 -1.981354e-01
78 -5.751617e-02 -1.625012e-01 2.169691e-05 6.204257e-05 -1.000012e+02 -1.002189e+02 -5.747571e-02 -1.740334e-01
79 -4.060281e-02 -6.938895e-02 1.574990e-05 2.694492e-05 -1.000094e+02 -1.000673e+02 -4.056404e-02 -6.976732e-02
80 -3.978866e-02 -2.012967e-01 2.825892e-05 1.430249e-04 -9.994297e+01 -1.002659e+02 -3.970120e-02 -2.013502e-01
81 -3.843732e-02 -2.982854e-01 4.345576e-05 3.373483e-04 -9.985186e+01 -1.003709e+02 -3.833458e-02 -2.981046e-01
82 -4.445447e-02 6.012984e-01 7.956999e-05 -1.058312e-03 -9.971658e+01 -9.846799e+01 -4.436664e-02 5.417015e-01
83 -5.145463e-02 5.613328e-01 2.765357e-04 -2.864028e-03 -9.877323e+01 -9.766840e+01 -5.101008e-02 4.033094e-01
84 -3.208086e-02 -3.100244e-01 5.503322e-04 5.180113e-03 -9.644504e+01 -9.695266e+01 -3.094564e-02 -2.470377e-01
85 -4.930063e-02 -2.322085e-01 1.426256e-03 6.192187e-03 -9.276321e+01 -9.304977e+01 -4.690113e-02 -1.541950e-01
86 -4.280254e-02 -2.590230e-02 1.117074e-03 8.562853e-04 -9.280016e+01 -9.279198e+01 -3.894153e-02 -5.180670e-02
87 -5.164722e-02 8.827579e-01 1.941286e-03 -2.750725e-02 -8.938722e+01 -8.819375e+01 -4.408248e-02 1.590955e-01
88 -3.574014e-02 -6.866312e-02 1.406271e-03 3.789775e-03 -9.000059e+01 -9.014189e+01 -2.947199e-02 -1.337754e-01
89 -6.317556e-02 -1.525504e-01 1.541019e-03 4.063445e-03 -9.445467e+01 -9.467379e+01 -5.772271e-02 -2.070410e-01
90 -5.723718e-02 2.867479e-01 2.208538e-04 -1.064387e-03 -9.916392e+01 -9.852470e+01 -5.651974e-02 2.212527e-01
91 -4.535044e-02 -8.357003e-02 2.305033e-05 4.257368e-05 -9.997731e+01 -1.000544e+02 -4.529072e-02 -8.460705e-02
92 -5.493567e-02 5.351165e-01 1.828847e-05 -1.777467e-04 -1.000076e+02 -9.883304e+01 -5.490793e-02 5.277271e-01
93 -4.923470e-02 -8.704796e-02 7.964651e-06 1.406767e-05 -1.000552e+02 -1.001304e+02 -4.921030e-02 -8.648659e-02
94 -5.145248e-02 -3.636015e-01 3.357737e-06 2.372370e-05 -1.000775e+02 -1.007014e+02 -5.144444e-02 -3.631247e-01
95 -4.991498e-02 2.430294e-01 1.320161e-06 -6.426926e-06 -1.000923e+02 -9.950652e+01 -4.991205e-02 2.428424e-01
96 -4.846985e-02 -1.596207e-01 2.377090e-06 7.829996e-06 -1.000868e+02 -1.003092e+02 -4.846237e-02 -1.598128e-01
97 -4.825149e-02 3.119452e-02 5.423667e-06 -3.468737e-06 -1.000780e+02 -9.992046e+01 -4.824267e-02 2.918301e-02
98 -4.128969e-02 6.415700e-02 1.464806e-05 -2.266053e-05 -1.000213e+02 -9.981167e+01 -4.124894e-02 6.240918e-02
99 -3.803576e-02 2.434613e-01 4.648077e-05 -2.957972e-04 -9.985009e+01 -9.929385e+01 -3.793030e-02 2.344123e-01
100 -3.057510e-02 -1.937923e-01 8.819437e-05 5.595319e-04 -9.962262e+01 -9.994828e+01 -3.034996e-02 -1.935117e-01
101 -4.528383e-02 -7.237309e-01 2.476235e-04 3.886431e-03 -9.881682e+01 -1.001073e+02 -4.458792e-02 -6.374622e-01
102 -4.300382e-02 5.823079e-02 3.970068e-04 -4.843787e-04 -9.750344e+01 -9.732874e+01 -4.117158e-02 2.257132e-02
103 -4.576155e-02 -3.962003e-01 7.584223e-04 5.919442e-03 -9.634860e+01 -9.688544e+01 -4.450404e-02 -1.873252e-01
104 -3.246124e-02 -3.058085e-01 5.053377e-04 4.675444e-03 -9.611795e+01 -9.662267e+01 -3.074731e-02 -2.544875e-01
105 -4.692090e-02 1.130890e-01 5.888308e-04 -1.077158e-03 -9.712075e+01 -9.691207e+01 -4.451235e-02 -2.970025e-02
106 -4.279881e-02 1.432312e-01 1.099177e-03 -3.473919e-03 -9.524983e+01 -9.492368e+01 -4.017030e-02 9.190822e-02
107 -5.600288e-02 -2.838747e-01 1.474908e-04 7.479002e-04 -9.956020e+01 -1.000135e+02 -5.542019e-02 -2.815504e-01
108 -4.733231e-02 -1.802418e-01 1.078787e-04 4.139126e-04 -9.956944e+01 -9.983935e+01 -4.700462e-02 -1.870020e-01
109 -5.684931e-02 -1.169406e-01 6.590570e-05 1.398854e-04 -9.974629e+01 -9.988076e+01 -5.660987e-02 -1.378306e-01
110 -4.406028e-02 -1.188309e-01 1.193960e-04 3.178540e-04 -9.941524e+01 -9.955776e+01 -4.367079e-02 -1.086914e-01
111 -7.144277e-02 2.511907e-01 4.247903e-05 -1.476819e-04 -9.980359e+01 -9.917161e+01 -7.109845e-02 2.334097e-01
112 -9.124063e-02 3.383998e-01 3.850249e-06 -1.427610e-05 -1.000905e+02 -9.923212e+01 -9.120646e-02 3.377074e-01
113 -5.228053e-02 -2.668194e-01 1.199866e-06 6.123694e-06 -1.000948e+02 -1.005239e+02 -5.227686e-02 -2.668111e-01
114 -3.771795e-02 -6.290334e-02 6.635097e-07 1.106544e-06 -1.000857e+02 -1.001360e+02 -3.771596e-02 -6.289595e-02
115 -3.977841e-02 -7.200874e-02 1.587699e-06 2.875733e-06 -1.000874e+02 -1.001520e+02 -3.977365e-02 -7.224147e-02
116 -5.300615e-02 -5.622428e-01 8.771221e-06 9.288732e-05 -1.000596e+02 -1.010740e+02 -5.297399e-02 -5.564717e-01
117 -5.164134e-02 2.976093e-02 2.758323e-05 -1.536886e-05 -9.995707e+01 -9.979843e+01 -5.153821e-02 2.382774e-02
118 -5.017319e-02 1.700888e-01 4.707600e-05 -1.570844e-04 -9.985151e+01 -9.942257e+01 -5.003246e-02 1.537482e-01
