0 -7.025994e-02 -1.502388e-01 2.334919e-02 9.859866e-01 -7.913629e+00 -8.429423e+00 1.530718e-02 -1.310352e+00
1 -3.388559e-02 -1.305058e-01 2.528479e-01 9.245451e+01 -7.647614e-02 -7.888919e-02 4.618257e-01 9.985648e+01
2 4.509343e-02 -4.253849e-01 3.492935e-01 -3.182842e+00 -2.715128e-01 -2.738237e-01 6.544028e-01 2.221811e+01
3 -2.346237e-01 -1.671597e-01 2.195854e-01 7.605386e+00 -1.744661e+00 -1.902587e+00 3.186569e-01 2.741982e+01
4 -6.508242e-02 1.054536e+00 1.858002e-01 2.344345e+00 -4.064983e+00 -4.174282e+00 2.847908e-01 7.312987e+00
5 -7.347499e-02 3.525166e-01 1.250602e-01 1.764303e+00 -1.060253e+01 -1.092132e+01 1.661357e-01 2.428639e+00
6 -6.174911e-02 4.954213e-01 4.538348e-02 3.254124e-03 -2.889500e+01 -2.887803e+01 3.192019e-02 -3.526810e-01
7 -6.170081e-02 2.869833e-01 1.703814e-02 -1.925152e-02 -4.817251e+01 -4.801749e+01 -1.701629e-02 -2.356933e-02
8 -7.017109e-02 1.136828e+00 9.563154e-03 -5.179998e-02 -5.950832e+01 -5.920919e+01 -3.462163e-02 -1.550451e-01
9 -7.341001e-02 -1.142660e-01 5.657982e-03 1.685722e-02 -7.468964e+01 -7.481459e+01 -5.555263e-02 -4.021807e-02
10 -6.003902e-02 1.043241e-01 3.696631e-03 -4.226826e-03 -8.098079e+01 -8.082256e+01 -4.995362e-02 -1.350513e-01
11 -4.658937e-02 1.317587e-01 5.812472e-03 -3.861615e-03 -7.024089e+01 -7.022477e+01 -2.145315e-02 -1.788920e-01
12 -5.576818e-02 -2.933370e-02 2.925275e-02 -5.823355e-02 -2.914305e+01 -2.902877e+01 1.239085e-02 -5.175110e-02
13 -5.029424e-02 2.062499e-01 8.056375e-02 2.749100e+00 -8.935907e+00 -9.398594e+00 9.982123e-02 3.114196e+00
14 -4.407408e-02 1.505869e-01 1.234845e-01 6.808072e+00 -3.365925e+00 -3.537263e+00 1.861708e-01 2.035779e+01
15 -6.017236e-02 1.419672e-01 6.682740e-02 5.592531e-01 -1.113791e+01 -1.129708e+01 6.150493e-02 -4.943264e-01
16 -4.484576e-02 -5.204209e-01 6.753945e-02 4.831151e+00 -6.980010e+00 -7.625710e+00 7.402678e-02 5.318732e+00
17 -5.470950e-02 3.032937e-03 1.267071e-01 2.048447e+00 -5.403986e+00 -5.519179e+00 1.838637e-01 5.933193e+00
18 -5.708766e-02 4.910624e-02 5.590980e-02 1.849652e-01 -1.943373e+01 -1.953358e+01 5.127976e-02 -4.158293e-01
19 -5.042112e-02 1.921302e+00 2.589874e-02 -1.459855e-02 -3.507672e+01 -3.500710e+01 -3.638275e-03 -1.283307e-02
20 -1.104840e-01 8.087557e-01 2.025289e-02 1.448346e-01 -4.974963e+01 -5.027340e+01 -2.721329e-02 -3.235433e-01
21 -6.709993e-02 6.914994e-01 7.491075e-03 3.977223e-02 -6.826282e+01 -6.862848e+01 -4.015707e-02 -1.595706e-01
22 -6.129378e-02 5.563369e-02 4.198363e-03 1.289606e-02 -8.642656e+01 -8.676249e+01 -5.090475e-02 -2.065670e-01
23 -6.772440e-02 2.687032e-02 1.488707e-03 4.652284e-04 -9.337464e+01 -9.333558e+01 -6.330171e-02 -6.712278e-02
24 -6.622368e-02 1.636527e+00 3.117965e-04 9.898131e-03 -7.858855e+01 -8.480556e+01 -5.644472e-02 -2.381953e+00
25 -1.082482e-01 3.898025e-01 3.607837e-04 5.213330e-03 -8.719575e+01 -9.239953e+01 -1.211914e-01 -5.296952e+00
26 -4.875656e-02 -2.030776e-01 2.594389e-05 1.089269e-04 -9.996826e+01 -1.002830e+02 -4.868323e-02 -2.123576e-01
27 -5.986075e-02 5.901006e-01 1.357836e-04 -1.200459e-03 -9.885424e+01 -9.779291e+01 -5.995876e-02 2.765416e-01
28 -5.446609e-02 6.869891e-01 1.009643e-03 -1.074137e-02 -9.469264e+01 -9.364702e+01 -5.041720e-02 2.269348e-01
29 -4.116356e-02 -3.801314e-02 4.127839e-03 -9.660525e-03 -8.019047e+01 -7.992480e+01 -2.748963e-02 3.710509e-03
30 -4.319891e-02 -1.183836e-01 5.404489e-03 9.268378e-03 -7.886072e+01 -7.888032e+01 -2.442622e-02 -4.177641e-02
31 -5.212395e-02 -3.452518e-01 6.141976e-03 4.091636e-02 -7.927883e+01 -7.972825e+01 -3.386637e-02 -1.965160e-01
32 -4.166856e-02 1.971061e-01 1.119358e-02 -1.280202e-02 -6.208207e+01 -6.201278e+01 -1.105865e-02 -1.287602e-01
33 -4.644307e-02 5.051015e-01 2.737112e-02 8.503050e-02 -3.911658e+01 -3.928107e+01 1.381815e-02 -3.239918e-01
34 -4.540745e-02 -1.545104e-01 4.014000e-02 9.577569e-01 -1.709692e+01 -1.753347e+01 4.518350e-02 -3.135131e-01
35 -4.505739e-02 -1.575260e-01 8.570594e-02 1.263954e+00 -8.347283e+00 -8.509512e+00 1.161523e-01 1.710536e+00
36 -5.174319e-02 2.309191e-01 8.649953e-02 8.235760e-01 -7.577561e+00 -7.694712e+00 1.086533e-01 3.448710e-01
37 -5.580742e-02 5.651866e-02 7.617141e-02 1.263342e+00 -1.122826e+01 -1.171536e+01 8.541541e-02 -1.977313e+00
38 -4.142556e-02 -1.622781e-01 9.654656e-02 4.538515e+00 -5.903712e+00 -6.223481e+00 1.373881e-01 1.090027e+01
39 -8.356585e-02 1.368486e-01 6.015195e-02 5.404911e-01 -2.037100e+01 -2.074777e+01 5.738079e-02 -1.343497e+00
40 -6.336904e-02 1.363994e-01 1.067274e-02 -9.758803e-03 -6.467765e+01 -6.463328e+01 -1.952909e-02 -1.997727e-01
41 -8.650425e-02 2.703760e-01 3.726283e-03 -7.358884e-03 -8.814085e+01 -8.783919e+01 -5.903746e-02 -1.109702e-01
42 -5.787778e-02 -2.435695e-01 1.111054e-03 4.255274e-03 -9.371023e+01 -9.397758e+01 -5.259931e-02 -1.060174e-01
43 -4.538225e-02 2.536949e-02 2.588445e-04 -1.685045e-04 -9.847808e+01 -9.832250e+01 -4.457287e-02 4.761191e-02
44 -6.782573e-02 -6.476907e-01 1.293350e-04 1.218081e-03 -9.944140e+01 -1.005608e+02 -6.760478e-02 -5.938035e-01
45 -3.806582e-02 2.003147e-02 3.727403e-05 -1.892000e-05 -9.986496e+01 -9.975178e+01 -3.799695e-02 1.579064e-02
46 -5.005745e-02 1.293201e-01 5.067579e-05 -1.297667e-04 -9.986086e+01 -9.950744e+01 -4.989740e-02 1.221465e-01
47 -4.321869e-02 -2.110536e-02 1.161273e-04 5.947827e-05 -9.943626e+01 -9.939637e+01 -4.284767e-02 -2.688642e-02
48 -5.667514e-02 6.360806e-01 5.154495e-04 -5.149392e-03 -9.760115e+01 -9.650647e+01 -5.496812e-02 2.691204e-01
49 -6.057529e-02 7.187082e-01 3.302677e-03 -1.029098e-02 -8.590806e+01 -8.580074e+01 -4.906946e-02 -2.186989e-01
50 -5.051406e-02 -9.900919e-02 1.376559e-02 3.234960e-02 -5.521660e+01 -5.551310e+01 -7.378417e-03 -5.064914e-01
51 -3.782886e-02 -8.881118e-01 1.847690e-02 7.584231e-02 -3.881298e+01 -3.890615e+01 -1.362151e-03 -6.570937e-02
52 3.213732e-03 5.228973e-02 2.040461e-02 1.373004e-01 -4.352609e+01 -4.384516e+01 -2.439960e-03 -4.020585e-01
53 -8.002883e-02 -2.392067e-01 3.215486e-02 1.772390e-01 -3.469764e+01 -3.499799e+01 2.158567e-02 -8.110451e-01
54 -6.495931e-02 7.782409e-02 3.154956e-02 -1.706101e-02 -3.682112e+01 -3.674610e+01 1.642208e-02 -2.338179e-02
55 -5.214631e-02 -2.451281e-02 1.320994e-02 5.678340e-02 -5.623121e+01 -5.650559e+01 -2.083254e-02 -2.289554e-01
56 -5.160064e-02 1.946893e-01 1.983689e-03 -6.176153e-03 -8.996862e+01 -8.963322e+01 -4.447865e-02 3.775234e-02
57 -6.374831e-02 -9.859607e-02 3.895288e-04 6.338835e-04 -9.816762e+01 -9.825569e+01 -6.224164e-02 -1.237704e-01
58 -5.319248e-02 1.579793e-01 1.547714e-04 -4.527991e-04 -9.908928e+01 -9.868017e+01 -5.251241e-02 1.421231e-01
59 -4.666295e-02 2.667648e-02 6.637260e-05 -3.444478e-05 -9.962427e+01 -9.948796e+01 -4.640372e-02 1.205276e-02
60 -7.027894e-02 3.731474e-01 3.411696e-05 -1.793888e-04 -9.991759e+01 -9.904620e+01 -7.026269e-02 3.515736e-01
61 -5.910769e-02 -2.926896e-01 1.106266e-05 5.477088e-05 -1.000489e+02 -1.005157e+02 -5.908176e-02 -2.922647e-01
62 -4.677962e-02 -1.198825e-01 1.412789e-05 3.627917e-05 -1.000316e+02 -1.001787e+02 -4.672921e-02 -1.212093e-01
63 -4.741753e-02 -1.205700e+00 5.631765e-05 1.428989e-03 -9.975903e+01 -1.020574e+02 -4.717403e-02 -1.182909e+00
64 -4.638610e-02 -8.806307e-03 1.975870e-04 6.889460e-05 -9.930201e+01 -9.925628e+01 -4.578958e-02 -5.043811e-02
65 -4.687467e-02 4.057660e-01 7.819043e-04 -5.548334e-03 -9.673475e+01 -9.612589e+01 -4.438692e-02 3.991332e-02
66 -4.121188e-02 -2.239768e-01 2.156919e-03 1.139448e-02 -8.947168e+01 -8.978507e+01 -3.253871e-02 -2.157665e-01
67 -4.170517e-02 -5.532739e-02 3.163232e-03 6.171335e-03 -8.823409e+01 -8.833215e+01 -3.349636e-02 -1.087422e-01
68 -3.609856e-02 3.444555e-01 5.566663e-03 -2.911446e-02 -7.416728e+01 -7.402470e+01 -1.462057e-02 -2.340120e-01
69 -5.059646e-02 -1.830762e-01 1.659190e-02 1.235327e-01 -5.454480e+01 -5.495123e+01 -6.363611e-03 -4.085679e-01
70 -4.355220e-02 -3.416566e-01 1.670343e-02 1.591687e-02 -4.847678e+01 -4.848842e+01 5.239975e-04 -5.831683e-02
71 -4.750039e-02 -1.831088e-01 2.281891e-02 1.370958e-01 -4.165403e+01 -4.193256e+01 2.984869e-03 -4.410747e-01
72 -3.938288e-02 -1.965369e-02 1.692690e-02 1.586051e-01 -4.699749e+01 -4.740715e+01 5.945963e-03 -5.624062e-01
73 -4.912155e-02 1.030868e-02 2.144061e-02 1.806992e-01 -4.177791e+01 -4.227617e+01 3.893343e-03 -7.993155e-01
74 -1.373280e-01 -3.262284e+00 6.684195e-03 1.367438e-01 -7.774697e+01 -7.990923e+01 -7.124316e-02 4.451060e-01
75 -5.043029e-02 2.078449e-01 3.473090e-04 -1.288482e-03 -9.849301e+01 -9.806288e+01 -4.947983e-02 9.416923e-02
76 -4.690892e-02 -2.042430e-02 2.241949e-04 1.018074e-04 -9.900996e+01 -9.896091e+01 -4.637485e-02 -2.525332e-02
77 -5.322045e-02 3.515402e-01 5.794121e-05 -3.807137e-04 -9.983211e+01 -9.903196e+01 -5.303942e-02 3.393789e-01
78 -5.492622e-02 -3.826119e-01 1.365644e-05 9.528085e-05 -1.000348e+02 -1.006922e+02 -5.489057e-02 -3.859771e-01
79 -4.080925e-02 3.303053e-02 1.107599e-05 -8.938305e-06 -1.000264e+02 -9.987919e+01 -4.077506e-02 3.241912e-02
80 -4.105238e-02 -1.924262e-01 2.728857e-05 1.278278e-04 -9.994522e+01 -1.002470e+02 -4.093191e-02 -1.911193e-01
81 -4.105279e-02 -2.044395e-01 5.576589e-05 2.776009e-04 -9.977962e+01 -1.001050e+02 -4.084930e-02 -2.029465e-01
82 -3.459910e-02 -2.493999e-01 6.311790e-05 4.550337e-04 -9.971274e+01 -1.001408e+02 -3.437753e-02 -2.480232e-01
83 -4.891920e-02 -7.316313e-02 1.851249e-04 3.217651e-04 -9.923955e+01 -9.933357e+01 -4.843964e-02 -1.370455e-01
84 -2.338565e-02 -3.844049e-01 3.351783e-04 5.317311e-03 -9.702455e+01 -9.768182e+01 -2.313222e-02 -3.049012e-01
85 -4.990460e-02 -1.241345e-01 1.790912e-03 3.718127e-03 -9.068331e+01 -9.075801e+01 -4.535838e-02 -6.166604e-02
86 -4.263899e-02 2.652247e-01 1.650137e-03 -7.805564e-03 -8.860080e+01 -8.827176e+01 -3.493476e-02 -7.902470e-02
87 -5.111697e-02 -4.109527e-01 2.663082e-03 2.303429e-02 -8.440433e+01 -8.509552e+01 -3.874654e-02 -4.099340e-01
88 -3.675778e-02 -2.744276e-01 2.233887e-03 1.231323e-02 -8.510452e+01 -8.528074e+01 -2.522709e-02 5.958803e-02
89 -6.303833e-02 -2.903349e-03 1.671661e-03 3.706727e-04 -9.365478e+01 -9.358187e+01 -5.654641e-02 -5.637153e-02
90 -5.886421e-02 1.934915e-01 1.736888e-04 -5.640945e-04 -9.945375e+01 -9.896164e+01 -5.821470e-02 1.782086e-01
91 -4.869514e-02 -1.938206e-01 2.901639e-05 1.157241e-04 -9.994584e+01 -1.002372e+02 -4.859382e-02 -1.957195e-01
92 -5.508988e-02 2.116756e-01 2.054251e-05 -7.870316e-05 -9.997535e+01 -9.944489e+01 -5.500810e-02 2.077074e-01
93 -5.210778e-02 -8.723949e-02 7.060220e-06 1.180814e-05 -1.000633e+02 -1.001331e+02 -5.207442e-02 -8.664577e-02
94 -4.940802e-02 -2.883737e-01 2.228134e-06 1.300261e-05 -1.000806e+02 -1.005583e+02 -4.940144e-02 -2.880594e-01
95 -5.349746e-02 2.411814e-01 1.174360e-06 -5.292304e-06 -1.001004e+02 -9.951148e+01 -5.349392e-02 2.406092e-01
96 -4.341750e-02 1.209494e-01 2.156102e-06 -6.002851e-06 -1.000751e+02 -9.974671e+01 -4.340960e-02 1.205090e-01
97 -4.096668e-02 -5.721343e-02 3.207467e-06 4.485698e-06 -1.000759e+02 -1.001087e+02 -4.095824e-02 -5.767645e-02
98 -4.234367e-02 -1.677477e-02 1.000088e-05 4.022739e-06 -1.000462e+02 -9.999608e+01 -4.231081e-02 -1.830235e-02
99 -3.785810e-02 -6.267042e-02 3.206769e-05 5.325981e-05 -9.990762e+01 -9.995798e+01 -3.774629e-02 -6.372793e-02
100 -3.249547e-02 -1.945659e-01 8.500910e-05 5.119171e-04 -9.960919e+01 -9.993598e+01 -3.218153e-02 -1.992453e-01
101 -4.395960e-02 -1.277386e-01 2.433085e-04 7.053875e-04 -9.895463e+01 -9.911911e+01 -4.316027e-02 -1.238698e-01
102 -3.940371e-02 4.176160e-01 4.037424e-04 -3.929061e-03 -9.726898e+01 -9.651415e+01 -3.704236e-02 2.161639e-01
103 -4.684777e-02 -2.271214e-01 1.082298e-03 4.649815e-03 -9.471028e+01 -9.496399e+01 -4.363550e-02 -1.072913e-01
104 -3.265169e-02 -3.230184e-01 7.981031e-04 6.955969e-03 -9.394243e+01 -9.434448e+01 -2.852192e-02 -1.003458e-01
105 -4.422976e-02 -1.049547e-01 9.091199e-04 2.345674e-03 -9.461040e+01 -9.475666e+01 -3.987560e-02 -1.364928e-01
106 -4.902305e-02 -2.352073e-01 1.776009e-03 8.688435e-03 -9.287134e+01 -9.323348e+01 -4.345378e-02 -2.344716e-01
107 -5.593994e-02 -1.646577e-02 1.767976e-04 5.660389e-05 -9.944579e+01 -9.937317e+01 -5.522203e-02 -2.484046e-02
108 -4.357961e-02 -1.771371e-01 1.589493e-04 6.550801e-04 -9.925584e+01 -9.953024e+01 -4.292245e-02 -1.889382e-01
109 -5.641351e-02 -5.107608e-01 1.132828e-04 1.022055e-03 -9.943526e+01 -1.003307e+02 -5.585348e-02 -4.945556e-01
110 -4.220021e-02 1.342873e-03 1.782929e-04 2.935352e-06 -9.907647e+01 -9.899834e+01 -4.145307e-02 -1.048552e-02
111 -6.949519e-02 -5.464382e-02 4.237519e-05 3.342808e-05 -9.979308e+01 -9.976419e+01 -6.913157e-02 -5.542480e-02
112 -8.538112e-02 -1.738776e-03 4.975020e-06 1.045495e-07 -1.000805e+02 -9.991354e+01 -8.533707e-02 -2.070592e-03
113 -5.279821e-02 3.265600e-01 1.276062e-06 -7.891734e-06 -1.000939e+02 -9.933535e+01 -5.279365e-02 3.263349e-01
114 -3.506590e-02 2.187236e-01 6.048093e-07 -3.772178e-06 -1.000852e+02 -9.957765e+01 -3.506334e-02 2.185921e-01
115 -3.436050e-02 -3.630324e-02 1.682644e-06 1.777774e-06 -1.000768e+02 -1.000806e+02 -3.435404e-02 -3.629558e-02
116 -4.750807e-02 3.137581e-01 6.218335e-06 -4.103502e-05 -1.000680e+02 -9.934666e+01 -4.748507e-02 3.121051e-01
117 -5.125143e-02 2.821279e-02 2.479600e-05 -1.313314e-05 -9.996756e+01 -9.981311e+01 -5.114149e-02 2.179734e-02
118 -5.046434e-02 -5.922826e-02 6.207218e-05 7.436867e-05 -9.975918e+01 -9.978154e+01 -5.018898e-02 -6.618582e-02
