0 -7.034364e-02 -2.296894e-01 2.378927e-02 9.911170e-01 -7.447299e+00 -7.874265e+00 1.447027e-02 -3.495469e+00
1 -3.276736e-02 -2.326532e-01 2.830809e-01 9.497224e+01 -4.468150e-02 -4.552904e-02 5.290626e-01 9.993927e+01
2 4.293386e-02 -5.327077e-01 3.670958e-01 6.002733e+00 -2.232823e-01 -2.257295e-01 6.883944e-01 3.518251e+01
3 -2.407438e-01 2.494129e-01 2.209020e-01 -2.387898e+00 -1.739833e+00 -1.806137e+00 3.318741e-01 1.007316e+01
4 -6.585561e-02 8.379113e-01 1.735290e-01 2.259978e+00 -4.610047e+00 -4.741366e+00 2.604724e-01 6.484120e+00
5 -7.295303e-02 -1.187129e-01 1.138305e-01 1.026181e+00 -1.215717e+01 -1.240877e+01 1.487876e-01 9.176940e-01
6 -5.855159e-02 3.609951e-01 3.882045e-02 -8.442280e-02 -3.087722e+01 -3.071082e+01 2.175648e-02 -6.084974e-02
7 -6.198007e-02 4.256549e-01 1.548748e-02 -2.051532e-02 -4.990437e+01 -4.987504e+01 -1.953551e-02 -2.296938e-01
8 -7.079004e-02 1.076885e-01 8.219804e-03 -2.213337e-02 -6.255179e+01 -6.232500e+01 -3.918370e-02 -2.074975e-01
9 -7.254208e-02 -2.733681e-01 4.503563e-03 7.844088e-03 -7.830491e+01 -7.828769e+01 -5.857448e-02 -1.219049e-01
10 -5.937000e-02 9.461729e-02 3.106004e-03 -3.886978e-03 -8.295045e+01 -8.275592e+01 -5.007934e-02 -5.404421e-02
11 -4.735044e-02 -1.394696e-01 5.021928e-03 1.226849e-02 -7.232654e+01 -7.243210e+01 -2.413570e-02 -1.206132e-01
12 -5.546072e-02 -1.443597e-01 2.638867e-02 -1.277559e-01 -3.046722e+01 -3.026186e+01 8.053812e-03 -8.654455e-02
13 -5.032169e-02 1.660082e-01 7.877652e-02 2.921192e+00 -9.296484e+00 -9.828868e+00 9.709209e-02 2.911495e+00
14 -4.505504e-02 1.030159e-01 1.266974e-01 7.783388e+00 -3.233398e+00 -3.420058e+00 1.876305e-01 2.314871e+01
15 -6.114392e-02 6.955621e-03 6.759412e-02 1.088123e+00 -1.056494e+01 -1.080285e+01 6.229576e-02 -7.979278e-02
16 -4.501837e-02 -3.712880e-01 6.958715e-02 5.742614e+00 -6.214393e+00 -6.814990e+00 7.718183e-02 9.154177e+00
17 -5.424022e-02 2.638038e-02 1.319408e-01 9.121478e-01 -4.934028e+00 -5.003062e+00 1.919947e-01 3.776501e+00
18 -5.606231e-02 -5.579766e-02 5.405322e-02 2.766610e-01 -1.932868e+01 -1.949776e+01 4.809098e-02 -3.438906e-01
19 -5.038691e-02 2.342921e+00 2.510367e-02 8.148582e-02 -3.514543e+01 -3.525681e+01 -6.186166e-03 -5.981110e-02
20 -1.152285e-01 1.386871e+00 1.970167e-02 5.730039e-02 -4.943380e+01 -4.963033e+01 -2.833272e-02 -2.310796e-01
21 -6.655280e-02 8.365412e-01 6.914898e-03 5.432527e-02 -6.884405e+01 -6.944370e+01 -4.150720e-02 -1.412524e-01
22 -6.223120e-02 -1.001555e-03 3.673667e-03 1.042910e-02 -8.778544e+01 -8.807528e+01 -5.306729e-02 -1.926378e-01
23 -6.798254e-02 -1.698885e-01 1.190646e-03 3.393244e-03 -9.443822e+01 -9.469848e+01 -6.434677e-02 -1.849142e-01
24 -6.445433e-02 1.085739e+00 2.332523e-04 5.342475e-03 -8.366864e+01 -8.889806e+01 -6.225464e-02 -4.224420e+00
25 -1.035422e-01 -1.479681e-01 2.638553e-04 3.788524e-03 -9.035510e+01 -9.496156e+01 -1.161093e-01 -4.984338e+00
26 -4.867442e-02 -3.877665e-01 2.079532e-05 1.660650e-04 -9.999400e+01 -1.006752e+02 -4.860835e-02 -3.927417e-01
27 -6.031436e-02 8.568177e-01 1.087648e-04 -1.444543e-03 -9.909697e+01 -9.748429e+01 -6.047916e-02 5.611798e-01
28 -5.572384e-02 7.593417e-01 8.921495e-04 -1.004973e-02 -9.503103e+01 -9.393167e+01 -5.154766e-02 1.823592e-01
29 -4.181474e-02 -1.671582e-02 4.105165e-03 -1.194447e-02 -7.974433e+01 -7.944424e+01 -2.677447e-02 1.444695e-02
30 -4.341401e-02 -1.968423e-01 5.533592e-03 1.304709e-02 -7.799214e+01 -7.800601e+01 -2.344607e-02 2.228638e-02
31 -5.145007e-02 -2.500412e-01 5.747341e-03 3.012647e-02 -8.022750e+01 -8.058872e+01 -3.372024e-02 -2.174866e-01
32 -4.250818e-02 8.947523e-02 1.082086e-02 4.808457e-02 -6.299791e+01 -6.319687e+01 -1.181951e-02 -1.066958e-01
33 -4.525881e-02 3.372590e-01 2.492572e-02 9.781891e-02 -4.092429e+01 -4.111525e+01 1.055666e-02 -3.744150e-01
34 -4.518090e-02 -1.737698e-01 3.962652e-02 7.015112e-01 -1.744890e+01 -1.780202e+01 4.421137e-02 -6.517504e-01
35 -4.450406e-02 2.192477e-03 8.853983e-02 2.260687e+00 -7.830948e+00 -8.091566e+00 1.206105e-01 3.959844e+00
36 -5.185405e-02 3.206805e-01 8.884212e-02 2.072878e-01 -7.118083e+00 -7.205741e+00 1.144576e-01 -9.992455e-02
37 -5.604065e-02 -2.768420e-02 7.915335e-02 1.286823e+00 -1.019567e+01 -1.060982e+01 8.900571e-02 -1.660158e+00
38 -4.217019e-02 3.975564e-02 9.949020e-02 6.151684e+00 -5.303074e+00 -5.641305e+00 1.424908e-01 1.458137e+01
39 -8.548454e-02 -6.577015e-02 5.883458e-02 5.661155e-01 -2.072276e+01 -2.112810e+01 5.508941e-02 -1.338420e+00
40 -6.001591e-02 -5.637708e-01 9.246540e-03 3.534659e-02 -6.645618e+01 -6.653892e+01 -2.041698e-02 1.965814e-02
41 -8.848730e-02 2.019462e-01 3.742590e-03 -5.980266e-03 -8.809960e+01 -8.779685e+01 -5.936561e-02 -4.534898e-02
42 -5.686274e-02 1.496603e-01 1.015941e-03 -2.306823e-03 -9.397325e+01 -9.365139e+01 -5.196668e-02 6.720003e-02
43 -4.785072e-02 -3.145398e-01 2.354335e-04 1.495728e-03 -9.863670e+01 -9.912237e+01 -4.707382e-02 -2.499491e-01
44 -6.398749e-02 4.661319e-02 1.072895e-04 -8.292046e-05 -9.951860e+01 -9.928706e+01 -6.381045e-02 6.297158e-02
45 -3.873194e-02 -1.686954e-01 3.581024e-05 1.561701e-04 -9.987192e+01 -1.001322e+02 -3.861892e-02 -1.694968e-01
46 -4.725309e-02 -2.319366e-02 4.222322e-05 2.145910e-05 -9.989096e+01 -9.984621e+01 -4.712547e-02 -2.800813e-02
47 -4.242202e-02 -6.778980e-02 1.027114e-04 1.702750e-04 -9.949625e+01 -9.955671e+01 -4.206160e-02 -8.198055e-02
48 -5.439111e-02 9.400195e-01 4.348951e-04 -7.089640e-03 -9.793309e+01 -9.618772e+01 -5.274477e-02 6.299119e-01
49 -6.026251e-02 8.492841e-01 2.847043e-03 -1.246499e-02 -8.739118e+01 -8.722906e+01 -5.042148e-02 -2.365521e-01
50 -5.132367e-02 -1.569014e-01 1.318219e-02 -5.422791e-03 -5.572602e+01 -5.582713e+01 -8.238418e-03 -3.661078e-01
51 -3.677737e-02 -8.782632e-01 1.886710e-02 -7.760179e-02 -3.779825e+01 -3.766431e+01 1.166451e-04 -1.044904e-01
52 1.936438e-03 1.254209e-01 2.150485e-02 1.394882e-01 -4.161888e+01 -4.196062e+01 -3.515248e-04 -4.417847e-01
53 -7.939153e-02 -1.411117e-01 3.278556e-02 2.829369e-01 -3.314223e+01 -3.358519e+01 2.326958e-02 -9.323487e-01
54 -6.570045e-02 -1.430113e-02 3.244608e-02 -1.328440e-02 -3.575085e+01 -3.568742e+01 1.801522e-02 -4.470822e-02
55 -5.352097e-02 1.724211e-01 1.297562e-02 2.084577e-02 -5.660131e+01 -5.669999e+01 -2.153670e-02 -7.381378e-02
56 -5.155480e-02 1.268223e-01 1.753023e-03 -3.506200e-03 -9.110106e+01 -9.086047e+01 -4.473783e-02 -1.564348e-02
57 -6.324524e-02 1.275531e-01 3.705700e-04 -6.799599e-04 -9.815164e+01 -9.782105e+01 -6.174761e-02 6.107540e-02
58 -5.283630e-02 2.156661e-02 1.484446e-04 -5.838096e-05 -9.910044e+01 -9.895619e+01 -5.211407e-02 1.650876e-02
59 -4.767059e-02 -7.954046e-02 6.218662e-05 1.070026e-04 -9.966384e+01 -9.973719e+01 -4.741852e-02 -9.378562e-02
60 -6.897078e-02 7.083555e-01 2.901630e-05 -2.964200e-04 -9.994448e+01 -9.840648e+01 -6.895649e-02 6.857352e-01
61 -5.863415e-02 -7.876841e-02 9.153600e-06 1.231566e-05 -1.000576e+02 -1.000983e+02 -5.861053e-02 -7.945761e-02
62 -4.541162e-02 1.091885e-01 1.151846e-05 -2.762451e-05 -1.000398e+02 -9.973190e+01 -4.537015e-02 1.074195e-01
63 -4.634344e-02 -1.013492e+00 4.641091e-05 1.012389e-03 -9.982471e+01 -1.017433e+02 -4.614861e-02 -9.930762e-01
64 -4.557970e-02 4.475761e-01 1.682160e-04 -1.620748e-03 -9.941041e+01 -9.846441e+01 -4.503567e-02 3.938719e-01
65 -4.730757e-02 2.718153e-01 7.230779e-04 -3.153344e-03 -9.694857e+01 -9.656959e+01 -4.490867e-02 -5.171653e-02
66 -4.153163e-02 -4.163824e-01 2.159051e-03 2.204983e-02 -8.916834e+01 -8.985709e+01 -3.262365e-02 -3.981945e-01
67 -4.156553e-02 1.296854e-02 3.139211e-03 3.808228e-03 -8.798409e+01 -8.808214e+01 -3.322429e-02 -2.019938e-01
68 -3.629072e-02 1.426641e-01 5.463257e-03 -9.338618e-03 -7.443234e+01 -7.439684e+01 -1.457684e-02 -1.786409e-01
69 -5.057583e-02 -2.681017e-01 1.682088e-02 1.061734e-01 -5.411915e+01 -5.446794e+01 -5.680352e-03 -3.639071e-01
70 -4.354141e-02 -6.352263e-01 1.721576e-02 1.050866e-01 -4.690638e+01 -4.714139e+01 1.950718e-03 -1.759680e-01
71 -4.763835e-02 -2.059800e-01 2.414172e-02 1.255856e-01 -3.976882e+01 -4.001013e+01 5.474656e-03 -5.090679e-01
72 -3.903772e-02 1.040322e-01 1.796238e-02 1.543535e-01 -4.464898e+01 -4.503933e+01 8.036527e-03 -6.175032e-01
73 -5.132499e-02 -1.348481e-01 2.261644e-02 1.417594e-01 -4.094823e+01 -4.126266e+01 6.174470e-03 -5.281946e-01
74 -1.417378e-01 -9.224141e-01 6.054806e-03 5.864706e-02 -8.031554e+01 -8.116640e+01 -7.008144e-02 2.993054e-01
75 -4.957491e-02 1.884685e-01 3.549925e-04 -1.211650e-03 -9.845141e+01 -9.805608e+01 -4.850837e-02 8.205770e-02
76 -4.735001e-02 1.835478e-01 2.242124e-04 -8.474392e-04 -9.899660e+01 -9.855719e+01 -4.677820e-02 1.546465e-01
77 -5.310863e-02 3.634995e-01 5.245161e-05 -3.574693e-04 -9.985189e+01 -9.902678e+01 -5.294221e-02 3.531272e-01
78 -5.414047e-02 1.124147e-01 1.215178e-05 -2.502800e-05 -1.000384e+02 -9.970909e+01 -5.410753e-02 1.069359e-01
79 -4.266905e-02 1.072439e-01 1.049243e-05 -2.632498e-05 -1.000333e+02 -9.973440e+01 -4.263471e-02 1.060249e-01
80 -4.080454e-02 1.486599e-02 2.653475e-05 -9.483227e-06 -9.994562e+01 -9.983559e+01 -4.068193e-02 1.313860e-02
81 -4.116081e-02 -8.812801e-02 5.767245e-05 1.242245e-04 -9.976425e+01 -9.985998e+01 -4.094511e-02 -9.080025e-02
82 -3.523063e-02 -3.868618e-02 6.614490e-05 7.339872e-05 -9.969059e+01 -9.969910e+01 -3.497789e-02 -4.087582e-02
83 -4.750955e-02 7.903849e-02 1.701297e-04 -2.304024e-04 -9.929249e+01 -9.909865e+01 -4.699460e-02 -4.253350e-03
84 -2.280350e-02 -1.884054e-01 3.087091e-04 2.485803e-03 -9.719044e+01 -9.749768e+01 -2.262716e-02 -1.597689e-01
85 -5.052373e-02 -1.796991e-01 1.859367e-03 5.115519e-03 -9.036866e+01 -9.047679e+01 -4.539616e-02 -2.785481e-02
86 -4.230746e-02 2.216953e-01 1.770140e-03 -5.886291e-03 -8.766815e+01 -8.747283e+01 -3.370324e-02 -1.685809e-01
87 -5.167916e-02 -4.309149e-02 2.865533e-03 6.826645e-03 -8.324471e+01 -8.345674e+01 -3.823745e-02 -2.720568e-01
88 -3.736115e-02 -2.702727e-01 2.463909e-03 1.450131e-02 -8.409493e+01 -8.432773e+01 -2.471098e-02 -2.877312e-02
89 -6.276712e-02 -1.111519e-01 1.659347e-03 3.177332e-03 -9.359565e+01 -9.371754e+01 -5.620557e-02 -1.402377e-01
90 -5.880492e-02 3.711485e-01 1.637611e-04 -1.028051e-03 -9.950817e+01 -9.866169e+01 -5.819366e-02 3.557450e-01
91 -4.951540e-02 -2.602513e-01 3.041655e-05 1.597845e-04 -9.993814e+01 -1.003584e+02 -4.940410e-02 -2.588479e-01
92 -5.479681e-02 3.305093e-01 2.056809e-05 -1.239091e-04 -9.996866e+01 -9.920057e+01 -5.471116e-02 3.276371e-01
93 -5.214502e-02 1.530106e-02 6.608158e-06 -1.949223e-06 -1.000648e+02 -9.992960e+01 -5.211325e-02 1.577216e-02
94 -4.836697e-02 -1.792386e-01 1.957989e-06 7.254255e-06 -1.000802e+02 -1.003417e+02 -4.836110e-02 -1.789693e-01
95 -5.348527e-02 7.112334e-02 1.115861e-06 -1.481834e-06 -1.001006e+02 -9.985179e+01 -5.348207e-02 7.054211e-02
96 -4.243477e-02 -2.762199e-02 2.124444e-06 1.384681e-06 -1.000726e+02 -1.000431e+02 -4.242668e-02 -2.783469e-02
97 -3.998205e-02 -1.990529e-02 2.915770e-06 1.453836e-06 -1.000755e+02 -1.000354e+02 -3.997339e-02 -2.008214e-02
98 -4.219589e-02 -1.625667e-01 9.125818e-06 3.520960e-05 -1.000490e+02 -1.002906e+02 -4.216383e-02 -1.638508e-01
99 -3.852995e-02 -1.035745e-01 2.966884e-05 8.002473e-05 -9.992136e+01 -1.000526e+02 -3.842042e-02 -1.053768e-01
100 -3.253356e-02 -1.694296e-01 8.260868e-05 4.354852e-04 -9.960354e+01 -9.988402e+01 -3.221302e-02 -1.799205e-01
101 -4.360619e-02 -1.416136e-02 2.407834e-04 1.011066e-04 -9.897982e+01 -9.893786e+01 -4.277963e-02 -3.767100e-02
102 -3.850343e-02 4.992591e-01 3.969498e-04 -4.861558e-03 -9.729079e+01 -9.635785e+01 -3.602124e-02 3.219650e-01
103 -4.659381e-02 -2.876003e-01 1.136428e-03 6.418777e-03 -9.439402e+01 -9.476784e+01 -4.312644e-02 -1.730921e-01
104 -3.214790e-02 -8.253019e-02 8.521189e-04 1.305571e-03 -9.346569e+01 -9.344382e+01 -2.777477e-02 7.310680e-02
105 -4.290284e-02 -2.016882e-01 9.736842e-04 4.600089e-03 -9.396413e+01 -9.426205e+01 -3.829615e-02 -1.764320e-01
106 -5.017502e-02 -3.370278e-01 1.925388e-03 1.309132e-02 -9.232335e+01 -9.286733e+01 -4.385789e-02 -3.240309e-01
107 -5.578204e-02 4.037098e-04 1.812104e-04 1.709154e-06 -9.942430e+01 -9.931650e+01 -5.505177e-02 -5.211604e-03
108 -4.319916e-02 -1.531574e-01 1.711869e-04 6.197626e-04 -9.918588e+01 -9.941628e+01 -4.244234e-02 -1.693703e-01
109 -5.628241e-02 -5.474200e-01 1.255406e-04 1.214405e-03 -9.935717e+01 -1.003201e+02 -5.563724e-02 -5.229917e-01
110 -4.174421e-02 -4.920853e-02 1.901356e-04 2.295005e-04 -9.900107e+01 -9.902044e+01 -4.092688e-02 -5.506923e-02
111 -6.989286e-02 -1.004776e-01 4.173840e-05 5.957258e-05 -9.980052e+01 -9.985862e+01 -6.952723e-02 -9.570242e-02
112 -8.407671e-02 1.561386e-01 5.117817e-06 -9.502306e-06 -1.000785e+02 -9.959853e+01 -8.403174e-02 1.558606e-01
113 -5.313999e-02 2.299643e-01 1.262568e-06 -5.463663e-06 -1.000943e+02 -9.952813e+01 -5.313530e-02 2.299115e-01
114 -3.460666e-02 1.500409e-01 5.791083e-07 -2.510594e-06 -1.000855e+02 -9.971626e+01 -3.460405e-02 1.499585e-01
115 -3.492618e-02 1.152554e-01 1.753646e-06 -5.786460e-06 -1.000778e+02 -9.977751e+01 -3.491888e-02 1.151682e-01
116 -4.645591e-02 8.368628e-01 5.777503e-06 -1.040338e-04 -1.000685e+02 -9.830379e+01 -4.643296e-02 8.343823e-01
117 -5.029962e-02 -3.573430e-02 2.327500e-05 1.697908e-05 -9.997144e+01 -9.994618e+01 -5.019352e-02 -4.136889e-02
118 -5.009621e-02 1.306212e-01 6.379066e-05 -1.651674e-04 -9.974310e+01 -9.938664e+01 -4.980280e-02 1.244473e-01
