0 -7.067769e-02 -2.721770e-01 2.302435e-02 8.909814e-01 -8.818969e+00 -9.468144e+00 1.656007e-02 6.624840e-01
1 -3.650902e-02 8.059586e-02 2.225493e-01 8.599388e+01 -1.639950e-01 -1.743015e-01 3.860943e-01 9.944997e+01
2 4.808842e-02 5.329072e-02 3.198032e-01 7.060200e+00 -3.382830e-01 -3.452267e-01 5.779109e-01 3.987442e+01
3 -2.217180e-01 -8.311026e-01 2.197670e-01 2.060094e+01 -1.678729e+00 -1.944980e+00 2.928646e-01 4.990545e+01
4 -6.448558e-02 -9.053017e-02 2.073164e-01 3.783703e+00 -3.180222e+00 -3.278354e+00 3.294559e-01 1.219805e+01
5 -7.348402e-02 2.408409e-02 1.414673e-01 1.739194e+00 -8.211233e+00 -8.454791e+00 1.905143e-01 3.008143e+00
6 -6.540583e-02 8.277210e-01 5.878122e-02 2.133496e-01 -2.475766e+01 -2.496948e+01 5.259757e-02 -1.008857e+00
7 -6.007626e-02 6.608518e-01 2.020016e-02 3.032338e-02 -4.507129e+01 -4.510908e+01 -1.206703e-02 -3.977576e-02
8 -6.882930e-02 9.223144e-01 1.195711e-02 5.143671e-03 -5.458303e+01 -5.465145e+01 -2.767217e-02 -1.657152e-01
9 -7.567198e-02 4.198817e-01 8.058486e-03 4.022801e-02 -6.852820e+01 -6.884276e+01 -5.004901e-02 -5.528045e-02
10 -6.510180e-02 -4.011435e-01 5.258848e-03 1.860600e-02 -7.685548e+01 -7.693983e+01 -5.060612e-02 1.282979e-01
11 -4.514814e-02 -2.278909e-01 7.577361e-03 5.903176e-03 -6.550210e+01 -6.534087e+01 -1.607490e-02 2.689895e-01
12 -5.566983e-02 -4.061711e-01 3.565102e-02 2.420320e-01 -2.693763e+01 -2.714324e+01 2.175875e-02 -4.454015e-01
13 -4.963152e-02 6.572767e-02 8.196574e-02 2.298074e+00 -8.474795e+00 -8.825318e+00 1.007964e-01 2.730285e+00
14 -4.343214e-02 4.751985e-02 1.170103e-01 5.263380e+00 -3.608663e+00 -3.749508e+00 1.774889e-01 1.523462e+01
15 -6.078959e-02 -4.199960e-01 6.467123e-02 7.153866e-01 -1.220169e+01 -1.245579e+01 5.801622e-02 -1.135681e+00
16 -4.389383e-02 -4.276470e-01 6.351200e-02 2.833352e+00 -8.440517e+00 -9.035276e+00 6.706566e-02 -6.214796e-01
17 -5.614814e-02 1.220258e-01 1.171445e-01 1.754177e+00 -6.387165e+00 -6.516171e+00 1.691292e-01 4.696384e+00
18 -5.842495e-02 3.761088e-01 5.973102e-02 1.270424e-01 -1.969596e+01 -1.977377e+01 5.756330e-02 -7.367983e-01
19 -5.049028e-02 1.057555e+00 2.728141e-02 1.908488e-02 -3.482645e+01 -3.488845e+01 4.931169e-04 -2.884816e-01
20 -1.025377e-01 9.001420e-01 2.135042e-02 5.104412e-02 -5.039973e+01 -5.042895e+01 -2.547896e-02 6.571922e-04
21 -6.618493e-02 1.946222e+00 8.335503e-03 -2.016876e-02 -6.748401e+01 -6.729512e+01 -3.759471e-02 -1.186808e-01
22 -5.900381e-02 2.316266e-01 5.136731e-03 9.099558e-03 -8.402494e+01 -8.422134e+01 -4.659704e-02 -1.146736e-01
23 -6.606567e-02 2.570917e-01 2.099956e-03 -3.683718e-03 -9.130089e+01 -9.113257e+01 -6.039050e-02 -1.757512e-01
24 -6.642136e-02 2.468621e+00 4.749117e-04 2.645174e-02 -7.069034e+01 -7.750192e+01 -4.891549e-02 3.048801e+00
25 -1.100605e-01 1.538370e+00 5.694122e-04 9.582215e-03 -8.105947e+01 -8.729796e+01 -1.294697e-01 -4.264270e+00
26 -4.875454e-02 7.198206e-02 3.755750e-05 -5.219690e-05 -9.990273e+01 -9.967839e+01 -4.866725e-02 4.713960e-02
27 -6.045165e-02 -3.930988e-01 2.037213e-04 1.520922e-03 -9.833396e+01 -9.920941e+01 -6.049991e-02 -6.631773e-01
28 -5.214961e-02 2.758156e-01 1.233054e-03 -5.017846e-03 -9.409604e+01 -9.368186e+01 -4.773021e-02 4.599868e-02
29 -4.133099e-02 -3.165604e-01 4.297177e-03 2.219265e-02 -8.100879e+01 -8.122033e+01 -2.918341e-02 -8.989688e-02
30 -4.444852e-02 3.759182e-02 5.484816e-03 2.194900e-03 -7.990205e+01 -7.990723e+01 -2.699808e-02 -7.856282e-02
31 -5.439207e-02 3.900150e-02 7.053914e-03 2.858311e-02 -7.739369e+01 -7.779517e+01 -3.428716e-02 -3.869854e-01
32 -4.156514e-02 -1.710455e-01 1.244261e-02 4.787759e-02 -5.998660e+01 -6.011575e+01 -8.929460e-03 -4.696676e-02
33 -4.852515e-02 -1.183431e-01 3.197951e-02 8.834511e-02 -3.605389e+01 -3.619087e+01 2.036808e-02 -3.553247e-01
34 -4.526404e-02 1.176533e-01 4.240205e-02 6.805938e-01 -1.670048e+01 -1.705000e+01 4.827537e-02 -2.106169e-01
35 -4.542255e-02 -2.414680e-02 8.199576e-02 1.467342e+00 -9.438706e+00 -9.626430e+00 1.093984e-01 1.896311e+00
36 -5.134654e-02 2.620404e-01 8.320445e-02 1.039289e+00 -8.396425e+00 -8.610163e+00 1.010053e-01 8.480055e-01
37 -5.546688e-02 -6.167469e-01 7.135818e-02 1.774941e+00 -1.330643e+01 -1.398144e+01 7.894082e-02 -1.274327e+00
38 -4.070955e-02 -1.688990e-01 9.007547e-02 3.709964e+00 -7.138951e+00 -7.474984e+00 1.264904e-01 7.725873e+00
39 -7.959822e-02 3.289732e-01 6.190608e-02 4.955756e-01 -1.995743e+01 -2.029224e+01 6.058735e-02 -1.393517e+00
40 -6.680917e-02 -3.301055e-01 1.319161e-02 8.518839e-02 -6.125793e+01 -6.157468e+01 -1.704935e-02 -2.251501e-02
41 -8.295930e-02 1.773698e-01 3.692065e-03 -5.258312e-03 -8.834835e+01 -8.808601e+01 -5.877496e-02 -6.627408e-02
42 -5.722576e-02 -5.621276e-01 1.228965e-03 1.068264e-02 -9.332573e+01 -9.404731e+01 -5.242718e-02 -2.222015e-01
43 -4.219763e-02 -1.487582e-01 3.060481e-04 1.072975e-03 -9.817441e+01 -9.838090e+01 -4.131047e-02 -1.411979e-01
44 -7.535369e-02 -7.767316e-01 1.812246e-04 1.839718e-03 -9.927846e+01 -1.006262e+02 -7.493980e-02 -7.039390e-01
45 -3.558519e-02 -8.241943e-02 3.988932e-05 9.330777e-05 -9.982820e+01 -9.992507e+01 -3.564591e-02 -8.739065e-02
46 -5.530519e-02 -2.231911e-01 7.001944e-05 2.820423e-04 -9.979512e+01 -1.001282e+02 -5.504974e-02 -2.196765e-01
47 -4.497330e-02 -1.794370e-01 1.435264e-04 5.745814e-04 -9.933087e+01 -9.960038e+01 -4.456638e-02 -1.814249e-01
48 -6.009564e-02 3.145588e-01 6.988556e-04 -2.498177e-03 -9.669519e+01 -9.632000e+01 -5.843634e-02 -1.249014e-01
49 -6.043528e-02 4.480580e-01 4.264900e-03 9.886169e-04 -8.316959e+01 -8.332382e+01 -4.606281e-02 -3.058434e-01
50 -4.927820e-02 -3.040845e-01 1.475425e-02 -3.004091e-02 -5.457975e+01 -5.454677e+01 -6.524244e-03 -2.997628e-01
51 -3.970021e-02 -6.486601e-01 1.757053e-02 3.404517e-02 -4.088636e+01 -4.094434e+01 -3.653570e-03 -2.396851e-01
52 4.240420e-03 -7.634965e-03 1.862931e-02 1.380187e-01 -4.705570e+01 -4.739540e+01 -5.899834e-03 -2.759735e-01
53 -8.058761e-02 6.555644e-02 3.122014e-02 1.286842e-01 -3.755191e+01 -3.775040e+01 1.899031e-02 -5.201950e-01
54 -6.292711e-02 2.191729e-01 2.975242e-02 -6.801297e-02 -3.891286e+01 -3.872514e+01 1.326049e-02 5.674322e-02
55 -5.067767e-02 1.796556e-01 1.359637e-02 -1.540922e-02 -5.592556e+01 -5.587187e+01 -1.959438e-02 -2.061802e-01
56 -5.166621e-02 3.319703e-01 2.445961e-03 -9.158404e-03 -8.790112e+01 -8.763941e+01 -4.397037e-02 -1.617961e-01
57 -6.554438e-02 2.453967e-02 4.399341e-04 -1.571763e-04 -9.817568e+01 -9.800249e+01 -6.399447e-02 2.043689e-02
58 -5.414756e-02 2.270268e-01 1.650172e-04 -6.806954e-04 -9.908896e+01 -9.854630e+01 -5.345453e-02 2.027572e-01
59 -4.493961e-02 2.232039e-01 7.304175e-05 -3.587628e-04 -9.956113e+01 -9.903715e+01 -4.466446e-02 2.072554e-01
60 -7.241107e-02 2.062481e-01 4.426028e-05 -1.240825e-04 -9.986627e+01 -9.932266e+01 -7.240276e-02 1.869988e-01
61 -5.966144e-02 -5.603199e-01 1.515400e-05 1.421669e-04 -1.000294e+02 -1.010277e+02 -5.963227e-02 -5.564103e-01
62 -4.839192e-02 1.877917e-01 1.982707e-05 -7.679927e-05 -1.000095e+02 -9.953898e+01 -4.832565e-02 1.854582e-01
63 -5.044954e-02 -1.000267e+00 7.983969e-05 1.580830e-03 -9.961711e+01 -1.015017e+02 -5.009839e-02 -9.816298e-01
64 -4.734881e-02 1.646540e-01 2.586646e-04 -8.507294e-04 -9.906051e+01 -9.867557e+01 -4.661624e-02 1.121083e-01
65 -4.533843e-02 3.752736e-01 8.759619e-04 -6.126889e-03 -9.636001e+01 -9.575987e+01 -4.263755e-02 8.519659e-02
66 -4.015362e-02 -6.006546e-01 2.137552e-03 3.087520e-02 -9.000201e+01 -9.093977e+01 -3.261136e-02 -4.468570e-01
67 -4.132123e-02 6.781011e-02 3.224783e-03 -4.617885e-04 -8.827282e+01 -8.827718e+01 -3.371121e-02 -1.867160e-01
68 -3.602826e-02 3.468927e-01 5.817321e-03 -3.297334e-02 -7.365345e+01 -7.340641e+01 -1.466767e-02 -1.755210e-02
69 -5.045466e-02 -2.269553e-01 1.604191e-02 7.559280e-02 -5.565829e+01 -5.596565e+01 -8.393071e-03 -6.227372e-01
70 -4.314777e-02 -9.183372e-02 1.558887e-02 -2.195022e-02 -5.144552e+01 -5.128486e+01 -2.407231e-03 4.618124e-02
71 -4.713683e-02 6.224275e-02 2.044625e-02 7.474439e-02 -4.527554e+01 -4.543052e+01 -1.542641e-03 -2.115754e-01
72 -3.938536e-02 9.080849e-03 1.511577e-02 7.964562e-02 -5.132119e+01 -5.155583e+01 1.950595e-03 -4.271812e-01
73 -4.687944e-02 1.972232e-01 1.986342e-02 8.451819e-02 -4.351113e+01 -4.381128e+01 5.182405e-04 -6.410845e-01
74 -1.299084e-01 -2.903217e+00 7.906835e-03 7.196755e-02 -7.395241e+01 -7.443506e+01 -7.301008e-02 3.100563e-01
75 -5.252552e-02 2.234201e-01 3.349807e-04 -1.291163e-03 -9.857994e+01 -9.811460e+01 -5.173318e-02 1.107465e-01
76 -4.670983e-02 8.369115e-02 2.238475e-04 -3.959133e-04 -9.904654e+01 -9.879212e+01 -4.626170e-02 7.675759e-02
77 -5.276008e-02 -5.482697e-02 6.715854e-05 6.990707e-05 -9.979628e+01 -9.980077e+01 -5.257483e-02 -5.516058e-02
78 -5.577151e-02 -4.068580e-01 1.646934e-05 1.203205e-04 -1.000245e+02 -1.007286e+02 -5.573533e-02 -4.100965e-01
79 -3.949983e-02 2.311074e-02 1.254434e-05 -7.295375e-06 -1.000177e+02 -9.989315e+01 -3.946367e-02 2.225716e-02
80 -4.114994e-02 -4.725689e-01 2.832519e-05 3.247897e-04 -9.994442e+01 -1.008030e+02 -4.103764e-02 -4.669607e-01
81 -3.989718e-02 -2.328024e-01 5.105949e-05 2.980063e-04 -9.980586e+01 -1.001908e+02 -3.973595e-02 -2.321969e-01
82 -3.782209e-02 4.272123e-01 6.692513e-05 -7.488622e-04 -9.974366e+01 -9.883262e+01 -3.762612e-02 4.014016e-01
83 -5.041706e-02 3.185700e-01 2.154746e-04 -1.273493e-03 -9.909617e+01 -9.844385e+01 -4.993487e-02 2.030057e-01
84 -2.559906e-02 -3.055556e-01 4.001874e-04 4.697756e-03 -9.675742e+01 -9.728531e+01 -2.503806e-02 -2.721066e-01
85 -4.988525e-02 -9.103983e-02 1.683075e-03 2.785487e-03 -9.135191e+01 -9.140098e+01 -4.588242e-02 -5.533203e-02
86 -4.219199e-02 2.933620e-01 1.418217e-03 -8.381897e-03 -9.023203e+01 -8.977756e+01 -3.620419e-02 3.962286e-02
87 -4.984049e-02 -1.573781e-01 2.318587e-03 6.937093e-03 -8.637389e+01 -8.653657e+01 -3.951175e-02 -1.122298e-01
88 -3.659454e-02 -1.948576e-01 1.913949e-03 7.890681e-03 -8.691355e+01 -8.704411e+01 -2.704811e-02 2.225825e-02
89 -6.318396e-02 2.037352e-01 1.657901e-03 -4.717098e-03 -9.385056e+01 -9.343721e+01 -5.694283e-02 6.100502e-02
90 -5.847044e-02 9.035519e-02 1.919671e-04 -2.786961e-04 -9.934532e+01 -9.907134e+01 -5.779429e-02 5.841549e-02
91 -4.717048e-02 -5.270026e-02 2.660429e-05 2.987931e-05 -9.995828e+01 -9.997043e+01 -4.708848e-02 -5.425946e-02
92 -5.500852e-02 2.888341e-01 2.001072e-05 -1.046894e-04 -9.998683e+01 -9.930401e+01 -5.494669e-02 2.822611e-01
93 -5.045409e-02 -8.898505e-02 7.517577e-06 1.325245e-05 -1.000581e+02 -1.001350e+02 -5.042426e-02 -8.868451e-02
94 -4.989127e-02 -2.537286e-01 2.661254e-06 1.353137e-05 -1.000787e+02 -1.004861e+02 -4.988408e-02 -2.533787e-01
95 -5.187047e-02 -1.684299e-01 1.237598e-06 4.019203e-06 -1.000969e+02 -1.003301e+02 -5.186737e-02 -1.685626e-01
96 -4.498756e-02 -1.067229e-01 2.219561e-06 5.267641e-06 -1.000791e+02 -1.002028e+02 -4.498006e-02 -1.069764e-01
97 -4.358769e-02 -1.953916e-01 3.915098e-06 1.755379e-05 -1.000775e+02 -1.003812e+02 -4.357827e-02 -1.955823e-01
98 -4.268509e-02 -1.512675e-01 1.183986e-05 4.202048e-05 -1.000396e+02 -1.002576e+02 -4.264794e-02 -1.524795e-01
99 -3.697137e-02 1.527348e-01 3.660076e-05 -1.506126e-04 -9.988362e+01 -9.950732e+01 -3.686342e-02 1.487129e-01
100 -3.146491e-02 -2.615637e-01 8.627895e-05 7.186092e-04 -9.961601e+01 -1.000759e+02 -3.119363e-02 -2.622808e-01
101 -4.426686e-02 -3.047558e-01 2.458948e-04 1.669893e-03 -9.889749e+01 -9.939628e+01 -4.350790e-02 -2.759711e-01
102 -4.108745e-02 1.174120e-02 4.114487e-04 2.103198e-04 -9.728635e+01 -9.730692e+01 -3.875102e-02 -1.593437e-01
103 -4.631843e-02 -5.388419e-01 9.615676e-04 1.033177e-02 -9.530015e+01 -9.609658e+01 -4.386709e-02 -3.170001e-01
104 -3.222026e-02 -3.553843e-01 6.771683e-04 6.974411e-03 -9.477008e+01 -9.529399e+01 -2.922895e-02 -2.053873e-01
105 -4.528958e-02 3.979616e-02 7.795373e-04 -3.380507e-04 -9.565441e+01 -9.556511e+01 -4.173038e-02 -5.921809e-02
106 -4.687138e-02 3.212011e-02 1.516361e-03 -2.213697e-04 -9.380014e+01 -9.374237e+01 -4.248362e-02 -9.430056e-02
107 -5.633062e-02 2.417886e-01 1.683648e-04 -7.119471e-04 -9.948673e+01 -9.890897e+01 -5.565050e-02 2.176728e-01
108 -4.491314e-02 7.169629e-02 1.397927e-04 -2.130495e-04 -9.937701e+01 -9.915837e+01 -4.437727e-02 5.182453e-02
109 -5.686759e-02 -2.721096e-01 9.413160e-05 4.513525e-04 -9.956342e+01 -9.999372e+01 -5.642265e-02 -2.727225e-01
110 -4.338287e-02 -8.687752e-03 1.582992e-04 3.754728e-05 -9.920668e+01 -9.914424e+01 -4.275136e-02 -1.786354e-02
111 -7.127703e-02 6.280183e-01 4.421130e-05 -3.879853e-04 -9.979090e+01 -9.840738e+01 -7.087586e-02 6.095655e-01
112 -8.714473e-02 3.737760e-01 4.612689e-06 -1.978090e-05 -1.000832e+02 -9.916218e+01 -8.710355e-02 3.731955e-01
113 -5.259092e-02 2.543877e-01 1.281606e-06 -6.197840e-06 -1.000940e+02 -9.948036e+01 -5.258654e-02 2.540153e-01
114 -3.603158e-02 2.766146e-01 6.425574e-07 -4.932571e-06 -1.000851e+02 -9.945984e+01 -3.602914e-02 2.764766e-01
115 -3.459412e-02 -2.168386e-01 1.599477e-06 1.002566e-05 -1.000772e+02 -1.004417e+02 -3.458854e-02 -2.168050e-01
116 -4.949161e-02 -2.988609e-01 7.124710e-06 4.301478e-05 -1.000656e+02 -1.005639e+02 -4.946357e-02 -2.983309e-01
117 -5.128482e-02 3.250240e-01 2.638393e-05 -1.665348e-04 -9.995983e+01 -9.921354e+01 -5.117348e-02 3.164843e-01
118 -5.003224e-02 1.671827e-01 5.688969e-05 -1.869326e-04 -9.978953e+01 -9.936750e+01 -4.980322e-02 1.499286e-01
