0 -6.943502e-02 -1.512648e-01 2.354097e-02 1.276214e+00 -6.486997e+00 -7.062549e+00 1.257241e-02 -1.003698e+01
1 -2.867758e-02 -2.427621e-01 3.708333e-01 9.789833e+01 -9.693080e-03 -9.736507e-03 7.122052e-01 9.999026e+01
2 3.478219e-02 1.025277e-01 4.117074e-01 1.910256e+01 -1.216958e-01 -1.227810e-01 7.561232e-01 5.353567e+01
3 -2.552087e-01 3.403644e-01 2.350292e-01 -2.070923e+00 -1.688203e+00 -1.733275e+00 3.627380e-01 8.218812e+00
4 -6.402484e-02 -4.922890e-01 1.516923e-01 1.635698e+00 -6.041930e+00 -6.171205e+00 2.205571e-01 3.146899e+00
5 -7.079350e-02 9.433102e-02 9.075632e-02 1.140364e+00 -1.594073e+01 -1.632358e+01 1.081530e-01 7.303484e-01
6 -5.643242e-02 -4.376510e-01 2.982624e-02 1.831424e-01 -3.479738e+01 -3.512593e+01 7.363867e-03 -1.992584e-01
7 -6.440557e-02 1.146446e+00 1.267831e-02 5.705914e-03 -5.469419e+01 -5.471097e+01 -2.552323e-02 -1.675661e-01
8 -6.961666e-02 -1.450164e+00 5.453630e-03 6.108804e-02 -6.944307e+01 -7.024518e+01 -4.878526e-02 -1.192404e-02
9 -7.004503e-02 -6.508678e-01 2.540473e-03 1.107778e-02 -8.631198e+01 -8.638324e+01 -6.485212e-02 2.651271e-01
10 -5.885551e-02 7.503228e-01 2.148972e-03 -1.909087e-02 -8.654312e+01 -8.579110e+01 -5.104081e-02 -9.652588e-02
11 -4.975066e-02 -6.934108e-02 3.696371e-03 -1.524357e-02 -7.543176e+01 -7.495249e+01 -2.899749e-02 1.218598e-01
12 -5.416937e-02 -2.590804e-01 2.075447e-02 -2.859477e-02 -3.392275e+01 -3.376523e+01 1.571714e-03 3.236369e-01
13 -5.136418e-02 1.149055e-01 7.399907e-02 2.163997e+00 -1.034154e+01 -1.079910e+01 8.975565e-02 1.203910e+00
14 -4.549269e-02 -8.824721e-02 1.334870e-01 1.141868e+01 -2.951141e+00 -3.186389e+00 1.900819e-01 3.236272e+01
15 -6.095227e-02 1.407104e-01 6.947072e-02 -1.008912e+00 -9.342778e+00 -9.072575e+00 6.369062e-02 -5.717015e-01
16 -4.426616e-02 -5.594885e-01 7.822042e-02 7.856844e+00 -4.555766e+00 -4.980906e+00 9.431308e-02 1.987740e+01
17 -5.405891e-02 -8.207932e-02 1.457471e-01 1.422427e+00 -4.071367e+00 -4.136035e+00 2.136189e-01 4.484550e+00
18 -5.579980e-02 3.032303e-01 5.142626e-02 3.259217e-01 -1.925104e+01 -1.941817e+01 4.332031e-02 -1.261890e-01
19 -5.080954e-02 1.539751e+00 2.362170e-02 -1.812233e-02 -3.506994e+01 -3.504084e+01 -1.046981e-02 -3.710154e-01
20 -1.245950e-01 1.806497e+00 1.837470e-02 2.239811e-03 -4.898757e+01 -4.885572e+01 -3.091518e-02 1.094539e-01
21 -6.724941e-02 8.224984e-01 5.718607e-03 2.887876e-02 -7.057847e+01 -7.069293e+01 -4.500000e-02 1.509449e-01
22 -6.439841e-02 1.193966e-01 2.607618e-03 3.679053e-03 -9.083527e+01 -9.107224e+01 -5.824773e-02 -3.075341e-01
23 -6.877252e-02 1.710976e-02 6.813549e-04 -7.540699e-05 -9.650195e+01 -9.636409e+01 -6.640480e-02 -1.266593e-03
24 -6.439907e-02 -3.369263e-01 1.113160e-04 2.105080e-03 -9.323901e+01 -9.685965e+01 -6.624919e-02 -3.967505e+00
25 -9.784465e-02 -1.098536e+00 1.230073e-04 1.993531e-03 -9.575108e+01 -9.954663e+01 -1.035134e-01 -3.475574e+00
26 -4.821052e-02 -2.529516e-01 1.227707e-05 6.436297e-05 -1.000294e+02 -1.004378e+02 -4.816668e-02 -2.514859e-01
27 -5.945716e-02 1.553552e+00 6.366599e-05 -1.610702e-03 -9.950571e+01 -9.648446e+01 -5.936944e-02 1.270250e+00
28 -5.899806e-02 3.918698e-01 6.670072e-04 -3.352501e-03 -9.582695e+01 -9.529445e+01 -5.502751e-02 -1.859828e-02
29 -4.316872e-02 -7.431481e-01 4.073574e-03 4.881671e-02 -7.885951e+01 -7.943733e+01 -2.557206e-02 -1.707376e-01
30 -4.386973e-02 -4.536319e-01 5.970813e-03 4.391884e-02 -7.548022e+01 -7.575997e+01 -2.050822e-02 3.352878e-02
31 -4.789588e-02 -1.839147e-01 4.824459e-03 1.943784e-02 -8.154584e+01 -8.179108e+01 -3.186167e-02 -1.784892e-01
32 -4.271829e-02 2.166442e-01 1.014354e-02 5.010664e-02 -6.473710e+01 -6.503733e+01 -1.282219e-02 -1.867260e-01
33 -4.389623e-02 5.870934e-02 2.061176e-02 -2.283086e-02 -4.494513e+01 -4.491460e+01 4.565710e-03 -2.777328e-01
34 -4.386474e-02 -1.536437e-01 3.653768e-02 3.292520e-01 -1.863413e+01 -1.888216e+01 3.946917e-02 -9.500769e-01
35 -4.422297e-02 -2.669497e-01 9.286074e-02 3.591377e+00 -6.865424e+00 -7.197382e+00 1.269071e-01 7.091537e+00
36 -5.170867e-02 -2.099385e-01 9.551559e-02 2.770745e+00 -6.054365e+00 -6.278404e+00 1.314204e-01 6.119489e+00
37 -5.490830e-02 -2.146663e-01 8.375995e-02 3.280817e-01 -8.152744e+00 -8.333890e+00 9.478565e-02 -2.570675e+00
38 -4.404632e-02 1.937511e-01 1.069065e-01 8.766652e+00 -4.163459e+00 -4.492333e+00 1.520717e-01 2.125182e+01
39 -8.926567e-02 -4.376788e-01 5.553256e-02 7.006619e-01 -2.183781e+01 -2.236296e+01 4.947710e-02 -1.206876e+00
40 -5.389559e-02 1.767412e-01 6.919470e-03 -2.244803e-02 -6.980012e+01 -6.953787e+01 -2.294004e-02 -6.859816e-02
41 -9.083181e-02 -6.775526e-01 3.666956e-03 2.438216e-02 -8.823735e+01 -8.896831e+01 -5.928847e-02 -1.556729e-01
42 -5.650006e-02 4.464940e-01 8.328916e-04 -5.412401e-03 -9.467376e+01 -9.400098e+01 -5.197948e-02 5.829166e-02
43 -5.339717e-02 -2.647972e-01 1.819990e-04 8.831010e-04 -9.895715e+01 -9.935326e+01 -5.264321e-02 -2.285096e-01
44 -5.876761e-02 -2.132212e-02 7.466731e-05 3.166563e-05 -9.966260e+01 -9.960214e+01 -5.859358e-02 -4.199734e-02
45 -4.318547e-02 1.022993e-01 3.717098e-05 -8.717227e-05 -9.987003e+01 -9.958382e+01 -4.301733e-02 9.581934e-02
46 -4.124570e-02 -3.165666e-01 2.838704e-05 2.177571e-04 -9.994015e+01 -1.004893e+02 -4.115511e-02 -3.148457e-01
47 -4.024225e-02 -2.402402e-01 7.603241e-05 4.559862e-04 -9.962553e+01 -1.000279e+02 -3.992498e-02 -2.447059e-01
48 -4.884760e-02 -1.246447e-01 2.985565e-04 7.615152e-04 -9.841122e+01 -9.855976e+01 -4.741023e-02 -1.201968e-01
49 -5.968607e-02 1.192932e+00 2.030874e-03 -2.247739e-02 -9.048182e+01 -8.969967e+01 -5.221729e-02 -2.151419e-01
50 -5.269464e-02 -6.876009e-01 1.177735e-02 4.792342e-02 -5.729736e+01 -5.760423e+01 -1.068307e-02 -3.962747e-01
51 -3.551887e-02 -1.236604e+00 2.066377e-02 1.544046e-01 -3.581681e+01 -3.605226e+01 3.611364e-03 -3.185059e-01
52 -7.094644e-04 3.444979e-01 2.372363e-02 1.528669e-01 -3.745959e+01 -3.780814e+01 4.367942e-03 -5.117774e-01
53 -7.715487e-02 3.515839e-01 3.398265e-02 3.374336e-01 -2.974608e+01 -3.018300e+01 2.572314e-02 -1.018492e+00
54 -6.805104e-02 -2.727918e-01 3.436018e-02 3.610004e-02 -3.357672e+01 -3.358766e+01 2.172809e-02 -1.298751e-02
55 -5.468158e-02 2.775715e-01 1.203087e-02 -1.965930e-02 -5.791101e+01 -5.781456e+01 -2.400969e-02 -1.473402e-01
56 -4.995376e-02 4.837191e-02 1.284186e-03 -1.057957e-03 -9.337618e+01 -9.322055e+01 -4.445941e-02 7.956917e-04
57 -6.231114e-02 -2.697106e-01 3.383592e-04 1.474027e-03 -9.813678e+01 -9.855077e+01 -6.085198e-02 -2.721503e-01
58 -5.414963e-02 4.136909e-01 1.373537e-04 -1.036822e-03 -9.915583e+01 -9.824851e+01 -5.337805e-02 3.788355e-01
59 -4.936448e-02 2.802872e-01 5.142488e-05 -2.886243e-04 -9.975654e+01 -9.911216e+01 -4.914521e-02 2.599593e-01
60 -6.520316e-02 7.990856e-01 1.925477e-05 -2.352726e-04 -9.999661e+01 -9.827878e+01 -6.518959e-02 7.847642e-01
61 -5.660924e-02 -5.713409e-02 5.801635e-06 5.860540e-06 -1.000706e+02 -1.000718e+02 -5.659136e-02 -5.741483e-02
62 -4.238404e-02 2.000188e-02 7.326163e-06 -3.460469e-06 -1.000515e+02 -9.992667e+01 -4.235660e-02 2.009633e-02
63 -4.218153e-02 -1.027066e+00 2.817666e-05 6.850345e-04 -9.993163e+01 -1.018917e+02 -4.205271e-02 -1.014524e+00
64 -4.348800e-02 3.426578e-01 1.158671e-04 -8.990116e-04 -9.959414e+01 -9.884699e+01 -4.305479e-02 3.087107e-01
65 -4.872864e-02 -2.775106e-02 6.083858e-04 8.197530e-04 -9.742963e+01 -9.752687e+01 -4.649290e-02 -2.019182e-01
66 -4.293597e-02 -3.258483e-01 2.188779e-03 1.876737e-02 -8.849988e+01 -8.911399e+01 -3.245330e-02 -3.888469e-01
67 -4.319021e-02 1.919060e-01 3.315762e-03 -7.084823e-03 -8.691653e+01 -8.681133e+01 -3.342959e-02 -1.790708e-01
68 -3.643198e-02 2.286249e-01 5.224664e-03 -5.625582e-04 -7.474470e+01 -7.489633e+01 -1.479973e-02 -3.561787e-01
69 -5.014255e-02 -2.867267e-01 1.708301e-02 5.708512e-02 -5.365727e+01 -5.382582e+01 -3.815472e-03 -3.135463e-01
70 -4.350976e-02 -7.560113e-01 1.829022e-02 1.277837e-01 -4.358964e+01 -4.387574e+01 4.237114e-03 -3.517945e-01
71 -4.805896e-02 -2.463517e-01 2.738109e-02 2.145570e-01 -3.583740e+01 -3.617983e+01 1.139497e-02 -4.951300e-01
72 -3.873848e-02 -1.622811e-01 2.043817e-02 2.282878e-01 -3.953944e+01 -3.989668e+01 1.244436e-02 -5.789868e-01
73 -5.502676e-02 -3.325901e-02 2.480802e-02 1.248560e-01 -3.938786e+01 -3.964716e+01 1.010904e-02 -4.483254e-01
74 -1.424508e-01 2.462943e+00 4.695726e-03 -5.213299e-02 -8.703741e+01 -8.529836e+01 -6.756335e-02 -2.741298e-01
75 -4.658103e-02 5.224842e-02 3.613406e-04 -3.483826e-04 -9.836512e+01 -9.819886e+01 -4.538748e-02 1.161535e-02
76 -4.762678e-02 -3.798194e-03 2.166394e-04 2.591615e-05 -9.898175e+01 -9.890244e+01 -4.690439e-02 -1.453012e-02
77 -5.252979e-02 -4.473176e-01 4.072344e-05 3.459464e-04 -9.989511e+01 -1.006789e+02 -5.238946e-02 -4.397064e-01
78 -5.300410e-02 1.205840e-01 9.346195e-06 -2.119330e-05 -1.000439e+02 -9.969850e+01 -5.297470e-02 1.181664e-01
79 -4.578931e-02 1.962957e-01 8.789401e-06 -3.763511e-05 -1.000462e+02 -9.956318e+01 -4.575624e-02 1.947681e-01
80 -4.048164e-02 -7.292306e-02 2.499940e-05 4.496048e-05 -9.994757e+01 -1.000119e+02 -4.034341e-02 -7.197701e-02
81 -4.210438e-02 2.027645e-01 6.299464e-05 -2.991943e-04 -9.973280e+01 -9.925604e+01 -4.183586e-02 1.849886e-01
82 -3.697167e-02 1.514349e-01 7.597927e-05 -3.069020e-04 -9.962461e+01 -9.925809e+01 -3.664361e-02 1.376136e-01
83 -4.475541e-02 2.077989e-01 1.487721e-04 -6.668302e-04 -9.933047e+01 -9.885781e+01 -4.420445e-02 1.628197e-01
84 -2.140204e-02 -2.259454e-01 2.510801e-04 2.644868e-03 -9.758373e+01 -9.798562e+01 -2.144256e-02 -2.205867e-01
85 -5.154910e-02 -4.170664e-02 1.970207e-03 9.679475e-04 -8.982839e+01 -8.976058e+01 -4.542359e-02 7.974053e-03
86 -4.222456e-02 2.796950e-01 2.098586e-03 -1.040088e-02 -8.556486e+01 -8.524675e+01 -3.122027e-02 -8.160261e-02
87 -5.265756e-02 -6.359031e-01 3.354453e-03 3.928229e-02 -8.052352e+01 -8.139132e+01 -3.686020e-02 -3.761646e-01
88 -3.923247e-02 4.368628e-02 3.074610e-03 -1.876829e-03 -8.181853e+01 -8.174480e+01 -2.377546e-02 -4.242509e-02
89 -6.167868e-02 -1.300828e-02 1.585109e-03 9.523040e-04 -9.359424e+01 -9.358870e+01 -5.533035e-02 -1.267019e-01
90 -5.858773e-02 -1.235080e-01 1.456895e-04 3.051455e-04 -9.960441e+01 -9.973034e+01 -5.801291e-02 -1.175849e-01
91 -5.111099e-02 -3.657771e-01 3.363027e-05 2.404666e-04 -9.991861e+01 -1.005455e+02 -5.096792e-02 -3.628703e-01
92 -5.556271e-02 7.442749e-02 2.079139e-05 -2.774041e-05 -9.995802e+01 -9.969960e+01 -5.544530e-02 7.249650e-02
93 -5.392683e-02 8.229853e-01 5.677266e-06 -8.659664e-05 -1.000724e+02 -9.832091e+01 -5.389634e-02 8.199607e-01
94 -4.645868e-02 -3.769470e-01 1.426493e-06 1.157274e-05 -1.000802e+02 -1.007409e+02 -4.645395e-02 -3.766646e-01
95 -5.465692e-02 -4.184695e-01 1.010721e-06 7.738937e-06 -1.001035e+02 -1.008312e+02 -5.465318e-02 -4.186246e-01
96 -4.121714e-02 1.038103e-01 2.133848e-06 -5.373830e-06 -1.000685e+02 -9.977854e+01 -4.120773e-02 1.037261e-01
97 -3.753137e-02 -8.430144e-02 2.408721e-06 5.410994e-06 -1.000729e+02 -1.001664e+02 -3.752236e-02 -8.433956e-02
98 -4.054240e-02 -4.789950e-02 7.353919e-06 8.697966e-06 -1.000499e+02 -1.000648e+02 -4.051613e-02 -4.818498e-02
99 -4.008646e-02 1.622228e-01 2.447899e-05 -9.853511e-05 -9.995144e+01 -9.955088e+01 -3.998091e-02 1.566508e-01
100 -3.367901e-02 -3.583541e-02 7.936212e-05 9.166224e-05 -9.959320e+01 -9.960960e+01 -3.330994e-02 -5.336087e-02
101 -4.240090e-02 3.817496e-02 2.343918e-04 -1.974395e-04 -9.900412e+01 -9.885443e+01 -4.158863e-02 2.359265e-02
102 -3.636914e-02 -2.037781e-01 3.763714e-04 2.211716e-03 -9.740395e+01 -9.776405e+01 -3.406372e-02 -2.412578e-01
103 -4.723370e-02 -7.417657e-02 1.282720e-03 2.008996e-03 -9.373888e+01 -9.379214e+01 -4.298240e-02 -8.199420e-02
104 -3.226910e-02 -1.915063e-01 1.011060e-03 5.207190e-03 -9.235696e+01 -9.255854e+01 -2.653226e-02 -5.074683e-02
105 -4.169508e-02 -2.620827e-01 1.180544e-03 7.483053e-03 -9.235133e+01 -9.276169e+01 -3.593284e-02 -2.365995e-01
106 -5.293159e-02 -8.228528e-02 2.288084e-03 4.111923e-03 -9.100931e+01 -9.110917e+01 -4.501371e-02 -1.431014e-01
107 -5.407637e-02 -1.411057e-01 1.855873e-04 4.883842e-04 -9.937793e+01 -9.955535e+01 -5.334746e-02 -1.464763e-01
108 -4.183332e-02 -7.557610e-02 1.975546e-04 3.725757e-04 -9.901928e+01 -9.909894e+01 -4.092480e-02 -9.319285e-02
109 -5.588064e-02 -4.594873e-01 1.570788e-04 1.284347e-03 -9.916321e+01 -9.995185e+01 -5.496437e-02 -4.361252e-01
110 -4.109931e-02 1.291452e-01 2.185000e-04 -6.792895e-04 -9.882149e+01 -9.849132e+01 -4.008513e-02 1.180165e-01
111 -6.814668e-02 -4.029315e-01 3.786059e-05 2.229319e-04 -9.981955e+01 -1.004803e+02 -6.779435e-02 -3.909562e-01
112 -8.147725e-02 -1.404127e-01 5.342112e-06 9.206696e-06 -1.000751e+02 -1.001929e+02 -8.143045e-02 -1.403723e-01
113 -5.275292e-02 -3.402165e-01 1.169236e-06 7.539920e-06 -1.000930e+02 -1.006678e+02 -5.274859e-02 -3.399773e-01
114 -3.328432e-02 6.620176e-02 5.058743e-07 -1.006010e-06 -1.000862e+02 -9.988723e+01 -3.328183e-02 6.613065e-02
115 -3.564181e-02 -9.908228e-02 1.863723e-06 5.181278e-06 -1.000789e+02 -1.002058e+02 -3.563315e-02 -9.908427e-02
116 -4.334493e-02 1.248681e-01 4.900656e-06 -1.410512e-05 -1.000656e+02 -9.972975e+01 -4.332513e-02 1.241388e-01
117 -4.940841e-02 -1.488935e-02 2.024264e-05 6.254004e-06 -9.998528e+01 -9.991782e+01 -4.930946e-02 -1.709204e-02
118 -5.121239e-02 -1.419673e-01 6.891502e-05 1.891009e-04 -9.971751e+01 -9.989252e+01 -5.084778e-02 -1.324606e-01
