0 -7.262199e-02 1.316377e-01 2.277771e-02 3.304217e-01 -9.994529e+00 -1.053025e+01 1.292024e-02 -8.292164e-01
1 -3.929086e-02 -1.772097e-01 1.928850e-01 7.737191e+01 -3.051232e-01 -3.374923e-01 3.083589e-01 9.839675e+01
2 5.066510e-02 4.368914e-01 3.136218e-01 2.279022e+01 -3.673414e-01 -3.805939e-01 5.526116e-01 6.057752e+01
3 -2.072295e-01 -5.568803e-01 2.262511e-01 2.980240e+01 -1.507067e+00 -1.817959e+00 2.706587e-01 6.744373e+01
4 -6.448968e-02 4.463437e-02 2.281157e-01 4.788602e+00 -2.388095e+00 -2.451317e+00 3.790435e-01 1.489568e+01
5 -7.304889e-02 2.331008e-01 1.573233e-01 4.305575e+00 -6.280678e+00 -6.632155e+00 2.159235e-01 1.011947e+01
6 -6.967962e-02 1.493993e+00 7.636621e-02 3.344224e-01 -1.994063e+01 -2.009837e+01 7.591263e-02 -1.361200e-01
7 -5.922157e-02 6.565547e-01 2.475218e-02 1.742729e-02 -4.089437e+01 -4.093393e+01 -3.188894e-03 -4.098149e-01
8 -7.053681e-02 8.606839e-01 1.530636e-02 -7.772229e-03 -5.014237e+01 -5.001218e+01 -2.283170e-02 -2.379409e-02
9 -7.813242e-02 1.838624e+00 1.095033e-02 9.122566e-03 -6.286806e+01 -6.275716e+01 -4.527648e-02 -5.750231e-02
10 -6.883166e-02 2.441501e-01 7.291814e-03 -2.039964e-04 -7.185469e+01 -7.185682e+01 -5.072280e-02 -2.002373e-01
11 -4.746365e-02 9.759205e-02 1.071960e-02 7.043335e-03 -5.948171e+01 -5.947995e+01 -1.064377e-02 -3.067796e-02
12 -5.550993e-02 -3.881692e-01 4.331921e-02 3.296177e-02 -2.468734e+01 -2.470530e+01 3.418997e-02 -4.433815e-01
13 -4.952813e-02 -3.777800e-01 8.436953e-02 1.490454e+00 -8.254336e+00 -8.503121e+00 1.035190e-01 1.600999e+00
14 -4.247527e-02 6.971022e-02 1.119924e-01 4.941211e+00 -3.861017e+00 -3.994497e+00 1.687288e-01 1.266122e+01
15 -6.045296e-02 -1.157612e-01 6.237858e-02 2.118045e-01 -1.344777e+01 -1.340327e+01 5.488075e-02 -1.793459e-01
16 -4.237064e-02 -5.348206e-01 6.262074e-02 2.326583e+00 -1.023785e+01 -1.086090e+01 6.786953e-02 -2.710177e+00
17 -5.838074e-02 4.351290e-01 1.095939e-01 1.512302e+00 -7.632207e+00 -7.793130e+00 1.558361e-01 3.833613e+00
18 -5.945366e-02 3.606946e-02 6.279477e-02 1.544059e-01 -2.009070e+01 -2.020540e+01 6.313556e-02 -9.119426e-01
19 -5.060678e-02 2.235253e-01 2.833681e-02 9.798149e-02 -3.448752e+01 -3.459819e+01 3.982403e-03 -1.631240e-01
20 -9.449161e-02 6.036885e-01 2.244182e-02 4.271939e-02 -5.111012e+01 -5.132343e+01 -2.267588e-02 -4.212424e-01
21 -6.557272e-02 2.025933e+00 9.087338e-03 -1.051328e-03 -6.703690e+01 -6.722597e+01 -3.565816e-02 -3.515660e-01
22 -5.741885e-02 1.919582e-01 6.182499e-03 9.644092e-03 -8.156052e+01 -8.165482e+01 -4.293374e-02 1.231077e-03
23 -6.442420e-02 6.751361e-01 2.876023e-03 -2.007942e-02 -8.896280e+01 -8.827673e+01 -5.724618e-02 -1.431416e-02
24 -7.085462e-02 3.625589e+00 6.695419e-04 4.773542e-02 -6.603892e+01 -7.033866e+01 -4.745586e-02 6.226433e+00
25 -1.166293e-01 2.815553e+00 8.660880e-04 1.885394e-02 -7.517348e+01 -8.214144e+01 -1.351149e-01 -1.420615e+00
26 -4.909275e-02 3.181637e-01 5.384587e-05 -3.387359e-04 -9.980267e+01 -9.910661e+01 -4.899894e-02 2.633708e-01
27 -6.046344e-02 -4.069060e-01 3.002393e-04 2.292768e-03 -9.766254e+01 -9.854291e+01 -6.041966e-02 -6.257396e-01
28 -4.902185e-02 -7.259814e-02 1.464649e-03 3.393667e-03 -9.345250e+01 -9.362436e+01 -4.471753e-02 -1.815251e-01
29 -4.172386e-02 -6.753748e-02 4.535618e-03 9.211093e-03 -8.178393e+01 -8.187571e+01 -3.086953e-02 -1.119055e-01
30 -4.587638e-02 3.470585e-01 5.721422e-03 -1.618509e-02 -8.022357e+01 -8.011414e+01 -2.934599e-02 -2.073778e-01
31 -5.586313e-02 4.952746e-01 8.007066e-03 -1.117971e-02 -7.548455e+01 -7.547102e+01 -3.444208e-02 -2.611752e-01
32 -4.141363e-02 -2.517327e-01 1.432257e-02 9.627058e-02 -5.693695e+01 -5.720824e+01 -5.273817e-03 -2.238901e-01
33 -5.043932e-02 -5.136146e-01 3.664180e-02 2.795258e-01 -3.325021e+01 -3.360518e+01 2.707492e-02 -5.625004e-01
34 -4.479718e-02 1.189776e-01 4.404560e-02 3.558177e-01 -1.659067e+01 -1.670815e+01 4.981483e-02 -5.495404e-02
35 -4.589503e-02 -2.202207e-01 7.819836e-02 1.512285e+00 -1.089217e+01 -1.115110e+01 1.027606e-01 2.071202e+00
36 -5.190620e-02 -1.073837e-01 8.350951e-02 1.541757e+00 -9.310050e+00 -9.619974e+00 1.002260e-01 2.472009e-01
37 -5.608475e-02 -6.870537e-01 6.684620e-02 1.162389e+00 -1.594339e+01 -1.644671e+01 7.243419e-02 -1.461668e+00
38 -4.165875e-02 2.969996e-01 8.542146e-02 2.998067e+00 -8.730316e+00 -9.107361e+00 1.174719e-01 5.540021e+00
39 -7.528205e-02 8.110468e-01 6.300357e-02 4.593288e-01 -1.982782e+01 -2.017420e+01 6.302531e-02 -1.554571e+00
40 -6.897611e-02 3.943493e-01 1.609925e-02 2.386429e-02 -5.753588e+01 -5.762213e+01 -1.390620e-02 -1.700557e-01
41 -7.985993e-02 1.521961e-01 3.682666e-03 -4.119114e-03 -8.867012e+01 -8.846603e+01 -5.893838e-02 -1.117865e-01
42 -5.682131e-02 -3.160710e-01 1.331400e-03 6.100790e-03 -9.306394e+01 -9.336261e+01 -5.205299e-02 -7.257077e-02
43 -3.789760e-02 1.573537e-01 3.428046e-04 -1.384103e-03 -9.782649e+01 -9.745950e+01 -3.722504e-02 1.292259e-01
44 -8.327222e-02 -1.806514e-01 2.544374e-04 5.488200e-04 -9.906362e+01 -9.925236e+01 -8.237688e-02 -1.715990e-01
45 -3.163483e-02 2.749662e-01 4.216079e-05 -3.642120e-04 -9.975091e+01 -9.914305e+01 -3.199399e-02 2.680679e-01
46 -6.169758e-02 -2.503509e-01 9.769308e-05 3.933050e-04 -9.971114e+01 -1.000790e+02 -6.125604e-02 -2.369978e-01
47 -4.603389e-02 9.762636e-02 1.719305e-04 -3.561632e-04 -9.922541e+01 -9.894902e+01 -4.565749e-02 8.367587e-02
48 -6.227109e-02 -1.998745e-01 9.555133e-04 4.416969e-03 -9.513500e+01 -9.568398e+01 -6.104223e-02 -4.440359e-01
49 -5.928331e-02 1.243420e-01 5.422154e-03 1.272870e-02 -8.023210e+01 -8.040578e+01 -4.227652e-02 -1.226318e-01
50 -4.932720e-02 -6.059001e-01 1.596476e-02 3.697587e-02 -5.430762e+01 -5.441450e+01 -5.889543e-03 -2.507797e-01
51 -4.201168e-02 -5.814068e-01 1.660191e-02 7.484271e-02 -4.354457e+01 -4.374399e+01 -5.611088e-03 -2.605595e-01
52 5.104947e-03 2.427606e-01 1.634038e-02 4.976914e-02 -5.100348e+01 -5.117202e+01 -1.000294e-02 -3.338835e-01
53 -7.996302e-02 -2.779340e-01 2.954117e-02 2.238940e-01 -4.073240e+01 -4.112678e+01 1.516118e-02 -6.037383e-01
54 -6.172738e-02 1.967014e-01 2.765906e-02 2.895416e-02 -4.144687e+01 -4.147559e+01 9.632735e-03 -9.626904e-02
55 -4.982715e-02 4.205752e-02 1.396265e-02 3.117986e-02 -5.616948e+01 -5.627864e+01 -1.902894e-02 -6.883551e-02
56 -5.159421e-02 2.033280e-01 2.972435e-03 -5.819364e-03 -8.580416e+01 -8.564505e+01 -4.327116e-02 -8.762233e-02
57 -6.633484e-02 4.563889e-01 5.066642e-04 -3.364510e-03 -9.806597e+01 -9.710064e+01 -6.478219e-02 3.569478e-01
58 -5.504516e-02 1.661059e-01 1.720660e-04 -5.096342e-04 -9.911562e+01 -9.868932e+01 -5.440278e-02 1.462519e-01
59 -4.290449e-02 -2.286814e-01 7.782953e-05 4.170410e-04 -9.950968e+01 -9.988417e+01 -4.262660e-02 -2.342833e-01
60 -7.612562e-02 -1.438250e-01 5.709301e-05 1.094393e-04 -9.981382e+01 -9.995731e+01 -7.610201e-02 -1.561585e-01
61 -5.927307e-02 -5.208963e-03 2.008522e-05 1.757494e-06 -1.000015e+02 -9.989331e+01 -5.925144e-02 -5.071007e-03
62 -5.021595e-02 2.275132e-01 2.777112e-05 -1.255006e-04 -9.997783e+01 -9.942535e+01 -5.012952e-02 2.236496e-01
63 -5.282483e-02 -5.884014e-01 1.100308e-04 1.230249e-03 -9.942926e+01 -1.005012e+02 -5.237794e-02 -5.890305e-01
64 -4.806345e-02 -8.598521e-03 3.357427e-04 1.210527e-04 -9.873658e+01 -9.869234e+01 -4.714424e-02 -5.623249e-02
65 -4.359645e-02 1.754204e-01 9.668634e-04 -2.773511e-03 -9.599089e+01 -9.575154e+01 -4.088948e-02 -6.886621e-02
66 -3.922832e-02 -4.204038e-01 2.130247e-03 2.172968e-02 -9.051584e+01 -9.113880e+01 -3.276132e-02 -2.880768e-01
67 -4.232726e-02 -2.063261e-01 3.471617e-03 1.846774e-02 -8.774308e+01 -8.810162e+01 -3.461765e-02 -2.766949e-01
68 -3.600954e-02 9.010274e-02 6.033670e-03 5.732117e-03 -7.326123e+01 -7.332234e+01 -1.480826e-02 -1.114507e-01
69 -4.946966e-02 -4.965463e-01 1.509746e-02 1.475838e-01 -5.737051e+01 -5.794868e+01 -1.077878e-02 -6.020233e-01
70 -4.286614e-02 1.724164e-01 1.436303e-02 6.023649e-03 -5.486669e+01 -5.489124e+01 -5.964857e-03 -1.641656e-01
71 -4.659922e-02 4.147831e-01 1.779696e-02 5.277208e-03 -4.954870e+01 -4.955374e+01 -5.777727e-03 -1.057939e-01
72 -3.959986e-02 4.672446e-02 1.323045e-02 7.153828e-02 -5.612325e+01 -5.637765e+01 -2.339569e-03 -3.101500e-01
73 -4.587958e-02 2.102512e-01 1.839259e-02 6.444315e-02 -4.579314e+01 -4.601503e+01 -3.377649e-03 -5.076518e-01
74 -1.209410e-01 -1.831708e+00 9.250179e-03 1.226652e-02 -7.060718e+01 -7.086062e+01 -7.424723e-02 -2.650438e-01
75 -5.412398e-02 2.392560e-01 3.141650e-04 -1.256108e-03 -9.869333e+01 -9.819938e+01 -5.362449e-02 1.177475e-01
76 -4.674737e-02 -5.507157e-02 2.197427e-04 2.624427e-04 -9.910294e+01 -9.912251e+01 -4.643785e-02 -5.936357e-02
77 -5.232935e-02 -2.227589e-01 7.638689e-05 3.249412e-04 -9.976181e+01 -1.001011e+02 -5.214819e-02 -2.210524e-01
78 -5.697937e-02 -3.187530e-01 1.977634e-05 1.110143e-04 -1.000110e+02 -1.005385e+02 -5.693428e-02 -3.249931e-01
79 -3.950793e-02 1.952430e-01 1.437506e-05 -7.097001e-05 -1.000111e+02 -9.954268e+01 -3.947079e-02 1.939125e-01
80 -4.045265e-02 -1.301765e-01 2.856338e-05 9.170215e-05 -9.994327e+01 -1.001212e+02 -4.035599e-02 -1.280630e-01
81 -3.922914e-02 -3.182882e-01 4.668130e-05 3.783051e-04 -9.983511e+01 -1.003905e+02 -3.910510e-02 -3.150409e-01
82 -4.146945e-02 3.083943e-01 7.327656e-05 -5.308935e-04 -9.974110e+01 -9.907477e+01 -4.133721e-02 2.609854e-01
83 -5.125497e-02 8.580033e-01 2.529924e-04 -4.062811e-03 -9.889948e+01 -9.723233e+01 -5.075900e-02 6.588366e-01
84 -2.934098e-02 -4.492802e-02 4.906673e-04 6.651521e-04 -9.653540e+01 -9.654600e+01 -2.840156e-02 -1.466197e-02
85 -4.929445e-02 6.977720e-02 1.524009e-03 -2.301501e-03 -9.219433e+01 -9.195775e+01 -4.629501e-02 6.574339e-02
86 -4.220553e-02 1.225109e-01 1.215487e-03 -2.918593e-03 -9.187438e+01 -9.164707e+01 -3.772048e-02 -7.915787e-03
87 -4.988238e-02 4.966064e-01 2.041758e-03 -1.707699e-02 -8.830399e+01 -8.760326e+01 -4.154622e-02 3.623656e-02
88 -3.619834e-02 -5.941744e-02 1.593844e-03 3.652755e-03 -8.884011e+01 -8.894943e+01 -2.876579e-02 -1.111992e-01
89 -6.267081e-02 2.322086e-02 1.586262e-03 -5.600416e-05 -9.418587e+01 -9.410002e+01 -5.703596e-02 -8.359257e-02
90 -5.727304e-02 2.586653e-01 2.092066e-04 -9.039499e-04 -9.922720e+01 -9.864434e+01 -5.661555e-02 1.921054e-01
91 -4.537839e-02 -2.152557e-01 2.405186e-05 1.139968e-04 -9.996941e+01 -1.003081e+02 -4.531445e-02 -2.138864e-01
92 -5.496630e-02 1.162499e-01 1.907131e-05 -3.998262e-05 -9.999970e+01 -9.966159e+01 -5.492723e-02 1.101236e-01
93 -4.993751e-02 -2.104712e-01 7.932661e-06 3.341875e-05 -1.000563e+02 -1.003769e+02 -4.990948e-02 -2.097891e-01
94 -5.091011e-02 -2.011451e-01 3.121912e-06 1.233112e-05 -1.000779e+02 -1.003781e+02 -5.090214e-02 -2.007701e-01
95 -5.111177e-02 -4.137862e-02 1.310327e-06 1.061366e-06 -1.000949e+02 -1.000756e+02 -5.110862e-02 -4.150780e-02
96 -4.705254e-02 -3.020095e-01 2.316285e-06 1.486849e-05 -1.000838e+02 -1.005938e+02 -4.704510e-02 -3.021175e-01
97 -4.654585e-02 1.736426e-01 4.833149e-06 -1.800037e-05 -1.000783e+02 -9.963912e+01 -4.653695e-02 1.718771e-01
98 -4.187788e-02 6.830439e-02 1.364370e-05 -2.212106e-05 -1.000286e+02 -9.980996e+01 -4.183775e-02 6.581097e-02
99 -3.691777e-02 1.398875e-01 4.207445e-05 -1.584140e-04 -9.986066e+01 -9.951131e+01 -3.681068e-02 1.341736e-01
100 -3.075235e-02 -2.195947e-01 8.753256e-05 6.265841e-04 -9.962079e+01 -9.999880e+01 -3.051027e-02 -2.211073e-01
101 -4.509641e-02 -6.111649e-01 2.493759e-04 3.334285e-03 -9.884022e+01 -9.992703e+01 -4.435648e-02 -5.535579e-01
102 -4.197712e-02 3.093240e-01 4.026074e-04 -2.836777e-03 -9.739204e+01 -9.676222e+01 -3.991583e-02 2.194105e-01
103 -4.612181e-02 -6.794948e-01 8.380777e-04 1.147475e-02 -9.595099e+01 -9.699883e+01 -4.434934e-02 -4.115948e-01
104 -3.253697e-02 -4.124139e-01 5.714209e-04 6.995022e-03 -9.562045e+01 -9.629393e+01 -3.041343e-02 -3.084057e-01
105 -4.629699e-02 -1.451725e-01 6.563526e-04 2.450056e-03 -9.661405e+01 -9.690559e+01 -4.345412e-02 -2.707615e-01
106 -4.413957e-02 -3.857378e-02 1.245253e-03 1.755228e-03 -9.472167e+01 -9.479672e+01 -4.095848e-02 -1.521481e-01
107 -5.640667e-02 -9.620218e-02 1.567394e-04 2.663772e-04 -9.953217e+01 -9.960989e+01 -5.576822e-02 -9.313222e-02
108 -4.626377e-02 1.001912e-01 1.194580e-04 -2.485482e-04 -9.949873e+01 -9.922312e+01 -4.585183e-02 7.620841e-02
109 -5.750325e-02 -5.622882e-02 7.663294e-05 7.899777e-05 -9.968369e+01 -9.969313e+01 -5.716865e-02 -7.326676e-02
110 -4.367651e-02 -1.526205e-01 1.335157e-04 4.644412e-04 -9.933768e+01 -9.955124e+01 -4.320840e-02 -1.468885e-01
111 -7.097253e-02 3.901907e-01 4.339371e-05 -2.367284e-04 -9.979441e+01 -9.888723e+01 -7.060550e-02 3.703923e-01
112 -9.026857e-02 7.125892e-01 4.192391e-06 -3.308951e-05 -1.000888e+02 -9.848453e+01 -9.023114e-02 7.115641e-01
113 -5.266595e-02 2.137824e-03 1.251307e-06 -5.009908e-08 -1.000950e+02 -9.998554e+01 -5.266194e-02 1.961929e-03
114 -3.703785e-02 -4.218755e-02 6.625516e-07 7.547783e-07 -1.000853e+02 -1.000956e+02 -3.703567e-02 -4.222062e-02
115 -3.803904e-02 -3.259513e-01 1.618591e-06 1.386994e-05 -1.000840e+02 -1.006599e+02 -3.803372e-02 -3.259684e-01
116 -5.223120e-02 -7.293924e-01 8.255157e-06 1.151969e-04 -1.000630e+02 -1.014147e+02 -5.219997e-02 -7.257807e-01
117 -5.162593e-02 1.415974e-01 2.749870e-05 -7.486144e-05 -9.995669e+01 -9.957499e+01 -5.151881e-02 1.350396e-01
118 -4.988969e-02 2.110871e-01 5.081630e-05 -2.111457e-04 -9.982671e+01 -9.932115e+01 -4.971797e-02 1.878609e-01
