0 -7.117210e-02 1.735863e-01 2.290140e-02 5.528033e-01 -9.508724e+00 -1.012015e+01 1.427165e-02 6.068645e-02
1 -3.876491e-02 -1.656003e-02 1.998050e-01 8.078832e+01 -2.454390e-01 -2.672719e-01 3.272170e-01 9.889864e+01
2 4.926872e-02 4.822896e-02 3.092380e-01 1.826387e+01 -3.612179e-01 -3.724668e-01 5.472070e-01 5.473374e+01
3 -2.124432e-01 -6.995890e-01 2.274923e-01 2.537401e+01 -1.578266e+00 -1.873947e+00 2.858042e-01 6.013545e+01
4 -6.391958e-02 1.199281e-01 2.189306e-01 2.980064e+00 -2.667749e+00 -2.733613e+00 3.560875e-01 1.203376e+01
5 -7.348361e-02 1.750372e-02 1.520334e-01 2.775282e+00 -6.941280e+00 -7.230670e+00 2.064799e-01 6.038593e+00
6 -6.828539e-02 1.351351e+00 6.913676e-02 2.316790e-01 -2.175996e+01 -2.191893e+01 6.653028e-02 -3.480716e-01
7 -6.015459e-02 5.803886e-01 2.297227e-02 8.831042e-03 -4.259062e+01 -4.258044e+01 -7.129065e-03 -1.800600e-01
8 -6.862032e-02 2.691684e-01 1.381773e-02 -7.929193e-03 -5.173768e+01 -5.162642e+01 -2.407220e-02 -5.644297e-02
9 -7.678280e-02 1.077664e+00 9.825626e-03 3.725721e-02 -6.486765e+01 -6.502006e+01 -4.689140e-02 -8.275827e-02
10 -6.773373e-02 6.525389e-02 6.497071e-03 -3.685599e-03 -7.379567e+01 -7.360165e+01 -5.100013e-02 5.540926e-03
11 -4.658507e-02 7.293058e-02 9.422569e-03 2.423624e-02 -6.184032e+01 -6.197848e+01 -1.295098e-02 -7.538994e-02
12 -5.534611e-02 -6.364961e-01 4.018489e-02 1.208124e-01 -2.553331e+01 -2.562184e+01 2.914432e-02 -3.628471e-01
13 -5.016301e-02 -2.657952e-01 8.387424e-02 2.002335e+00 -8.305765e+00 -8.607867e+00 1.029001e-01 2.402111e+00
14 -4.226452e-02 1.937136e-01 1.127797e-01 4.402848e+00 -3.766070e+00 -3.887767e+00 1.712268e-01 1.216026e+01
15 -6.035350e-02 -1.971326e-01 6.326646e-02 8.867631e-02 -1.295823e+01 -1.294418e+01 5.572389e-02 -8.281172e-01
16 -4.265723e-02 -4.569579e-01 6.258215e-02 2.179030e+00 -9.517201e+00 -1.010483e+01 6.691493e-02 -2.617959e+00
17 -5.714806e-02 2.661420e-01 1.119608e-01 2.039954e+00 -7.135762e+00 -7.316418e+00 1.606035e-01 5.268098e+00
18 -5.930860e-02 6.265420e-02 6.158068e-02 9.232563e-02 -1.992214e+01 -2.000153e+01 6.104274e-02 -8.209856e-01
19 -5.086449e-02 3.630144e-01 2.811872e-02 5.298559e-02 -3.461411e+01 -3.466333e+01 2.711105e-03 -1.314293e-01
20 -9.779885e-02 7.616630e-01 2.203397e-02 5.359123e-02 -5.084437e+01 -5.105773e+01 -2.339771e-02 -3.109715e-01
21 -6.618442e-02 2.272490e+00 8.814804e-03 -3.099556e-02 -6.715708e+01 -6.700888e+01 -3.635123e-02 -2.694040e-01
22 -5.783706e-02 1.140220e-01 5.765953e-03 1.154630e-02 -8.247656e+01 -8.257835e+01 -4.399840e-02 3.294667e-02
23 -6.515463e-02 5.419461e-01 2.573024e-03 -1.413835e-02 -8.985576e+01 -8.928498e+01 -5.839912e-02 -6.659826e-03
24 -6.941341e-02 3.165832e+00 5.984925e-04 4.022843e-02 -6.732746e+01 -7.287801e+01 -4.733509e-02 5.631613e+00
25 -1.123781e-01 2.323103e+00 7.373160e-04 1.471719e-02 -7.723460e+01 -8.400899e+01 -1.330168e-01 -2.575144e+00
26 -4.846992e-02 6.264351e-02 4.675506e-05 -5.399256e-05 -9.984357e+01 -9.964817e+01 -4.838127e-02 2.372580e-02
27 -6.093143e-02 -5.396512e-01 2.623042e-04 2.543109e-03 -9.793096e+01 -9.906154e+01 -6.072167e-02 -7.496428e-01
28 -5.016304e-02 2.164694e-01 1.376379e-03 -4.798893e-03 -9.369879e+01 -9.332557e+01 -4.581082e-02 8.152017e-02
29 -4.135435e-02 -1.991134e-01 4.423520e-03 1.838420e-02 -8.151179e+01 -8.170639e+01 -3.022417e-02 -9.834612e-02
30 -4.537046e-02 4.606056e-01 5.613514e-03 -2.431150e-02 -8.019415e+01 -8.003068e+01 -2.836073e-02 -2.169317e-01
31 -5.527796e-02 6.220174e-01 7.660641e-03 -1.444503e-02 -7.617657e+01 -7.618134e+01 -3.442577e-02 -3.121406e-01
32 -4.112920e-02 -1.178721e-01 1.348868e-02 4.094892e-02 -5.819210e+01 -5.832676e+01 -6.999588e-03 -2.451869e-01
33 -4.974989e-02 -4.166667e-01 3.505060e-02 2.001819e-01 -3.424809e+01 -3.449879e+01 2.448043e-02 -3.552055e-01
34 -4.528197e-02 2.560307e-01 4.353008e-02 3.982088e-01 -1.659429e+01 -1.677629e+01 4.935968e-02 -1.665133e-01
35 -4.608441e-02 1.475386e-02 7.951344e-02 1.567780e+00 -1.030168e+01 -1.054586e+01 1.053922e-01 2.234774e+00
36 -5.207245e-02 3.064419e-01 8.373469e-02 1.155576e+00 -8.951518e+00 -9.206563e+00 1.011400e-01 2.091960e-01
37 -5.512801e-02 -5.740693e-01 6.861017e-02 1.339715e+00 -1.488307e+01 -1.545967e+01 7.479438e-02 -1.523560e+00
38 -4.107157e-02 1.071702e-01 8.697566e-02 2.652143e+00 -8.088442e+00 -8.396225e+00 1.207422e-01 5.103297e+00
39 -7.656356e-02 8.075470e-01 6.264745e-02 3.966854e-01 -1.983609e+01 -2.015510e+01 6.228634e-02 -1.583143e+00
40 -6.836536e-02 5.668699e-01 1.495307e-02 1.349262e-02 -5.893828e+01 -5.901410e+01 -1.494466e-02 -2.905419e-01
41 -8.053671e-02 9.498128e-02 3.666275e-03 -2.182477e-03 -8.854485e+01 -8.838534e+01 -5.867890e-02 -7.768942e-02
42 -5.671079e-02 -4.123842e-01 1.290232e-03 7.958456e-03 -9.314338e+01 -9.359630e+01 -5.191677e-02 -1.172700e-01
43 -3.963132e-02 7.993443e-02 3.310994e-04 -6.300220e-04 -9.796050e+01 -9.774283e+01 -3.880996e-02 5.362016e-02
44 -8.065770e-02 -5.442656e-01 2.254410e-04 1.499936e-03 -9.915122e+01 -1.000411e+02 -7.994090e-02 -4.952204e-01
45 -3.318753e-02 -4.406572e-02 4.133665e-05 5.575982e-05 -9.978487e+01 -9.980943e+01 -3.341272e-02 -4.848360e-02
46 -5.917065e-02 -6.645134e-02 8.631107e-05 9.632665e-05 -9.974447e+01 -9.975732e+01 -5.881229e-02 -6.358602e-02
47 -4.541819e-02 -1.545744e-01 1.603789e-04 5.470904e-04 -9.926343e+01 -9.948161e+01 -4.501039e-02 -1.553254e-01
48 -6.148921e-02 1.966235e-01 8.485387e-04 -1.355839e-03 -9.580795e+01 -9.563643e+01 -6.007563e-02 -1.525269e-01
49 -5.941497e-02 7.184545e-01 4.943169e-03 -1.789683e-02 -8.134028e+01 -8.111360e+01 -4.362274e-02 -1.531215e-01
50 -4.938692e-02 -5.361687e-01 1.554674e-02 1.083417e-02 -5.435851e+01 -5.441055e+01 -5.951435e-03 -2.771410e-01
51 -4.090796e-02 -7.683820e-01 1.691490e-02 8.889595e-02 -4.247447e+01 -4.268675e+01 -4.949899e-03 -3.672254e-01
52 4.867971e-03 1.567636e-01 1.734522e-02 5.831932e-02 -4.948077e+01 -4.960712e+01 -8.543554e-03 -2.168516e-01
53 -8.051986e-02 -4.345984e-02 3.039078e-02 1.743805e-01 -3.950442e+01 -3.981869e+01 1.663419e-02 -5.525253e-01
54 -6.182447e-02 1.554321e-01 2.846451e-02 5.951687e-02 -4.044168e+01 -4.049968e+01 1.120800e-02 8.450903e-03
55 -4.995451e-02 3.128380e-02 1.378652e-02 2.890169e-02 -5.600254e+01 -5.611425e+01 -1.919131e-02 -9.703033e-02
56 -5.162027e-02 3.068815e-01 2.771128e-03 -9.109527e-03 -8.657541e+01 -8.634415e+01 -4.355917e-02 -1.339724e-01
57 -6.571254e-02 2.631197e-01 4.762917e-04 -1.774871e-03 -9.812888e+01 -9.755263e+01 -6.417682e-02 1.584902e-01
58 -5.454449e-02 6.648879e-02 1.693913e-04 -1.986298e-04 -9.910192e+01 -9.887201e+01 -5.388129e-02 5.093042e-02
59 -4.331446e-02 8.183940e-02 7.568393e-05 -1.381494e-04 -9.952610e+01 -9.928798e+01 -4.305451e-02 6.502269e-02
60 -7.503378e-02 1.603851e-01 5.234815e-05 -1.101017e-04 -9.983413e+01 -9.937429e+01 -7.501155e-02 1.451462e-01
61 -5.923115e-02 -1.562452e-01 1.808498e-05 4.758660e-05 -1.000123e+02 -1.002046e+02 -5.920645e-02 -1.538358e-01
62 -4.932541e-02 1.283493e-01 2.444319e-05 -6.334594e-05 -9.999050e+01 -9.963759e+01 -4.925035e-02 1.250542e-01
63 -5.232862e-02 -9.013751e-01 9.862223e-05 1.698236e-03 -9.950519e+01 -1.011914e+02 -5.190731e-02 -8.864335e-01
64 -4.749891e-02 -3.752559e-02 3.031597e-04 2.759900e-04 -9.886649e+01 -9.886881e+01 -4.665617e-02 -6.791465e-02
65 -4.430580e-02 1.619968e-01 9.349602e-04 -2.285152e-03 -9.612564e+01 -9.592261e+01 -4.153537e-02 -9.625210e-02
66 -3.980953e-02 -3.409335e-01 2.143804e-03 1.757010e-02 -9.033066e+01 -9.082814e+01 -3.281312e-02 -2.551901e-01
67 -4.150434e-02 -2.721384e-01 3.334983e-03 2.201057e-02 -8.800726e+01 -8.842866e+01 -3.393738e-02 -2.602510e-01
68 -3.591266e-02 2.770454e-01 5.937288e-03 -2.062733e-02 -7.337465e+01 -7.324623e+01 -1.455286e-02 -9.621047e-02
69 -4.998369e-02 -5.155138e-01 1.548918e-02 1.356060e-01 -5.665352e+01 -5.715766e+01 -9.732012e-03 -6.208176e-01
70 -4.296188e-02 -1.754977e-02 1.484296e-02 5.020435e-02 -5.353465e+01 -5.365349e+01 -4.527618e-03 -1.004536e-01
71 -4.634015e-02 2.126618e-01 1.864020e-02 3.550630e-02 -4.787251e+01 -4.793701e+01 -4.171693e-03 -1.681327e-01
72 -3.922979e-02 -4.342647e-02 1.386444e-02 8.457164e-02 -5.427502e+01 -5.450749e+01 -9.171556e-04 -2.763000e-01
73 -4.589011e-02 2.954985e-01 1.887703e-02 4.661610e-02 -4.486643e+01 -4.506356e+01 -2.080576e-03 -5.148776e-01
74 -1.230032e-01 -2.343613e+00 8.737777e-03 3.740699e-02 -7.180846e+01 -7.221925e+01 -7.402261e-02 -1.302096e-01
75 -5.371844e-02 2.754315e-01 3.237093e-04 -1.519234e-03 -9.864765e+01 -9.808535e+01 -5.308247e-02 1.502223e-01
76 -4.682815e-02 3.902666e-02 2.223978e-04 -1.768599e-04 -9.907963e+01 -9.891626e+01 -4.646036e-02 2.832589e-02
77 -5.335041e-02 -1.896644e-01 7.422288e-05 2.641391e-04 -9.977596e+01 -1.000486e+02 -5.314667e-02 -1.900760e-01
78 -5.698382e-02 -4.791286e-01 1.866044e-05 1.571306e-04 -1.000174e+02 -1.008638e+02 -5.693833e-02 -4.828890e-01
79 -3.934147e-02 5.565285e-02 1.365116e-05 -1.927864e-05 -1.000133e+02 -9.982381e+01 -3.930419e-02 5.503922e-02
80 -4.074539e-02 -1.581003e-01 2.854814e-05 1.105839e-04 -9.994357e+01 -1.001768e+02 -4.064106e-02 -1.560989e-01
81 -3.955093e-02 -3.498678e-01 4.845093e-05 4.281317e-04 -9.982418e+01 -1.004418e+02 -3.941188e-02 -3.463800e-01
82 -4.028528e-02 5.321621e-01 7.096296e-05 -9.242309e-04 -9.974782e+01 -9.863598e+01 -4.012696e-02 4.861732e-01
83 -5.140368e-02 9.126086e-01 2.401239e-04 -4.103223e-03 -9.897806e+01 -9.719990e+01 -5.087223e-02 7.143740e-01
84 -2.688602e-02 1.579429e-01 4.399383e-04 -2.426566e-03 -9.660865e+01 -9.628462e+01 -2.617120e-02 1.028065e-01
85 -4.969494e-02 5.398234e-03 1.593291e-03 -4.443857e-04 -9.186050e+01 -9.173322e+01 -4.632362e-02 1.557290e-02
86 -4.157491e-02 9.988716e-02 1.271029e-03 -2.351450e-03 -9.126538e+01 -9.108963e+01 -3.665357e-02 -4.131232e-02
87 -4.876514e-02 1.707076e-01 2.099433e-03 -5.685276e-03 -8.759167e+01 -8.733880e+01 -3.997045e-02 -5.653970e-02
88 -3.670556e-02 -6.728891e-02 1.726971e-03 2.952424e-03 -8.811080e+01 -8.814312e+01 -2.831386e-02 -9.801382e-03
89 -6.308910e-02 2.631349e-01 1.624000e-03 -5.965834e-03 -9.404360e+01 -9.354408e+01 -5.715516e-02 8.007184e-02
90 -5.750330e-02 3.694667e-01 2.020607e-04 -1.267140e-03 -9.927061e+01 -9.845827e+01 -5.682585e-02 3.148785e-01
91 -4.580812e-02 -2.352138e-01 2.487709e-05 1.276831e-04 -9.996492e+01 -1.003429e+02 -4.573960e-02 -2.342618e-01
92 -5.447222e-02 2.485449e-01 1.929647e-05 -8.770882e-05 -9.999377e+01 -9.939204e+01 -5.442605e-02 2.426700e-01
93 -4.994034e-02 3.157619e-03 7.779600e-06 -4.925553e-07 -1.000565e+02 -9.995029e+01 -4.991119e-02 3.180920e-03
94 -5.070685e-02 -7.143705e-02 2.964357e-06 4.173462e-06 -1.000785e+02 -1.001198e+02 -5.069891e-02 -7.113869e-02
95 -5.167950e-02 -1.642059e-01 1.292595e-06 4.107298e-06 -1.000962e+02 -1.003213e+02 -5.167613e-02 -1.642482e-01
96 -4.659395e-02 -2.398606e-01 2.295781e-06 1.182004e-05 -1.000827e+02 -1.004693e+02 -4.658638e-02 -2.400177e-01
97 -4.543464e-02 6.694097e-03 4.471257e-06 -6.443786e-07 -1.000781e+02 -9.997449e+01 -4.542543e-02 5.816812e-03
98 -4.252923e-02 6.033932e-02 1.306580e-05 -1.842958e-05 -1.000336e+02 -9.982938e+01 -4.248941e-02 5.818426e-02
99 -3.680296e-02 7.921151e-02 3.989911e-05 -8.483088e-05 -9.986892e+01 -9.964120e+01 -3.669535e-02 7.322847e-02
100 -3.111066e-02 -2.535838e-01 8.747494e-05 7.138484e-04 -9.961958e+01 -1.000635e+02 -3.085714e-02 -2.533180e-01
101 -4.457607e-02 -4.968297e-01 2.473042e-04 2.726183e-03 -9.885967e+01 -9.973219e+01 -4.381496e-02 -4.566779e-01
102 -4.161343e-02 2.868782e-01 4.068078e-04 -2.598576e-03 -9.734073e+01 -9.678375e+01 -3.944966e-02 1.602284e-01
103 -4.634125e-02 -5.367164e-01 8.875144e-04 9.493397e-03 -9.570290e+01 -9.649749e+01 -4.418994e-02 -3.109711e-01
104 -3.245807e-02 -4.681835e-01 6.112970e-04 8.454058e-03 -9.530202e+01 -9.605807e+01 -2.990999e-02 -3.279817e-01
105 -4.561552e-02 2.038131e-02 6.970729e-04 6.275552e-05 -9.626793e+01 -9.623043e+01 -4.266391e-02 -9.879911e-02
106 -4.508023e-02 8.981068e-03 1.342770e-03 3.947064e-04 -9.437966e+01 -9.435703e+01 -4.148064e-02 -9.806965e-02
107 -5.623928e-02 -8.647874e-03 1.609856e-04 2.635138e-05 -9.951435e+01 -9.942202e+01 -5.560299e-02 -1.185836e-02
108 -4.602476e-02 2.154200e-01 1.278879e-04 -5.860270e-04 -9.945395e+01 -9.895236e+01 -4.555535e-02 1.867198e-01
109 -5.721070e-02 7.980006e-02 8.292076e-05 -1.119278e-04 -9.964000e+01 -9.937731e+01 -5.685069e-02 6.469296e-02
110 -4.331301e-02 -1.373741e-01 1.420111e-04 4.506521e-04 -9.928807e+01 -9.947495e+01 -4.278332e-02 -1.360520e-01
111 -7.151615e-02 6.657447e-01 4.415649e-05 -4.091913e-04 -9.979260e+01 -9.833530e+01 -7.112974e-02 6.442873e-01
112 -8.873324e-02 5.695780e-01 4.346967e-06 -2.789829e-05 -1.000859e+02 -9.877051e+01 -8.869453e-02 5.687345e-01
113 -5.240858e-02 6.539861e-02 1.262789e-06 -1.574876e-06 -1.000942e+02 -9.985871e+01 -5.240449e-02 6.516641e-02
114 -3.638818e-02 -1.517447e-01 6.529286e-07 2.722973e-06 -1.000846e+02 -1.003154e+02 -3.638588e-02 -1.517848e-01
115 -3.678219e-02 -4.016445e-01 1.620072e-06 1.768976e-05 -1.000816e+02 -1.008112e+02 -3.677684e-02 -4.014929e-01
116 -5.119244e-02 -6.469442e-01 7.824646e-06 9.881658e-05 -1.000641e+02 -1.012534e+02 -5.116271e-02 -6.439288e-01
117 -5.152002e-02 2.449454e-01 2.719432e-05 -1.287058e-04 -9.995732e+01 -9.936967e+01 -5.140725e-02 2.378007e-01
118 -4.998280e-02 1.306884e-01 5.326809e-05 -1.355891e-04 -9.981227e+01 -9.946566e+01 -4.979728e-02 1.096804e-01
