0 -6.924403e-02 -5.829414e-03 2.353133e-02 9.201440e-01 -6.845725e+00 -7.190616e+00 1.213483e-02 -6.887905e+00
1 -2.971549e-02 -3.983886e-01 3.329102e-01 9.696236e+01 -1.864915e-02 -1.880280e-02 6.321039e-01 9.997870e+01
2 3.797220e-02 -6.686016e-02 3.947116e-01 1.436116e+01 -1.602672e-01 -1.619668e-01 7.374521e-01 4.751822e+01
3 -2.495475e-01 9.253839e-01 2.258729e-01 -4.715104e+00 -1.709806e+00 -1.746513e+00 3.449792e-01 5.285815e+00
4 -6.490964e-02 3.398963e-01 1.615532e-01 1.119637e+00 -5.434431e+00 -5.530843e+00 2.373235e-01 2.644236e+00
5 -7.163042e-02 1.859802e-01 9.975914e-02 9.620695e-01 -1.442393e+01 -1.471806e+01 1.246609e-01 7.156209e-01
6 -5.654410e-02 -4.186718e-01 3.259530e-02 1.047772e-01 -3.330776e+01 -3.339112e+01 1.193933e-02 1.738517e-01
7 -6.352725e-02 8.320042e-01 1.382021e-02 2.427550e-02 -5.263401e+01 -5.277467e+01 -2.287936e-02 -2.113712e-01
8 -7.006948e-02 -1.004200e+00 6.441231e-03 5.394408e-02 -6.675285e+01 -6.724520e+01 -4.500001e-02 1.313610e-01
9 -7.074336e-02 -2.884289e-01 3.201126e-03 -2.636936e-04 -8.325891e+01 -8.285153e+01 -6.279607e-02 2.801945e-01
10 -5.891963e-02 7.467182e-01 2.479961e-03 -2.040910e-02 -8.524893e+01 -8.458264e+01 -5.082587e-02 -1.066336e-01
11 -4.795114e-02 -6.455001e-01 4.106996e-03 3.854246e-02 -7.445494e+01 -7.490589e+01 -2.737698e-02 -1.118702e-01
12 -5.499277e-02 -4.398641e-01 2.274847e-02 -8.639686e-02 -3.246439e+01 -3.223875e+01 3.668614e-03 1.086491e-02
13 -5.150216e-02 2.537259e-01 7.583514e-02 2.402636e+00 -9.893559e+00 -1.040354e+01 9.256082e-02 1.932080e+00
14 -4.555058e-02 -4.346563e-02 1.295162e-01 1.130020e+01 -3.059041e+00 -3.296257e+00 1.859197e-01 3.165026e+01
15 -6.069420e-02 3.341651e-01 6.918217e-02 6.171058e-01 -9.806009e+00 -9.861821e+00 6.333040e-02 7.285970e-01
16 -4.460339e-02 -5.326982e-01 7.487221e-02 7.081687e+00 -5.198348e+00 -5.711646e+00 8.658667e-02 1.585307e+01
17 -5.418741e-02 1.995265e-01 1.406546e-01 8.041071e-01 -4.381121e+00 -4.437042e+00 2.053949e-01 3.476245e+00
18 -5.571080e-02 7.750860e-02 5.190249e-02 2.424081e-01 -1.924969e+01 -1.939669e+01 4.460072e-02 -2.364841e-01
19 -5.058635e-02 1.835392e+00 2.405300e-02 1.665679e-03 -3.513739e+01 -3.514251e+01 -9.121497e-03 -2.314059e-01
20 -1.212716e-01 2.077289e+00 1.885730e-02 1.416424e-03 -4.910834e+01 -4.894708e+01 -2.990745e-02 1.955724e-01
21 -6.746589e-02 6.566114e-01 6.243142e-03 3.880000e-02 -6.982131e+01 -7.013873e+01 -4.368401e-02 3.743396e-02
22 -6.359573e-02 2.225996e-01 3.008045e-03 8.562757e-04 -8.964245e+01 -8.974789e+01 -5.613176e-02 -2.282570e-01
23 -6.820326e-02 7.569771e-02 8.544080e-04 -7.159137e-04 -9.574824e+01 -9.552890e+01 -6.549141e-02 2.471669e-02
24 -6.474715e-02 3.742875e-01 1.511654e-04 2.381688e-03 -8.998303e+01 -9.371013e+01 -6.507846e-02 -4.320246e+00
25 -1.009503e-01 -7.399031e-01 1.697614e-04 2.504704e-03 -9.394816e+01 -9.790263e+01 -1.084229e-01 -4.054170e+00
26 -4.845600e-02 4.283747e-01 1.517476e-05 -1.336798e-04 -1.000187e+02 -9.907178e+01 -4.840179e-02 4.188925e-01
27 -6.020290e-02 4.148780e-01 7.907220e-05 -4.815324e-04 -9.936753e+01 -9.860881e+01 -6.020121e-02 1.467945e-01
28 -5.812661e-02 5.708696e-01 7.567467e-04 -5.910411e-03 -9.550823e+01 -9.470962e+01 -5.422987e-02 6.310637e-02
29 -4.314273e-02 -5.273617e-01 4.131539e-03 3.170928e-02 -7.918401e+01 -7.951022e+01 -2.632163e-02 -1.097051e-01
30 -4.393672e-02 -3.026264e-01 5.812638e-03 2.387034e-02 -7.654486e+01 -7.664115e+01 -2.191680e-02 4.832253e-02
31 -4.942566e-02 -3.001904e-01 5.160813e-03 3.368613e-02 -8.120410e+01 -8.166768e+01 -3.266919e-02 -2.757249e-01
32 -4.296823e-02 1.880979e-01 1.042946e-02 6.601158e-02 -6.408314e+01 -6.442553e+01 -1.247972e-02 -1.334737e-01
33 -4.369615e-02 3.939078e-03 2.189495e-02 1.278533e-02 -4.338994e+01 -4.344010e+01 6.659345e-03 -3.016833e-01
34 -4.416017e-02 -2.838408e-02 3.768952e-02 2.061519e-01 -1.809827e+01 -1.833286e+01 4.132995e-02 -1.186670e+00
35 -4.416574e-02 -3.206066e-01 9.145371e-02 3.491448e+00 -7.212924e+00 -7.532419e+00 1.246444e-01 6.344743e+00
36 -5.157888e-02 1.164461e-01 9.194535e-02 1.178304e+00 -6.483696e+00 -6.637891e+00 1.232793e-01 2.571878e+00
37 -5.547961e-02 1.169039e-01 8.183774e-02 7.907276e-01 -8.913515e+00 -9.137348e+00 9.211212e-02 -2.138102e+00
38 -4.310143e-02 1.931285e-01 1.033133e-01 7.846256e+00 -4.580409e+00 -4.910488e+00 1.475186e-01 1.844133e+01
39 -8.730224e-02 -1.608910e-01 5.715109e-02 6.617172e-01 -2.134502e+01 -2.180943e+01 5.219341e-02 -1.098007e+00
40 -5.617292e-02 1.900733e-01 7.742290e-03 -1.001717e-02 -6.861933e+01 -6.850600e+01 -2.214764e-02 -1.922040e-02
41 -8.955167e-02 -5.905637e-01 3.689175e-03 2.246188e-02 -8.814310e+01 -8.882199e+01 -5.919485e-02 -2.028383e-01
42 -5.654343e-02 1.503353e-01 9.039777e-04 -1.025359e-03 -9.438267e+01 -9.429004e+01 -5.200083e-02 -2.241284e-01
43 -5.119362e-02 -5.054363e-01 2.027572e-04 1.959803e-03 -9.883706e+01 -9.969387e+01 -5.041601e-02 -4.375658e-01
44 -6.090745e-02 1.153333e-01 8.609868e-05 -1.619468e-04 -9.961207e+01 -9.926379e+01 -6.074977e-02 1.107932e-01
45 -4.135118e-02 3.748990e-01 3.625308e-05 -3.273219e-04 -9.987377e+01 -9.904933e+01 -4.119952e-02 3.643117e-01
46 -4.378152e-02 6.088053e-02 3.323113e-05 -4.603004e-05 -9.992434e+01 -9.971630e+01 -4.367728e-02 5.933452e-02
47 -4.121353e-02 -2.392815e-02 8.599405e-05 5.445209e-05 -9.957619e+01 -9.955036e+01 -4.087411e-02 -3.632396e-02
48 -5.164930e-02 2.216235e-02 3.497477e-04 -5.473688e-05 -9.825554e+01 -9.816473e+01 -5.004292e-02 -5.506449e-02
49 -6.002600e-02 1.001574e+00 2.319715e-03 -1.443111e-02 -8.931636e+01 -8.909398e+01 -5.170605e-02 -4.090621e-01
50 -5.186922e-02 -3.094874e-01 1.223780e-02 -1.845615e-03 -5.660528e+01 -5.671257e+01 -9.620576e-03 -3.537704e-01
51 -3.555221e-02 -1.233132e+00 1.981176e-02 2.383734e-02 -3.655060e+01 -3.652838e+01 2.187808e-03 -3.898952e-02
52 1.550509e-04 2.576160e-01 2.303898e-02 1.429279e-01 -3.907739e+01 -3.944321e+01 2.744020e-03 -5.408593e-01
53 -7.809777e-02 4.729206e-01 3.347740e-02 3.751068e-01 -3.106435e+01 -3.159049e+01 2.461370e-02 -1.036376e+00
54 -6.741182e-02 -1.232404e-01 3.363579e-02 -6.959019e-03 -3.439705e+01 -3.436153e+01 2.022108e-02 -1.002929e-01
55 -5.414371e-02 5.288299e-01 1.240711e-02 -4.550590e-02 -5.731890e+01 -5.712867e+01 -2.306460e-02 -1.072798e-01
56 -5.035419e-02 -1.455160e-01 1.445813e-03 4.027965e-03 -9.254186e+01 -9.270125e+01 -4.451001e-02 -1.144206e-01
57 -6.246285e-02 3.748634e-01 3.487318e-04 -2.023749e-03 -9.813647e+01 -9.732499e+01 -6.099460e-02 2.975562e-01
58 -5.381548e-02 5.133685e-01 1.426763e-04 -1.342953e-03 -9.913030e+01 -9.803369e+01 -5.305970e-02 4.660957e-01
59 -4.823886e-02 5.297095e-02 5.518214e-05 -5.720847e-05 -9.971881e+01 -9.952882e+01 -4.802455e-02 3.525930e-02
60 -6.705122e-02 7.024366e-01 2.286788e-05 -2.386625e-04 -9.997808e+01 -9.845102e+01 -6.703136e-02 6.864253e-01
61 -5.746094e-02 1.981579e-01 6.954660e-06 -2.396282e-05 -1.000662e+02 -9.955585e+01 -5.744003e-02 1.970570e-01
62 -4.328226e-02 -1.633886e-01 8.673090e-06 3.274038e-05 -1.000473e+02 -1.002874e+02 -4.325013e-02 -1.632630e-01
63 -4.421706e-02 -1.291351e+00 3.474746e-05 1.012919e-03 -9.989620e+01 -1.023756e+02 -4.406023e-02 -1.272191e+00
64 -4.427958e-02 3.436506e-01 1.341295e-04 -1.018238e-03 -9.953070e+01 -9.878929e+01 -4.381701e-02 2.964501e-01
65 -4.818908e-02 4.499250e-02 6.518344e-04 6.759466e-05 -9.724154e+01 -9.724334e+01 -4.591572e-02 -1.932732e-01
66 -4.245132e-02 -3.734819e-01 2.180596e-03 2.098327e-02 -8.875905e+01 -8.944600e+01 -3.255480e-02 -4.414218e-01
67 -4.208890e-02 1.852332e-01 3.196475e-03 -7.343456e-03 -8.741104e+01 -8.728283e+01 -3.309139e-02 -1.404703e-01
68 -3.595279e-02 2.053471e-01 5.253115e-03 -8.807083e-03 -7.468477e+01 -7.471463e+01 -1.459716e-02 -3.089218e-01
69 -5.011737e-02 -3.103886e-01 1.695978e-02 7.418045e-02 -5.375900e+01 -5.395395e+01 -4.464117e-03 -2.657082e-01
70 -4.393939e-02 -8.901215e-01 1.794005e-02 1.775486e-01 -4.485955e+01 -4.525120e+01 3.592397e-03 -3.747992e-01
71 -4.785237e-02 -1.325708e-01 2.609065e-02 1.434624e-01 -3.733922e+01 -3.759969e+01 9.145983e-03 -5.275654e-01
72 -3.904522e-02 -2.040457e-02 1.959785e-02 1.799505e-01 -4.152186e+01 -4.189414e+01 1.069677e-02 -6.713273e-01
73 -5.375756e-02 4.624182e-02 2.399753e-02 5.716630e-02 -3.995531e+01 -4.009641e+01 8.521554e-03 -4.591798e-01
74 -1.434401e-01 2.394738e+00 5.200543e-03 -5.313605e-02 -8.438371e+01 -8.242975e+01 -6.832125e-02 1.906078e-01
75 -4.779381e-02 -3.923941e-02 3.596291e-04 3.960217e-04 -9.839828e+01 -9.843264e+01 -4.661126e-02 -1.099595e-01
76 -4.766296e-02 1.017039e-02 2.209215e-04 -3.282504e-05 -9.898518e+01 -9.888280e+01 -4.697726e-02 -7.707733e-03
77 -5.285748e-02 6.256185e-02 4.523457e-05 -5.353592e-05 -9.987851e+01 -9.964818e+01 -5.270352e-02 6.234820e-02
78 -5.330792e-02 1.988614e-01 1.035195e-05 -3.846943e-05 -1.000421e+02 -9.954108e+01 -5.327693e-02 1.941947e-01
79 -4.476565e-02 1.393416e-01 9.511581e-06 -2.954519e-05 -1.000416e+02 -9.967474e+01 -4.473094e-02 1.375046e-01
80 -4.048005e-02 1.719601e-01 2.551478e-05 -1.080139e-04 -9.994648e+01 -9.952470e+01 -4.034869e-02 1.678745e-01
81 -4.192391e-02 3.074923e-03 6.115630e-05 -1.615203e-06 -9.974522e+01 -9.966337e+01 -4.166997e-02 -8.587916e-03
82 -3.627164e-02 -4.701648e-02 7.166024e-05 9.394559e-05 -9.965286e+01 -9.967638e+01 -3.596942e-02 -4.981174e-02
83 -4.540268e-02 4.344673e-01 1.540156e-04 -1.443573e-03 -9.932855e+01 -9.841120e+01 -4.489156e-02 3.776537e-01
84 -2.198251e-02 -1.840179e-01 2.734248e-04 2.257739e-03 -9.742710e+01 -9.773699e+01 -2.194666e-02 -1.687621e-01
85 -5.171651e-02 -4.137309e-01 1.952299e-03 1.443247e-02 -9.001344e+01 -9.057347e+01 -4.576771e-02 -2.599223e-01
86 -4.235061e-02 2.787652e-01 1.967646e-03 -8.592402e-03 -8.639175e+01 -8.614433e+01 -3.229151e-02 -1.764873e-01
87 -5.204946e-02 -2.139316e-01 3.136849e-03 1.498505e-02 -8.160897e+01 -8.197862e+01 -3.720061e-02 -3.274681e-01
88 -3.827433e-02 3.745146e-02 2.801227e-03 -3.215651e-03 -8.271567e+01 -8.257549e+01 -2.382888e-02 4.740244e-02
89 -6.216975e-02 7.079346e-02 1.621159e-03 -1.498216e-03 -9.357230e+01 -9.337068e+01 -5.567875e-02 2.961076e-03
90 -5.890280e-02 4.697397e-02 1.525735e-04 -1.212579e-04 -9.957193e+01 -9.936210e+01 -5.829832e-02 4.558905e-02
91 -5.070259e-02 -2.408327e-01 3.246758e-05 1.540583e-04 -9.992702e+01 -1.003056e+02 -5.056618e-02 -2.387044e-01
92 -5.495575e-02 1.608999e-01 2.064908e-05 -6.028506e-05 -9.996130e+01 -9.953200e+01 -5.485423e-02 1.578707e-01
93 -5.354199e-02 6.193906e-01 6.098446e-06 -7.052569e-05 -1.000699e+02 -9.872536e+01 -5.350975e-02 6.178040e-01
94 -4.714493e-02 -3.980726e-01 1.622573e-06 1.369851e-05 -1.000800e+02 -1.007816e+02 -4.713961e-02 -3.977080e-01
95 -5.453403e-02 -1.689460e-01 1.058227e-06 3.279585e-06 -1.001030e+02 -1.003321e+02 -5.453000e-02 -1.693058e-01
96 -4.143783e-02 7.185404e-02 2.111505e-06 -3.661031e-06 -1.000696e+02 -9.984310e+01 -4.142911e-02 7.179637e-02
97 -3.881166e-02 -2.015291e-01 2.602447e-06 1.351288e-05 -1.000747e+02 -1.004001e+02 -3.880281e-02 -2.014568e-01
98 -4.113931e-02 -1.525532e-02 7.957171e-06 2.982023e-06 -1.000499e+02 -9.999879e+01 -4.111125e-02 -1.621576e-02
99 -3.934152e-02 1.515202e-02 2.638831e-05 -9.776636e-06 -9.993955e+01 -9.983304e+01 -3.923835e-02 1.167633e-02
100 -3.329886e-02 1.714197e-02 8.090042e-05 -3.223525e-05 -9.959716e+01 -9.951220e+01 -3.294256e-02 -5.766171e-03
101 -4.299061e-02 4.851363e-02 2.371980e-04 -2.467469e-04 -9.900085e+01 -9.883478e+01 -4.218000e-02 2.606816e-02
102 -3.729102e-02 4.020908e-01 3.860737e-04 -3.962703e-03 -9.735087e+01 -9.657564e+01 -3.494549e-02 2.744850e-01
103 -4.652330e-02 -3.254058e-01 1.214170e-03 8.072630e-03 -9.398597e+01 -9.445864e+01 -4.270760e-02 -2.430665e-01
104 -3.214406e-02 -5.344926e-02 9.445725e-04 6.794493e-04 -9.280001e+01 -9.273581e+01 -2.697908e-02 8.321318e-02
105 -4.251769e-02 -2.182891e-01 1.102716e-03 5.491324e-03 -9.301382e+01 -9.331374e+01 -3.706589e-02 -1.570385e-01
106 -5.227484e-02 6.025386e-02 2.158279e-03 -2.009427e-03 -9.154141e+01 -9.137901e+01 -4.475379e-02 -1.464460e-02
107 -5.496728e-02 6.107497e-02 1.847858e-04 -2.034934e-04 -9.939574e+01 -9.916771e+01 -5.423405e-02 5.683474e-02
108 -4.257643e-02 -1.098299e-01 1.879643e-04 4.957086e-04 -9.908671e+01 -9.922929e+01 -4.172553e-02 -1.218782e-01
109 -5.642856e-02 -5.079219e-01 1.449023e-04 1.296236e-03 -9.924338e+01 -1.001256e+02 -5.561380e-02 -4.814652e-01
110 -4.148520e-02 -2.768069e-04 2.079653e-04 4.443690e-06 -9.889446e+01 -9.881553e+01 -4.053954e-02 -3.732222e-03
111 -6.831563e-02 -7.020359e-01 3.919988e-05 4.016925e-04 -9.980994e+01 -1.010652e+02 -6.796141e-02 -6.865910e-01
112 -8.260950e-02 3.032086e-01 5.280366e-06 -1.938012e-05 -1.000766e+02 -9.930551e+01 -8.256348e-02 3.029600e-01
113 -5.356147e-02 -2.262790e-02 1.226257e-06 5.176145e-07 -1.000948e+02 -1.000329e+02 -5.355676e-02 -2.251157e-02
114 -3.360154e-02 -2.503866e-02 5.328253e-07 3.972570e-07 -1.000854e+02 -1.000684e+02 -3.359908e-02 -2.511813e-02
115 -3.506795e-02 -3.769945e-02 1.808948e-06 1.944884e-06 -1.000779e+02 -1.000832e+02 -3.506002e-02 -3.771328e-02
116 -4.538584e-02 9.144044e-02 5.304613e-06 -1.066810e-05 -1.000689e+02 -9.979594e+01 -4.536401e-02 9.040855e-02
117 -5.013432e-02 -4.054760e-02 2.161480e-05 1.771944e-05 -9.998025e+01 -9.996330e+01 -5.003010e-02 -4.374353e-02
118 -5.030315e-02 5.398082e-02 6.647710e-05 -7.182346e-05 -9.972547e+01 -9.951629e+01 -4.997374e-02 5.578472e-02
