0 -6.856380e-02 -2.463412e-01 2.311049e-02 1.409291e+00 -5.922172e+00 -6.708244e+00 2.161144e-02 -1.261310e+01
1 -2.543195e-02 -1.387379e-01 4.339143e-01 9.884172e+01 -2.355543e-03 -2.358384e-03 8.439018e-01 9.999733e+01
2 2.731839e-02 -1.529895e-01 4.594966e-01 1.576567e+01 -6.803394e-02 -6.830528e-02 8.488244e-01 4.711424e+01
3 -2.642443e-01 1.277925e+00 2.370783e-01 -7.327679e+00 -1.673853e+00 -1.658616e+00 3.593825e-01 -5.097963e+00
4 -6.366824e-02 -1.940845e+00 1.320693e-01 -1.136825e-01 -7.297925e+00 -7.334943e+00 1.881741e-01 -4.462023e-01
5 -6.917009e-02 -4.246086e-01 7.722019e-02 1.789018e-01 -1.878131e+01 -1.881639e+01 8.327366e-02 -9.376169e-02
6 -5.763697e-02 1.733253e-01 2.451465e-02 4.091644e-02 -3.751317e+01 -3.761278e+01 2.917637e-04 -1.664791e-01
7 -6.585807e-02 1.344027e+00 1.085393e-02 1.500447e-02 -5.896469e+01 -5.903143e+01 -3.121175e-02 -9.875706e-02
8 -6.928740e-02 -1.572187e+00 3.910063e-03 4.821050e-02 -7.447730e+01 -7.530689e+01 -5.360929e-02 -6.171495e-02
9 -6.854839e-02 -2.826818e-01 1.636193e-03 4.457352e-03 -9.098560e+01 -9.107522e+01 -6.603023e-02 8.180641e-02
10 -5.865931e-02 6.957901e-01 1.648622e-03 -1.554260e-02 -8.863480e+01 -8.772581e+01 -5.125146e-02 9.775250e-02
11 -5.057490e-02 -5.023367e-01 3.000503e-03 1.798117e-02 -7.663143e+01 -7.689405e+01 -3.172414e-02 -7.117318e-02
12 -5.375890e-02 1.528212e-02 1.753135e-02 4.480789e-03 -3.693292e+01 -3.679568e+01 -8.755613e-04 3.497893e-01
13 -5.216553e-02 7.512873e-02 6.867792e-02 1.304649e+00 -1.123794e+01 -1.153557e+01 7.956087e-02 3.001097e-01
14 -4.582338e-02 -4.506014e-02 1.347630e-01 9.147726e+00 -2.772604e+00 -2.961277e+00 1.903010e-01 2.773007e+01
15 -6.041982e-02 -7.855929e-02 6.993350e-02 -1.466693e+00 -8.588837e+00 -8.334883e+00 6.326724e-02 -1.935758e+00
16 -4.296153e-02 -1.266699e-01 8.709759e-02 9.575197e+00 -3.434960e+00 -3.722520e+00 1.148640e-01 2.864420e+01
17 -5.457977e-02 7.701403e-03 1.580573e-01 4.440368e+00 -3.595317e+00 -3.740697e+00 2.345137e-01 1.259998e+01
18 -5.736503e-02 -8.371473e-02 5.082049e-02 1.395115e-01 -1.936469e+01 -1.943693e+01 4.158225e-02 -1.620399e-01
19 -5.231250e-02 1.330013e+00 2.260964e-02 1.103643e-01 -3.482538e+01 -3.494392e+01 -1.384441e-02 -4.254391e-02
20 -1.332197e-01 1.864969e+00 1.739209e-02 1.061300e-02 -4.899874e+01 -4.909501e+01 -3.199475e-02 -2.887206e-01
21 -6.869532e-02 1.314550e+00 4.920887e-03 1.963553e-02 -7.222763e+01 -7.234632e+01 -4.859797e-02 9.292452e-02
22 -6.532259e-02 2.670083e-01 1.942461e-03 -2.918965e-03 -9.291318e+01 -9.279196e+01 -6.105808e-02 -1.980159e-01
23 -7.004316e-02 -5.119321e-01 4.385893e-04 3.208088e-03 -9.765667e+01 -9.852053e+01 -6.833074e-02 -4.852255e-01
24 -6.557497e-02 -1.062142e+00 6.294412e-05 1.337402e-03 -9.717077e+01 -1.003850e+02 -6.632093e-02 -2.727053e+00
25 -9.350114e-02 -1.444484e+00 6.613097e-05 1.165392e-03 -9.800280e+01 -1.014773e+02 -9.594428e-02 -2.554613e+00
26 -5.211899e-02 2.311837e-01 9.072675e-06 -4.016800e-05 -1.000498e+02 -9.948526e+01 -5.208055e-02 2.284142e-01
27 -5.979609e-02 1.479028e+00 4.477989e-05 -1.084166e-03 -9.969046e+01 -9.674798e+01 -5.950909e-02 1.289746e+00
28 -6.116921e-02 1.633022e-01 5.315163e-04 -8.672119e-04 -9.642444e+01 -9.621467e+01 -5.766128e-02 -1.085478e-01
29 -4.447796e-02 -5.807677e-01 4.062192e-03 2.870459e-02 -7.837238e+01 -7.858947e+01 -2.466232e-02 3.691849e-02
30 -4.292998e-02 -4.266506e-01 6.242781e-03 4.832623e-02 -7.339055e+01 -7.371710e+01 -1.804804e-02 -5.302104e-02
31 -4.584459e-02 -1.310859e-02 4.385736e-03 7.293148e-03 -8.139172e+01 -8.154015e+01 -3.018062e-02 -3.220669e-01
32 -4.206766e-02 2.508085e-01 9.630516e-03 2.104185e-02 -6.587307e+01 -6.607622e+01 -1.254761e-02 -2.867679e-01
33 -4.511515e-02 2.594448e-01 1.890335e-02 -2.300570e-03 -4.758664e+01 -4.761520e+01 1.482216e-03 -2.269739e-01
34 -4.212996e-02 -3.167196e-01 3.390710e-02 3.718082e-01 -1.985308e+01 -2.006850e+01 3.601444e-02 -4.805499e-01
35 -4.387024e-02 -5.838336e-02 9.582561e-02 2.564639e+00 -6.336660e+00 -6.576359e+00 1.303026e-01 5.233499e+00
36 -5.092407e-02 2.820452e-01 1.010704e-01 3.613603e+00 -5.240937e+00 -5.458941e+00 1.456181e-01 9.583619e+00
37 -5.456606e-02 -6.233665e-01 8.765017e-02 -3.842552e-01 -6.910766e+00 -7.012453e+00 1.000572e-01 -2.704020e+00
38 -4.558195e-02 6.474249e-02 1.115866e-01 8.756956e+00 -3.505542e+00 -3.800117e+00 1.561647e-01 2.355914e+01
39 -9.204530e-02 -1.552725e-02 5.283071e-02 4.397749e-01 -2.291675e+01 -2.339334e+01 4.500576e-02 -1.517680e+00
40 -5.318353e-02 5.134795e-01 6.084618e-03 -3.506728e-02 -7.137020e+01 -7.106164e+01 -2.610533e-02 -2.118217e-01
41 -9.328447e-02 -5.284478e-01 3.614247e-03 1.887563e-02 -8.853607e+01 -8.912120e+01 -6.050632e-02 -1.958623e-01
42 -5.581603e-02 2.525524e-01 6.996648e-04 -2.591418e-03 -9.523768e+01 -9.481261e+01 -5.175119e-02 3.257195e-02
43 -5.550061e-02 -6.175187e-02 1.415008e-04 1.740885e-04 -9.915127e+01 -9.918915e+01 -5.490172e-02 -9.790404e-02
44 -5.581325e-02 6.104348e-01 5.907131e-05 -6.392600e-04 -9.973615e+01 -9.843347e+01 -5.558617e-02 5.701273e-01
45 -4.661056e-02 2.288895e-01 3.999785e-05 -1.955564e-04 -9.985674e+01 -9.931115e+01 -4.641467e-02 2.219745e-01
46 -3.738955e-02 -3.033065e-01 2.209923e-05 1.789549e-04 -9.995948e+01 -1.004885e+02 -3.730852e-02 -2.994609e-01
47 -3.849345e-02 -8.645217e-03 6.069027e-05 1.445003e-05 -9.970756e+01 -9.965017e+01 -3.821999e-02 -1.159667e-02
48 -4.774747e-02 -1.259721e-01 2.438902e-04 6.531972e-04 -9.864728e+01 -9.880855e+01 -4.638972e-02 -1.333635e-01
49 -5.804500e-02 2.330447e-01 1.577450e-03 1.491511e-03 -9.235600e+01 -9.266735e+01 -5.152369e-02 -5.119146e-01
50 -5.253483e-02 -8.830695e-01 1.065542e-02 4.283376e-02 -5.880812e+01 -5.898184e+01 -1.262776e-02 -1.765382e-01
51 -3.512057e-02 -6.920728e-01 2.207032e-02 1.754302e-01 -3.462509e+01 -3.497318e+01 6.125575e-03 -6.860286e-01
52 -3.262488e-03 3.223047e-01 2.553048e-02 1.803696e-01 -3.460195e+01 -3.496297e+01 8.004610e-03 -6.429938e-01
53 -7.472061e-02 1.153178e-01 3.461985e-02 1.597205e-01 -2.743512e+01 -2.762717e+01 2.692173e-02 -6.959885e-01
54 -6.883540e-02 -1.773781e-01 3.534892e-02 2.830565e-02 -3.220261e+01 -3.219080e+01 2.355222e-02 9.773426e-02
55 -5.737309e-02 -4.022096e-01 1.140444e-02 5.666295e-02 -5.922785e+01 -5.947777e+01 -2.593017e-02 -2.039104e-01
56 -4.783137e-02 2.510750e-01 1.014424e-03 -4.920042e-03 -9.459549e+01 -9.410254e+01 -4.318722e-02 1.318689e-01
57 -6.318566e-02 -1.343783e-01 3.270442e-04 6.843008e-04 -9.816434e+01 -9.829562e+01 -6.162142e-02 -1.180473e-01
58 -5.539179e-02 1.809343e-01 1.279202e-04 -4.144336e-04 -9.921530e+01 -9.875290e+01 -5.457364e-02 1.696853e-01
59 -4.948445e-02 -8.422794e-02 4.282378e-05 7.363720e-05 -9.981989e+01 -9.989261e+01 -4.930159e-02 -8.896401e-02
60 -6.384510e-02 3.166377e-01 1.436559e-05 -7.100621e-05 -1.000292e+02 -9.927298e+01 -6.382280e-02 3.101721e-01
61 -5.416708e-02 -5.786483e-01 4.141291e-06 4.423323e-05 -1.000748e+02 -1.011232e+02 -5.415418e-02 -5.779796e-01
62 -4.098654e-02 -1.792192e-01 5.530091e-06 2.418114e-05 -1.000565e+02 -1.003328e+02 -4.096564e-02 -1.791310e-01
63 -3.880415e-02 -2.062908e-01 1.916763e-05 1.017839e-04 -9.997927e+01 -1.003129e+02 -3.871237e-02 -2.043524e-01
64 -4.135063e-02 1.929259e-01 8.754924e-05 -4.029499e-04 -9.968361e+01 -9.922767e+01 -4.099362e-02 1.759050e-01
65 -4.864254e-02 -2.072495e-01 5.265197e-04 2.486288e-03 -9.775619e+01 -9.814709e+01 -4.660436e-02 -3.013859e-01
66 -4.312407e-02 -1.479270e-01 2.169577e-03 1.011551e-02 -8.805596e+01 -8.840197e+01 -3.194139e-02 -3.274898e-01
67 -4.412112e-02 1.036783e-01 3.512290e-03 -4.381306e-03 -8.582094e+01 -8.570895e+01 -3.338466e-02 -5.930719e-02
68 -3.580537e-02 -2.664482e-01 5.012241e-03 3.662006e-02 -7.456882e+01 -7.485322e+01 -1.453525e-02 -9.522761e-02
69 -4.963656e-02 -4.641619e-01 1.701663e-02 9.693996e-02 -5.373168e+01 -5.397131e+01 -3.195597e-03 -2.743896e-01
70 -4.329230e-02 -5.314399e-01 1.877169e-02 1.136484e-01 -4.141329e+01 -4.167088e+01 5.216720e-03 -4.190548e-01
71 -4.775478e-02 -2.623614e-01 2.927738e-02 2.016532e-01 -3.325730e+01 -3.350495e+01 1.579455e-02 -4.092655e-01
72 -3.838049e-02 -3.069458e-01 2.233868e-02 2.805810e-01 -3.605159e+01 -3.642625e+01 1.581154e-02 -7.628391e-01
73 -5.861629e-02 -1.991849e-01 2.608101e-02 1.281510e-01 -3.848931e+01 -3.870560e+01 1.227208e-02 -3.971608e-01
74 -1.346896e-01 -4.893206e-01 3.879172e-03 1.381801e-02 -9.071003e+01 -9.119900e+01 -6.562131e-02 -1.816331e-01
75 -4.454921e-02 2.450906e-01 3.637785e-04 -1.947796e-03 -9.830519e+01 -9.776202e+01 -4.325598e-02 2.009242e-01
76 -4.855374e-02 -3.406491e-01 2.113401e-04 1.467104e-03 -9.898663e+01 -9.955033e+01 -4.776082e-02 -3.143793e-01
77 -5.293490e-02 -3.622301e-01 3.396364e-05 2.318185e-04 -9.992570e+01 -1.005395e+02 -5.279843e-02 -3.557789e-01
78 -5.363019e-02 -1.795706e-01 7.913148e-06 2.648787e-05 -1.000476e+02 -1.002991e+02 -5.360279e-02 -1.791615e-01
79 -4.812960e-02 -2.493986e-02 7.590322e-06 3.937475e-06 -1.000552e+02 -1.000089e+02 -4.809948e-02 -2.508660e-02
80 -4.032573e-02 -2.444117e-02 2.401102e-05 1.445471e-05 -9.994931e+01 -9.991695e+01 -4.018189e-02 -2.337841e-02
81 -4.262443e-02 5.043638e-01 6.667214e-05 -7.838122e-04 -9.971220e+01 -9.863579e+01 -4.232249e-02 4.815162e-01
82 -3.841360e-02 -3.199714e-01 8.563462e-05 7.099968e-04 -9.956781e+01 -1.001217e+02 -3.801413e-02 -3.079666e-01
83 -4.597539e-02 -4.607365e-01 1.521013e-04 1.499273e-03 -9.929618e+01 -1.000889e+02 -4.531847e-02 -4.114118e-01
84 -1.971155e-02 4.734451e-01 2.073893e-04 -4.708659e-03 -9.786375e+01 -9.698330e+01 -2.000135e-02 3.365102e-01
85 -5.251904e-02 6.495038e-02 2.026894e-03 -2.276642e-03 -8.959502e+01 -8.940462e+01 -4.551374e-02 1.993670e-02
86 -4.144089e-02 1.413057e-01 2.331045e-03 -4.693090e-03 -8.408315e+01 -8.395753e+01 -2.922723e-02 -1.108180e-01
87 -5.262456e-02 -7.747481e-01 3.696828e-03 4.560511e-02 -7.853044e+01 -7.929655e+01 -3.505871e-02 -1.158719e-01
88 -4.040168e-02 1.307876e-01 3.554639e-03 -4.772307e-03 -8.018517e+01 -8.013626e+01 -2.301634e-02 -1.817436e-01
89 -6.118294e-02 3.962077e-02 1.512941e-03 -8.200221e-04 -9.371095e+01 -9.354345e+01 -5.488669e-02 1.514836e-02
90 -5.824686e-02 -3.483481e-01 1.367424e-04 8.122482e-04 -9.964539e+01 -1.002130e+02 -5.767612e-02 -3.309987e-01
91 -5.209931e-02 -3.590159e-01 3.600861e-05 2.469337e-04 -9.990295e+01 -1.005086e+02 -5.193188e-02 -3.475192e-01
92 -5.527179e-02 2.099011e-01 2.033258e-05 -7.716143e-05 -9.995056e+01 -9.942163e+01 -5.514382e-02 2.085058e-01
93 -5.540825e-02 2.132250e-01 4.964338e-06 -1.907910e-05 -1.000788e+02 -9.954278e+01 -5.537920e-02 2.114461e-01
94 -4.479480e-02 -1.817402e-01 1.100903e-06 4.466184e-06 -1.000795e+02 -1.003533e+02 -4.479109e-02 -1.816358e-01
95 -5.572544e-02 -3.049745e-01 9.434700e-07 5.163355e-06 -1.001062e+02 -1.006046e+02 -5.572108e-02 -3.049248e-01
96 -4.138474e-02 -1.136927e-01 2.223877e-06 6.110482e-06 -1.000676e+02 -1.002123e+02 -4.137324e-02 -1.137744e-01
97 -3.732228e-02 -7.399424e-02 2.271988e-06 4.505419e-06 -1.000730e+02 -1.001464e+02 -3.731200e-02 -7.407539e-02
98 -4.300719e-02 -2.460733e-01 7.106793e-06 4.063619e-05 -1.000554e+02 -1.004607e+02 -4.297888e-02 -2.449482e-01
99 -4.104379e-02 -3.799913e-03 2.100878e-05 2.523283e-06 -9.997118e+01 -9.990129e+01 -4.094856e-02 -1.051890e-02
100 -3.436079e-02 -2.211035e-01 7.629636e-05 4.953270e-04 -9.958788e+01 -9.996672e+01 -3.393731e-02 -2.298894e-01
101 -4.104569e-02 4.167111e-02 2.292806e-04 -2.140439e-04 -9.898709e+01 -9.883677e+01 -4.022878e-02 2.161410e-02
102 -3.447413e-02 -1.942702e-01 3.551361e-04 2.084590e-03 -9.751629e+01 -9.785506e+01 -3.227041e-02 -2.233699e-01
103 -4.780494e-02 2.793839e-01 1.386320e-03 -7.079839e-03 -9.333006e+01 -9.284605e+01 -4.294360e-02 7.969162e-02
104 -3.210610e-02 -1.376629e-01 1.125569e-03 4.997375e-03 -9.153070e+01 -9.173567e+01 -2.553268e-02 -1.359713e-01
105 -4.051898e-02 -4.337785e-01 1.342407e-03 1.477654e-02 -9.106078e+01 -9.181045e+01 -3.382499e-02 -4.292891e-01
106 -5.563892e-02 1.279988e-01 2.591693e-03 -4.924562e-03 -9.000002e+01 -8.974651e+01 -4.603152e-02 9.506835e-03
107 -5.308788e-02 1.071496e-01 1.886656e-04 -3.703012e-04 -9.935070e+01 -9.904462e+01 -5.235556e-02 8.804937e-02
108 -4.136137e-02 -3.054604e-01 2.195964e-04 1.624416e-03 -9.889390e+01 -9.941640e+01 -4.029386e-02 -3.005935e-01
109 -5.567968e-02 -2.159172e-01 1.840884e-04 7.144029e-04 -9.900918e+01 -9.932626e+01 -5.457227e-02 -2.119092e-01
110 -4.099755e-02 -2.447385e-02 2.409400e-04 1.519817e-04 -9.868280e+01 -9.865572e+01 -3.984897e-02 -3.187653e-02
111 -6.821728e-02 3.573681e-01 3.536381e-05 -1.850513e-04 -9.984075e+01 -9.899378e+01 -6.789854e-02 3.532169e-01
112 -7.972179e-02 -1.132694e-01 5.406642e-06 7.680734e-06 -1.000732e+02 -1.001402e+02 -7.967552e-02 -1.131092e-01
113 -5.304462e-02 -3.894470e-01 1.090585e-06 8.006225e-06 -1.000934e+02 -1.007660e+02 -5.304026e-02 -3.892036e-01
114 -3.199133e-02 -3.894046e-01 4.438025e-07 5.401983e-06 -1.000864e+02 -1.008013e+02 -3.198900e-02 -3.893431e-01
115 -3.656184e-02 -3.469341e-01 1.945584e-06 1.846062e-05 -1.000803e+02 -1.007010e+02 -3.655216e-02 -3.467317e-01
116 -4.063766e-02 -6.505866e-02 4.408931e-06 7.068375e-06 -1.000605e+02 -1.001097e+02 -4.061944e-02 -6.557736e-02
117 -4.867429e-02 -9.525503e-02 1.805102e-05 3.541651e-05 -9.999608e+01 -1.000901e+02 -4.858244e-02 -9.653358e-02
118 -5.136256e-02 -4.046833e-01 7.059242e-05 5.522471e-04 -9.970461e+01 -1.003967e+02 -5.097686e-02 -3.847204e-01
