0 -7.373824e-02 -2.123762e-02 2.330176e-02 1.532252e-01 -1.166225e+01 -1.204342e+01 1.178218e-02 -2.334067e+00
1 -4.107773e-02 -1.304647e-01 1.689174e-01 6.571186e+01 -5.032450e-01 -5.791372e-01 2.439906e-01 9.547735e+01
2 4.956210e-02 9.042596e-01 3.017224e-01 3.902987e+01 -3.722713e-01 -3.917804e-01 4.990206e-01 7.806197e+01
3 -1.923318e-01 -3.891389e-01 2.424753e-01 3.765392e+01 -1.330939e+00 -1.615321e+00 2.812054e-01 7.884421e+01
4 -6.264569e-02 -4.388709e-01 2.481564e-01 4.439048e+00 -1.788067e+00 -1.819531e+00 4.367213e-01 1.404819e+01
5 -7.229087e-02 6.635001e-01 1.716779e-01 8.294266e+00 -4.916028e+00 -5.337825e+00 2.347410e-01 2.159761e+01
6 -7.369567e-02 1.659873e+00 9.461983e-02 1.397329e-01 -1.559470e+01 -1.564830e+01 9.900041e-02 -2.487908e-01
7 -5.952916e-02 4.447151e-02 3.010569e-02 8.801084e-02 -3.640113e+01 -3.653772e+01 7.208093e-03 -3.734344e-01
8 -7.466121e-02 2.600473e+00 1.919514e-02 8.773164e-03 -4.643778e+01 -4.636814e+01 -1.983643e-02 -3.570931e-02
9 -7.891215e-02 3.141035e+00 1.408836e-02 -1.894348e-02 -5.841599e+01 -5.834342e+01 -4.132770e-02 -3.115941e-01
10 -7.115409e-02 5.658401e-01 9.605741e-03 1.765222e-02 -6.679275e+01 -6.695191e+01 -5.032086e-02 -7.121888e-02
11 -4.994679e-02 -9.746648e-02 1.479251e-02 5.028966e-02 -5.321071e+01 -5.338663e+01 -4.311611e-03 -1.813236e-01
12 -5.573992e-02 7.100397e-02 5.243004e-02 3.143407e-01 -2.252146e+01 -2.277073e+01 4.838283e-02 -8.011044e-01
13 -4.933130e-02 -7.060732e-02 8.499257e-02 1.333865e+00 -8.325458e+00 -8.552974e+00 1.026064e-01 1.602005e+00
14 -4.350333e-02 3.282487e-02 1.125660e-01 4.213911e+00 -4.124801e+00 -4.286133e+00 1.631250e-01 1.206132e+01
15 -5.933750e-02 6.244629e-02 5.963989e-02 2.474772e-01 -1.487582e+01 -1.499425e+01 5.080977e-02 -7.291061e-01
16 -3.961376e-02 -5.683598e-01 6.126659e-02 1.994484e+00 -1.241441e+01 -1.309907e+01 7.020752e-02 -3.222029e+00
17 -6.022165e-02 2.020617e-01 1.003202e-01 1.635027e+00 -9.110858e+00 -9.297816e+00 1.368785e-01 2.936162e+00
18 -5.935789e-02 2.888691e-01 6.454475e-02 6.289004e-01 -2.072335e+01 -2.117083e+01 6.715687e-02 -8.071281e-01
19 -5.155432e-02 1.741798e-01 3.008747e-02 2.154348e-01 -3.426285e+01 -3.459345e+01 7.518925e-03 -3.834755e-01
20 -8.808447e-02 2.663081e-01 2.310705e-02 9.440472e-02 -5.177299e+01 -5.215226e+01 -2.054676e-02 -3.716537e-01
21 -6.409553e-02 2.262743e+00 9.622440e-03 -1.073592e-02 -6.704934e+01 -6.720508e+01 -3.427244e-02 -3.956462e-01
22 -5.532751e-02 -1.898921e-05 7.041031e-03 2.198652e-02 -7.938257e+01 -7.961979e+01 -3.953972e-02 -1.384482e-01
23 -6.304735e-02 5.442482e-01 3.732954e-03 -1.709954e-02 -8.667757e+01 -8.631287e+01 -5.435699e-02 -1.848042e-01
24 -6.803386e-02 4.811731e+00 8.298532e-04 6.212354e-02 -6.453966e+01 -6.609431e+01 -5.015945e-02 4.811718e+00
25 -1.181407e-01 4.346600e+00 1.183476e-03 3.062214e-02 -7.102804e+01 -7.759513e+01 -1.421372e-01 1.306930e+00
26 -4.952594e-02 9.198128e-01 7.334349e-05 -1.330909e-03 -9.967068e+01 -9.781999e+01 -4.948216e-02 7.968165e-01
27 -5.983083e-02 2.307901e-02 4.162435e-04 5.440408e-04 -9.689830e+01 -9.709669e+01 -5.948668e-02 -4.063959e-01
28 -4.629109e-02 -1.470402e-01 1.685934e-03 5.373826e-03 -9.279278e+01 -9.297723e+01 -4.206546e-02 -1.103653e-01
29 -4.138118e-02 -1.526321e-02 4.725567e-03 4.279875e-03 -8.229890e+01 -8.230540e+01 -3.234482e-02 -4.187913e-02
30 -4.682925e-02 2.470460e-01 5.985562e-03 -1.078998e-02 -7.987703e+01 -7.975581e+01 -3.055163e-02 -8.969699e-02
31 -5.705997e-02 3.638149e-01 8.940620e-03 -3.459124e-03 -7.393917e+01 -7.393746e+01 -3.513195e-02 -1.710640e-01
32 -3.940263e-02 -3.862999e-01 1.629065e-02 1.028928e-01 -5.322149e+01 -5.349350e+01 -4.641642e-04 -2.331271e-01
33 -5.099166e-02 -4.755764e-01 4.095959e-02 2.952574e-01 -3.104545e+01 -3.139658e+01 3.390930e-02 -6.200384e-01
34 -4.384686e-02 4.170816e-02 4.553828e-02 2.478969e-01 -1.681923e+01 -1.692813e+01 5.131639e-02 -5.784858e-03
35 -4.706124e-02 -2.425018e-01 7.358419e-02 1.245348e+00 -1.270350e+01 -1.300928e+01 9.491907e-02 1.168973e+00
36 -5.193923e-02 -3.010261e-01 8.260096e-02 2.017059e+00 -1.038371e+01 -1.079917e+01 9.932121e-02 4.003232e-01
37 -5.454410e-02 -4.936338e-01 6.228182e-02 1.103853e+00 -1.919716e+01 -1.981698e+01 6.597883e-02 -8.293668e-01
38 -4.274830e-02 6.698563e-02 8.109590e-02 1.689628e+00 -1.070117e+01 -1.103330e+01 1.083335e-01 2.255852e+00
39 -7.164177e-02 2.583745e-01 6.377866e-02 6.843422e-01 -2.008709e+01 -2.053961e+01 6.524151e-02 -1.347905e+00
40 -6.892558e-02 4.881324e-01 1.884564e-02 -2.755767e-02 -5.405153e+01 -5.390119e+01 -1.084261e-02 -3.755249e-02
41 -7.448152e-02 -1.167958e-01 3.575095e-03 8.125938e-03 -8.892098e+01 -8.915272e+01 -5.834090e-02 -2.548471e-01
42 -5.610068e-02 -8.391226e-01 1.386671e-03 1.815897e-02 -9.298249e+01 -9.408992e+01 -5.186178e-02 -3.000030e-01
43 -3.444994e-02 8.058836e-02 3.727193e-04 -8.672573e-04 -9.747560e+01 -9.725088e+01 -3.410102e-02 7.710666e-02
44 -9.104836e-02 -2.131601e-01 3.454442e-04 8.095741e-04 -9.880283e+01 -9.904448e+01 -8.932776e-02 -2.091174e-01
45 -2.667323e-02 -1.997798e-01 4.248047e-05 3.124577e-04 -9.963393e+01 -9.996903e+01 -2.757815e-02 -1.852897e-01
46 -6.780702e-02 -1.108705e-01 1.301339e-04 2.134478e-04 -9.961559e+01 -9.970256e+01 -6.707027e-02 -1.117017e-01
47 -4.823378e-02 -1.046471e-01 2.034680e-04 4.564226e-04 -9.914031e+01 -9.926627e+01 -4.784916e-02 -1.243698e-01
48 -6.465988e-02 2.464736e-02 1.305055e-03 2.342829e-03 -9.287636e+01 -9.313531e+01 -6.348794e-02 -3.435615e-01
49 -5.789660e-02 -9.856891e-02 6.665441e-03 2.199225e-02 -7.742756e+01 -7.762761e+01 -3.785425e-02 -1.456923e-01
50 -4.873065e-02 -6.517184e-01 1.672073e-02 7.369397e-02 -5.453689e+01 -5.474671e+01 -6.007011e-03 -2.689575e-01
51 -4.347117e-02 -1.602265e-01 1.552938e-02 -7.302057e-02 -4.679921e+01 -4.663498e+01 -7.785398e-03 -1.475533e-01
52 3.704689e-03 3.702899e-01 1.412199e-02 3.991820e-02 -5.516441e+01 -5.539326e+01 -1.428072e-02 -3.466318e-01
53 -7.921458e-02 -5.161998e-01 2.858772e-02 1.432000e-01 -4.415337e+01 -4.442438e+01 1.101125e-02 -4.628110e-01
54 -5.999197e-02 4.502533e-01 2.540963e-02 -2.533523e-02 -4.441141e+01 -4.432765e+01 5.157778e-03 -9.901777e-02
55 -4.879535e-02 -7.081473e-02 1.394828e-02 4.699582e-02 -5.709781e+01 -5.727371e+01 -1.925215e-02 -2.141938e-01
56 -5.039478e-02 -2.913177e-01 3.430209e-03 1.762876e-02 -8.399669e+01 -8.431033e+01 -4.257150e-02 -1.005256e-01
57 -6.882863e-02 2.238961e-01 6.123153e-04 -1.831369e-03 -9.771589e+01 -9.721035e+01 -6.741822e-02 1.207916e-01
58 -5.509644e-02 2.233951e-01 1.716286e-04 -6.888312e-04 -9.916806e+01 -9.862443e+01 -5.454883e-02 2.081197e-01
59 -4.047214e-02 -3.764566e-01 7.889637e-05 7.322953e-04 -9.948041e+01 -1.001458e+02 -4.021947e-02 -3.692310e-01
60 -8.016276e-02 1.923436e-01 7.027996e-05 -1.661540e-04 -9.976666e+01 -9.923406e+01 -8.010628e-02 1.754982e-01
61 -5.966157e-02 -3.605883e-02 2.568523e-05 1.546100e-05 -9.997068e+01 -9.992293e+01 -5.965658e-02 -3.518265e-02
62 -5.116299e-02 1.053546e-01 3.664566e-05 -7.524894e-05 -9.993650e+01 -9.962510e+01 -5.106524e-02 1.033970e-01
63 -5.502926e-02 -6.445126e-01 1.449065e-04 1.719012e-03 -9.921438e+01 -1.004146e+02 -5.450746e-02 -6.735364e-01
64 -4.764679e-02 -8.777691e-02 4.124922e-04 7.920738e-04 -9.835655e+01 -9.844968e+01 -4.660008e-02 -1.054167e-01
65 -4.144580e-02 5.439286e-02 1.024024e-03 -4.307371e-04 -9.568493e+01 -9.563417e+01 -3.876265e-02 -1.211955e-01
66 -3.840289e-02 -1.330463e-01 2.129850e-03 8.934464e-03 -9.091918e+01 -9.118521e+01 -3.310968e-02 -2.303010e-01
67 -4.598018e-02 -1.034594e-01 3.992732e-03 1.362443e-02 -8.678493e+01 -8.704772e+01 -3.731464e-02 -2.720970e-01
68 -3.674110e-02 9.183844e-02 6.304947e-03 -1.925842e-03 -7.328675e+01 -7.326871e+01 -1.589251e-02 -9.536929e-02
69 -5.005051e-02 -4.330440e-01 1.419414e-02 1.044473e-01 -5.968931e+01 -6.011044e+01 -1.335616e-02 -5.222545e-01
70 -4.317313e-02 4.298549e-01 1.316093e-02 -8.508360e-03 -5.861437e+01 -5.868366e+01 -1.043901e-02 -3.064901e-01
71 -4.709113e-02 -6.497732e-02 1.556588e-02 3.620510e-02 -5.430968e+01 -5.441568e+01 -1.077640e-02 -1.889962e-01
72 -3.857669e-02 -9.673695e-02 1.120302e-02 8.679825e-02 -6.117553e+01 -6.155753e+01 -7.397142e-03 -3.008688e-01
73 -4.469012e-02 -7.643114e-01 1.665048e-02 1.376262e-01 -4.865753e+01 -4.900024e+01 -7.259917e-03 -3.690723e-01
74 -1.111783e-01 1.810586e-01 1.049429e-02 -7.339224e-02 -6.781164e+01 -6.730170e+01 -7.478973e-02 -3.615919e-01
75 -5.607161e-02 1.405054e-01 2.907586e-04 -6.281951e-04 -9.883435e+01 -9.851797e+01 -5.575033e-02 3.973363e-02
76 -4.677499e-02 -2.295902e-01 2.096702e-04 1.033096e-03 -9.917761e+01 -9.954465e+01 -4.659653e-02 -2.340422e-01
77 -5.243277e-02 -6.849783e-02 8.456433e-05 1.099403e-04 -9.973555e+01 -9.976626e+01 -5.225520e-02 -6.626327e-02
78 -5.691604e-02 -6.318098e-02 2.249899e-05 2.597894e-05 -9.999277e+01 -1.000154e+02 -5.689168e-02 -7.819748e-02
79 -4.093194e-02 -2.290407e-02 1.641063e-05 9.243045e-06 -1.000078e+02 -9.997235e+01 -4.089450e-02 -2.378175e-02
80 -3.957618e-02 -1.890809e-01 2.806666e-05 1.342346e-04 -9.994369e+01 -1.002431e+02 -3.949499e-02 -1.898880e-01
81 -3.837115e-02 -2.575976e-01 4.180095e-05 2.803314e-04 -9.986341e+01 -1.003000e+02 -3.827774e-02 -2.553785e-01
82 -4.643133e-02 6.994432e-01 8.415196e-05 -1.244285e-03 -9.968929e+01 -9.825191e+01 -4.639253e-02 6.238705e-01
83 -5.196711e-02 6.319284e-01 2.939184e-04 -3.415085e-03 -9.869464e+01 -9.744845e+01 -5.148713e-02 4.744654e-01
84 -3.431172e-02 -2.782673e-01 5.939940e-04 4.882760e-03 -9.640958e+01 -9.689422e+01 -3.304271e-02 -2.732739e-01
85 -5.030395e-02 -2.549146e-01 1.382808e-03 6.737383e-03 -9.315473e+01 -9.351140e+01 -4.786965e-02 -2.087817e-01
86 -4.275715e-02 -9.166930e-02 1.044969e-03 2.336637e-03 -9.336554e+01 -9.346960e+01 -3.938763e-02 -9.284697e-02
87 -5.310379e-02 1.090831e+00 1.882701e-03 -3.022776e-02 -9.005550e+01 -8.873551e+01 -4.599886e-02 8.705070e-02
88 -3.556803e-02 -1.598457e-01 1.296542e-03 6.544345e-03 -9.074663e+01 -9.102829e+01 -2.999431e-02 -1.820368e-01
89 -6.264986e-02 6.033957e-02 1.483748e-03 -8.892296e-04 -9.465298e+01 -9.450218e+01 -5.776304e-02 -5.619751e-02
90 -5.629823e-02 3.623239e-01 2.238550e-04 -1.397148e-03 -9.912646e+01 -9.833937e+01 -5.565172e-02 2.957718e-01
91 -4.544902e-02 5.035974e-02 2.241832e-05 -2.476866e-05 -9.998228e+01 -9.979143e+01 -4.539295e-02 4.942529e-02
92 -5.578236e-02 2.840378e-01 1.796968e-05 -9.124011e-05 -1.000143e+02 -9.933838e+01 -5.575215e-02 2.790779e-01
93 -4.923690e-02 2.977356e-02 7.986182e-06 -4.824386e-06 -1.000557e+02 -9.989784e+01 -4.921350e-02 2.958044e-02
94 -5.187619e-02 -4.072713e-01 3.489912e-06 2.739503e-05 -1.000775e+02 -1.007880e+02 -5.186858e-02 -4.068828e-01
95 -5.001207e-02 -1.773277e-01 1.341131e-06 4.754868e-06 -1.000923e+02 -1.003468e+02 -5.000943e-02 -1.772344e-01
96 -4.890929e-02 1.191923e-01 2.386026e-06 -5.810263e-06 -1.000877e+02 -9.975194e+01 -4.890209e-02 1.186220e-01
97 -4.896278e-02 -8.637239e-02 5.760319e-06 1.020027e-05 -1.000768e+02 -1.001529e+02 -4.895494e-02 -8.833396e-02
98 -4.087383e-02 1.180727e-01 1.521624e-05 -4.388752e-05 -1.000165e+02 -9.969958e+01 -4.083598e-02 1.168752e-01
99 -3.888088e-02 3.360586e-01 4.934459e-05 -4.244601e-04 -9.984413e+01 -9.910223e+01 -3.877065e-02 3.255433e-01
100 -3.142716e-02 -1.434269e-01 9.098384e-05 4.170916e-04 -9.962542e+01 -9.985096e+01 -3.120442e-02 -1.462555e-01
101 -4.570746e-02 -7.769339e-01 2.468328e-04 4.127325e-03 -9.881032e+01 -1.002059e+02 -4.496885e-02 -6.900957e-01
102 -4.350254e-02 7.791726e-02 3.892730e-04 -6.952236e-04 -9.759354e+01 -9.735855e+01 -4.172030e-02 7.006926e-02
103 -4.606395e-02 -3.595129e-01 7.144744e-04 5.167471e-03 -9.660675e+01 -9.711981e+01 -4.491157e-02 -2.169148e-01
104 -3.285868e-02 -2.374831e-01 4.706075e-04 3.377279e-03 -9.643390e+01 -9.682219e+01 -3.141075e-02 -2.112564e-01
105 -4.741338e-02 8.677349e-02 5.481087e-04 -7.454483e-04 -9.742006e+01 -9.724259e+01 -4.519601e-02 -3.040191e-02
106 -4.123666e-02 1.503399e-01 9.918544e-04 -3.462458e-03 -9.557938e+01 -9.523551e+01 -3.909386e-02 1.057283e-01
107 -5.573662e-02 -2.195926e-01 1.410738e-04 5.562381e-04 -9.957905e+01 -9.990551e+01 -5.519655e-02 -2.184594e-01
108 -4.799592e-02 -1.138896e-01 1.003079e-04 2.398207e-04 -9.961370e+01 -9.974831e+01 -4.770017e-02 -1.182451e-01
109 -5.655776e-02 3.679308e-04 5.964406e-05 4.223887e-06 -9.978387e+01 -9.968762e+01 -5.635827e-02 -2.493463e-02
110 -4.421828e-02 -3.780490e-02 1.101162e-04 9.404636e-05 -9.946456e+01 -9.945164e+01 -4.387641e-02 -3.719933e-02
111 -7.313877e-02 4.015359e-01 4.233033e-05 -2.303524e-04 -9.981473e+01 -9.888260e+01 -7.276086e-02 3.786218e-01
112 -9.175954e-02 2.591441e-01 3.611191e-06 -1.019607e-05 -1.000915e+02 -9.939033e+01 -9.172799e-02 2.586685e-01
113 -5.279666e-02 -1.348140e-01 1.174603e-06 2.999470e-06 -1.000963e+02 -1.002603e+02 -5.279309e-02 -1.348503e-01
114 -3.830587e-02 -2.350706e-01 6.609609e-07 4.056066e-06 -1.000863e+02 -1.004798e+02 -3.830400e-02 -2.350444e-01
115 -4.108877e-02 4.320437e-02 1.563078e-06 -1.642098e-06 -1.000899e+02 -9.992145e+01 -4.108412e-02 4.296875e-02
116 -5.428396e-02 -6.506332e-01 9.195536e-06 1.100509e-04 -1.000592e+02 -1.012475e+02 -5.424967e-02 -6.444134e-01
117 -5.198578e-02 6.614353e-02 2.758431e-05 -3.461037e-05 -9.995915e+01 -9.972686e+01 -5.189047e-02 6.056449e-02
118 -4.994645e-02 2.210237e-01 4.411826e-05 -1.931723e-04 -9.986720e+01 -9.933562e+01 -4.982448e-02 2.066065e-01
