0 -7.239588e-02 -8.881833e-02 2.310605e-02 8.483814e-01 -8.932202e+00 -9.597104e+00 1.537825e-02 5.526683e-01
1 -3.718791e-02 8.183028e-02 2.178555e-01 8.519889e+01 -1.767957e-01 -1.886676e-01 3.759170e-01 9.937974e+01
2 4.891480e-02 6.029739e-02 3.154787e-01 9.013790e+00 -3.435202e-01 -3.512279e-01 5.621662e-01 4.269025e+01
3 -2.187708e-01 -6.615794e-01 2.192990e-01 2.216504e+01 -1.664378e+00 -1.941553e+00 2.892645e-01 5.277034e+01
4 -6.459524e-02 -6.373284e-02 2.084431e-01 3.807949e+00 -3.086545e+00 -3.181561e+00 3.321417e-01 1.265026e+01
5 -7.364619e-02 5.447101e-02 1.440735e-01 1.893172e+00 -7.972649e+00 -8.219667e+00 1.946972e-01 3.339241e+00
6 -6.571992e-02 9.381422e-01 6.045435e-02 1.885242e-01 -2.424242e+01 -2.443152e+01 5.479830e-02 -9.371210e-01
7 -6.034821e-02 6.892538e-01 2.073915e-02 -1.986713e-03 -4.467118e+01 -4.463401e+01 -1.128898e-02 -6.815999e-02
8 -6.860391e-02 4.640762e-01 1.222928e-02 2.216949e-02 -5.406556e+01 -5.422222e+01 -2.694803e-02 -1.165300e-01
9 -7.486981e-02 4.458731e-01 8.344149e-03 4.768722e-02 -6.785996e+01 -6.826506e+01 -4.950139e-02 -1.154487e-01
10 -6.515708e-02 -6.691725e-01 5.446392e-03 3.704766e-02 -7.633753e+01 -7.673069e+01 -5.077797e-02 5.450702e-02
11 -4.549520e-02 -4.558523e-02 7.881704e-03 -6.449629e-03 -6.488853e+01 -6.471372e+01 -1.556405e-02 1.589292e-01
12 -5.536065e-02 -4.207806e-01 3.612242e-02 1.415780e-01 -2.669081e+01 -2.680342e+01 2.280024e-02 -5.273143e-01
13 -4.972951e-02 1.064413e-01 8.225823e-02 2.194750e+00 -8.437790e+00 -8.778218e+00 1.015362e-01 2.594129e+00
14 -4.319390e-02 7.258858e-02 1.171714e-01 4.956588e+00 -3.636222e+00 -3.771714e+00 1.794131e-01 1.445456e+01
15 -6.044317e-02 -4.207705e-01 6.469304e-02 6.171639e-01 -1.232975e+01 -1.255172e+01 5.796326e-02 -1.167566e+00
16 -4.377521e-02 -4.633707e-01 6.363637e-02 2.802095e+00 -8.620034e+00 -9.226404e+00 6.733694e-02 -8.078573e-01
17 -5.624681e-02 1.322448e-01 1.164013e-01 1.759857e+00 -6.511937e+00 -6.646026e+00 1.682744e-01 4.697458e+00
18 -5.855604e-02 3.341741e-01 6.025826e-02 9.197446e-02 -1.973199e+01 -1.979868e+01 5.844616e-02 -8.093774e-01
19 -5.105604e-02 1.022113e+00 2.727976e-02 5.993620e-03 -3.479058e+01 -3.484707e+01 6.615258e-04 -3.230682e-01
20 -1.023050e-01 8.439981e-01 2.152682e-02 4.512431e-02 -5.047737e+01 -5.049920e+01 -2.455337e-02 -2.690270e-02
21 -6.517900e-02 2.273321e+00 8.384850e-03 -3.165767e-02 -6.741587e+01 -6.715878e+01 -3.763115e-02 -1.266346e-01
22 -5.906009e-02 1.849500e-01 5.266094e-03 1.170608e-02 -8.375273e+01 -8.397459e+01 -4.625293e-02 -1.071178e-01
23 -6.606808e-02 3.024967e-01 2.184591e-03 -5.191628e-03 -9.105245e+01 -9.081007e+01 -6.020260e-02 -1.356802e-01
24 -6.422146e-02 2.549745e+00 4.872408e-04 2.914321e-02 -6.998438e+01 -7.675693e+01 -4.808656e-02 3.550435e+00
25 -1.121256e-01 1.629528e+00 6.017826e-04 1.056279e-02 -8.036508e+01 -8.679736e+01 -1.298526e-01 -4.064963e+00
26 -4.887528e-02 -2.935123e-02 3.920183e-05 2.715662e-05 -9.989368e+01 -9.987256e+01 -4.878500e-02 -5.562810e-02
27 -6.077298e-02 -3.103438e-01 2.138953e-04 1.315315e-03 -9.826746e+01 -9.899630e+01 -6.069367e-02 -6.035381e-01
28 -5.164335e-02 1.954814e-01 1.253931e-03 -3.413957e-03 -9.402691e+01 -9.373476e+01 -4.722758e-02 1.242608e-02
29 -4.136750e-02 -3.434841e-01 4.322422e-03 2.635453e-02 -8.110019e+01 -8.138328e+01 -2.938981e-02 -1.164693e-01
30 -4.503251e-02 -6.568962e-02 5.545318e-03 1.754465e-02 -7.997613e+01 -8.019432e+01 -2.734547e-02 -1.813019e-01
31 -5.440610e-02 1.115904e-01 7.145782e-03 2.395622e-02 -7.717630e+01 -7.752279e+01 -3.441872e-02 -3.399465e-01
32 -4.153942e-02 -1.733228e-01 1.259412e-02 2.583663e-02 -5.969847e+01 -5.970418e+01 -8.580840e-03 1.390785e-02
33 -4.911070e-02 -1.963408e-01 3.254917e-02 8.910655e-02 -3.572501e+01 -3.586884e+01 2.111938e-02 -3.854466e-01
34 -4.562083e-02 1.242927e-01 4.260739e-02 6.595325e-01 -1.667303e+01 -1.700945e+01 4.837705e-02 -1.550363e-01
35 -4.552741e-02 -7.659916e-02 8.188892e-02 1.468536e+00 -9.580683e+00 -9.771921e+00 1.092623e-01 1.880873e+00
36 -5.162559e-02 3.624164e-01 8.339996e-02 1.123106e+00 -8.491210e+00 -8.717148e+00 1.012038e-01 8.390776e-01
37 -5.543256e-02 -5.374967e-01 7.088588e-02 1.707861e+00 -1.356819e+01 -1.423390e+01 7.844743e-02 -1.281847e+00
38 -4.056546e-02 -1.522641e-01 8.939264e-02 3.499301e+00 -7.296194e+00 -7.624578e+00 1.249607e-01 7.132113e+00
39 -7.875424e-02 5.092575e-01 6.181421e-02 3.977902e-01 -1.992715e+01 -2.021964e+01 6.067648e-02 -1.527119e+00
40 -6.707304e-02 -1.889240e-01 1.342570e-02 8.302837e-02 -6.085396e+01 -6.117438e+01 -1.634152e-02 -2.355820e-02
41 -8.262184e-02 1.180685e-01 3.691077e-03 -2.590517e-03 -8.838064e+01 -8.822084e+01 -5.876982e-02 -1.096713e-01
42 -5.698060e-02 -6.104293e-01 1.236584e-03 1.175677e-02 -9.328927e+01 -9.408866e+01 -5.213337e-02 -2.542383e-01
43 -4.172414e-02 -1.812259e-01 3.105619e-04 1.342266e-03 -9.813773e+01 -9.840881e+01 -4.090683e-02 -1.726915e-01
44 -7.582538e-02 -6.291841e-01 1.872349e-04 1.529274e-03 -9.925659e+01 -1.003171e+02 -7.533398e-02 -5.674406e-01
45 -3.564628e-02 1.806426e-01 4.066624e-05 -2.043099e-04 -9.982265e+01 -9.939652e+01 -3.571354e-02 1.717893e-01
46 -5.617571e-02 -2.365237e-01 7.293777e-05 3.063175e-04 -9.978713e+01 -1.001443e+02 -5.591494e-02 -2.318500e-01
47 -4.471143e-02 -2.000682e-01 1.453439e-04 6.551069e-04 -9.931816e+01 -9.963253e+01 -4.431130e-02 -2.068466e-01
48 -6.022951e-02 3.484506e-01 7.214553e-04 -3.031308e-03 -9.655866e+01 -9.609798e+01 -5.866492e-02 -5.736719e-02
49 -6.029275e-02 4.914597e-01 4.379958e-03 -1.106316e-03 -8.285099e+01 -8.296563e+01 -4.581264e-02 -3.054601e-01
50 -4.981482e-02 -3.506857e-01 1.497686e-02 -2.933586e-02 -5.452972e+01 -5.446933e+01 -6.223428e-03 -2.521370e-01
51 -4.015857e-02 -6.765252e-01 1.746390e-02 4.282063e-02 -4.114930e+01 -4.122919e+01 -3.805169e-03 -2.566559e-01
52 4.495570e-03 -7.363875e-02 1.837887e-02 1.545130e-01 -4.747220e+01 -4.784610e+01 -6.355653e-03 -2.575047e-01
53 -8.100924e-02 7.453688e-02 3.107452e-02 1.069762e-01 -3.788729e+01 -3.806682e+01 1.832657e-02 -5.534707e-01
54 -6.330903e-02 2.734166e-01 2.955613e-02 -6.777024e-02 -3.916994e+01 -3.899055e+01 1.299422e-02 5.577624e-02
55 -5.044403e-02 2.142867e-01 1.361232e-02 -1.717642e-02 -5.592217e+01 -5.588460e+01 -1.953637e-02 -2.445388e-01
56 -5.194515e-02 4.390684e-01 2.513465e-03 -1.447941e-02 -8.766644e+01 -8.721921e+01 -4.394060e-02 -7.924385e-02
57 -6.558220e-02 -1.769413e-01 4.457131e-04 1.207941e-03 -9.817159e+01 -9.839271e+01 -6.401220e-02 -1.733144e-01
58 -5.479838e-02 1.827016e-01 1.676483e-04 -5.486155e-04 -9.909157e+01 -9.863439e+01 -5.406642e-02 1.605615e-01
59 -4.466891e-02 7.928256e-02 7.358901e-05 -1.272338e-04 -9.955455e+01 -9.931595e+01 -4.438838e-02 6.668538e-02
60 -7.368265e-02 1.928572e-01 4.614144e-05 -1.188464e-04 -9.986230e+01 -9.934223e+01 -7.366849e-02 1.746224e-01
61 -5.957074e-02 -5.757365e-01 1.564129e-05 1.510228e-04 -1.000265e+02 -1.010560e+02 -5.954216e-02 -5.721208e-01
62 -4.868381e-02 1.209633e-01 2.063515e-05 -5.112399e-05 -1.000067e+02 -9.966913e+01 -4.861626e-02 1.187178e-01
63 -5.095068e-02 -1.058369e+00 8.320679e-05 1.725968e-03 -9.959897e+01 -1.015976e+02 -5.060938e-02 -1.038455e+00
64 -4.774794e-02 1.434206e-01 2.681200e-04 -7.606063e-04 -9.902932e+01 -9.868208e+01 -4.694042e-02 9.658048e-02
65 -4.528989e-02 3.302666e-01 8.893417e-04 -5.361868e-03 -9.631850e+01 -9.580162e+01 -4.260734e-02 4.716150e-02
66 -4.010376e-02 -5.320349e-01 2.139827e-03 2.760501e-02 -9.006102e+01 -9.089828e+01 -3.272845e-02 -4.183845e-01
67 -4.140850e-02 7.919774e-02 3.244429e-03 -1.011513e-03 -8.824285e+01 -8.824165e+01 -3.369877e-02 -1.972901e-01
68 -3.598514e-02 3.105910e-01 5.824246e-03 -2.697496e-02 -7.359866e+01 -7.339950e+01 -1.450576e-02 -2.932944e-02
69 -5.021087e-02 -3.076289e-01 1.587673e-02 7.589220e-02 -5.581597e+01 -5.610722e+01 -8.533735e-03 -6.067747e-01
70 -4.306033e-02 -9.854230e-02 1.543264e-02 -6.891902e-03 -5.180144e+01 -5.167086e+01 -2.556731e-03 7.458009e-02
71 -4.707239e-02 1.502717e-01 2.015811e-02 4.977628e-02 -4.571529e+01 -4.582345e+01 -1.832795e-03 -2.236099e-01
72 -3.927279e-02 -7.405455e-02 1.492530e-02 1.096464e-01 -5.182989e+01 -5.212848e+01 1.466954e-03 -3.910010e-01
73 -4.691131e-02 1.835549e-01 1.970081e-02 6.031075e-02 -4.373375e+01 -4.396596e+01 3.200440e-04 -5.916743e-01
74 -1.268221e-01 -2.821532e+00 8.029881e-03 6.628365e-02 -7.356145e+01 -7.403915e+01 -7.308455e-02 2.072991e-01
75 -5.281017e-02 2.252773e-01 3.336541e-04 -1.283525e-03 -9.859123e+01 -9.812589e+01 -5.207405e-02 1.064281e-01
76 -4.670104e-02 6.767962e-02 2.236109e-04 -3.205762e-04 -9.905177e+01 -9.882770e+01 -4.627837e-02 6.296494e-02
77 -5.309162e-02 1.280940e-02 6.869361e-05 -1.635549e-05 -9.979307e+01 -9.966231e+01 -5.289734e-02 1.178191e-02
78 -5.641920e-02 -4.258791e-01 1.697430e-05 1.283065e-04 -1.000242e+02 -1.007650e+02 -5.637677e-02 -4.290137e-01
79 -3.943800e-02 6.146805e-02 1.273108e-05 -1.980690e-05 -1.000169e+02 -9.981566e+01 -3.940118e-02 6.074642e-02
80 -4.096772e-02 -5.232761e-01 2.829771e-05 3.609088e-04 -9.994401e+01 -1.009040e+02 -4.085783e-02 -5.172572e-01
81 -4.017596e-02 -2.214704e-01 5.104043e-05 2.815465e-04 -9.980972e+01 -1.001719e+02 -4.001368e-02 -2.214505e-01
82 -3.816180e-02 5.177761e-01 6.741175e-05 -9.065559e-04 -9.974533e+01 -9.865533e+01 -3.796778e-02 4.881807e-01
83 -5.038277e-02 5.346809e-01 2.186069e-04 -2.213684e-03 -9.907620e+01 -9.801083e+01 -4.986658e-02 3.944861e-01
84 -2.588848e-02 -2.081362e-01 4.081794e-04 3.209637e-03 -9.672974e+01 -9.706860e+01 -2.527164e-02 -1.805819e-01
85 -5.008374e-02 -5.417742e-02 1.676322e-03 1.683829e-03 -9.143733e+01 -9.143328e+01 -4.618861e-02 -4.220413e-02
86 -4.226101e-02 2.035219e-01 1.398474e-03 -5.326504e-03 -9.041541e+01 -9.011714e+01 -3.656206e-02 -3.037012e-02
87 -4.921865e-02 -6.745266e-02 2.262948e-03 3.205277e-03 -8.659045e+01 -8.663274e+01 -3.955271e-02 -8.202173e-02
88 -3.686816e-02 -1.414640e-01 1.892714e-03 5.249348e-03 -8.712247e+01 -8.717677e+01 -2.738626e-02 4.484448e-02
89 -6.352547e-02 1.787675e-01 1.662041e-03 -4.037466e-03 -9.388113e+01 -9.351536e+01 -5.720670e-02 3.807416e-02
90 -5.848386e-02 1.574376e-01 1.943580e-04 -5.019938e-04 -9.933260e+01 -9.892907e+01 -5.781549e-02 1.194552e-01
91 -4.692978e-02 -5.215916e-02 2.629810e-05 2.933538e-05 -9.995949e+01 -9.997069e+01 -4.684999e-02 -5.320719e-02
92 -5.500388e-02 2.521742e-01 1.992892e-05 -9.098469e-05 -9.998820e+01 -9.937866e+01 -5.494184e-02 2.455933e-01
93 -5.006708e-02 -1.346781e-01 7.526058e-06 2.024511e-05 -1.000572e+02 -1.002264e+02 -5.003757e-02 -1.346139e-01
94 -5.035115e-02 -1.875077e-01 2.732136e-06 1.017186e-05 -1.000793e+02 -1.003533e+02 -5.034402e-02 -1.871915e-01
95 -5.189125e-02 -1.590933e-01 1.248967e-06 3.829630e-06 -1.000969e+02 -1.003113e+02 -5.188799e-02 -1.591893e-01
96 -4.521074e-02 -2.148628e-01 2.229881e-06 1.059938e-05 -1.000796e+02 -1.004191e+02 -4.520343e-02 -2.150627e-01
97 -4.374414e-02 -1.616193e-01 3.992758e-06 1.475565e-05 -1.000773e+02 -1.003132e+02 -4.373490e-02 -1.618351e-01
98 -4.233996e-02 -1.691752e-01 1.195979e-05 4.784445e-05 -1.000380e+02 -1.002923e+02 -4.230228e-02 -1.702402e-01
99 -3.725664e-02 1.239016e-01 3.749887e-05 -1.241298e-04 -9.988166e+01 -9.956227e+01 -3.714384e-02 1.200928e-01
100 -3.134099e-02 -1.984702e-01 8.634895e-05 5.486187e-04 -9.961661e+01 -9.995177e+01 -3.107231e-02 -2.006425e-01
101 -4.418825e-02 -2.933279e-01 2.454663e-04 1.609548e-03 -9.889041e+01 -9.936885e+01 -4.342056e-02 -2.676655e-01
102 -4.079044e-02 -1.127017e-02 4.072258e-04 4.085911e-04 -9.729255e+01 -9.734663e+01 -3.862212e-02 -1.651921e-01
103 -4.619886e-02 -5.946384e-01 9.461697e-04 1.131337e-02 -9.536953e+01 -9.626930e+01 -4.380040e-02 -3.625513e-01
104 -3.253247e-02 -4.788634e-01 6.705893e-04 9.278775e-03 -9.486404e+01 -9.560047e+01 -2.946548e-02 -2.873942e-01
105 -4.544268e-02 7.139274e-03 7.661794e-04 2.481993e-04 -9.576571e+01 -9.574472e+01 -4.196518e-02 -9.907734e-02
106 -4.648206e-02 -3.998809e-02 1.482982e-03 2.048465e-03 -9.390276e+01 -9.397743e+01 -4.223083e-02 -1.551567e-01
107 -5.613145e-02 2.048053e-01 1.665817e-04 -5.988937e-04 -9.949110e+01 -9.898481e+01 -5.546123e-02 1.846291e-01
108 -4.488907e-02 1.133199e-01 1.370657e-04 -3.346972e-04 -9.939018e+01 -9.909071e+01 -4.437980e-02 9.028739e-02
109 -5.703305e-02 -1.584560e-01 9.227994e-05 2.576836e-04 -9.957745e+01 -9.978232e+01 -5.660514e-02 -1.614092e-01
110 -4.291977e-02 1.411234e-02 1.538280e-04 -4.741427e-05 -9.922013e+01 -9.911055e+01 -4.233075e-02 8.809477e-03
111 -7.064545e-02 6.593880e-01 4.382838e-05 -4.073252e-04 -9.978955e+01 -9.834595e+01 -7.026416e-02 6.390008e-01
112 -8.726263e-02 2.966385e-01 4.560930e-06 -1.550052e-05 -1.000833e+02 -9.931630e+01 -8.722200e-02 2.960659e-01
113 -5.282137e-02 3.750445e-01 1.285968e-06 -9.129115e-06 -1.000946e+02 -9.923917e+01 -5.281671e-02 3.746227e-01
114 -3.647041e-02 2.475971e-01 6.517007e-07 -4.424032e-06 -1.000857e+02 -9.951767e+01 -3.646788e-02 2.474572e-01
115 -3.480305e-02 -1.712308e-01 1.596643e-06 7.855540e-06 -1.000776e+02 -1.003505e+02 -3.479769e-02 -1.712124e-01
116 -5.004050e-02 -3.269617e-01 7.281660e-06 4.755897e-05 -1.000659e+02 -1.006190e+02 -5.001213e-02 -3.259935e-01
117 -5.174499e-02 2.329798e-01 2.676457e-05 -1.198843e-04 -9.996010e+01 -9.939626e+01 -5.163481e-02 2.253239e-01
118 -4.980996e-02 1.540857e-01 5.604589e-05 -1.702042e-04 -9.979295e+01 -9.939758e+01 -4.959318e-02 1.367088e-01
