0 -6.960402e-02 -8.113042e-02 2.342214e-02 1.218038e+00 -6.606257e+00 -7.145547e+00 1.248454e-02 -9.281349e+00
1 -2.907268e-02 -3.297145e-01 3.463965e-01 9.757645e+01 -1.220831e-02 -1.227613e-02 6.663757e-01 9.998683e+01
2 3.571875e-02 -1.278819e-02 4.016210e-01 1.711931e+01 -1.341523e-01 -1.354204e-01 7.466371e-01 5.117507e+01
3 -2.538210e-01 4.963696e-01 2.324701e-01 -3.112312e+00 -1.695238e+00 -1.736450e+00 3.562818e-01 6.989273e+00
4 -6.448854e-02 -1.980580e-01 1.556259e-01 1.773296e+00 -5.829382e+00 -5.965884e+00 2.266943e-01 3.736109e+00
5 -7.146521e-02 6.596428e-02 9.338613e-02 1.094056e+00 -1.542186e+01 -1.578157e+01 1.131320e-01 7.524214e-01
6 -5.640262e-02 -4.144981e-01 3.063250e-02 1.574430e-01 -3.429467e+01 -3.456310e+01 8.708740e-03 -8.480029e-02
7 -6.307885e-02 1.097212e+00 1.299516e-02 -1.867374e-03 -5.396755e+01 -5.397940e+01 -2.450156e-02 -2.532476e-01
8 -7.080397e-02 -1.275419e+00 5.806937e-03 5.811728e-02 -6.852852e+01 -6.920753e+01 -4.730931e-02 5.306023e-02
9 -7.035211e-02 -6.377285e-01 2.751099e-03 9.270691e-03 -8.530050e+01 -8.519998e+01 -6.415990e-02 3.702564e-01
10 -5.872357e-02 1.050575e+00 2.249704e-03 -2.971234e-02 -8.611712e+01 -8.498027e+01 -5.086301e-02 -2.054601e-03
11 -4.872839e-02 -2.829103e-01 3.825386e-03 1.548956e-03 -7.513146e+01 -7.496096e+01 -2.884723e-02 5.700276e-02
12 -5.454297e-02 -2.759094e-01 2.143815e-02 -6.608114e-02 -3.341088e+01 -3.318376e+01 2.243146e-03 2.350225e-01
13 -5.071622e-02 2.719328e-01 7.457862e-02 2.258988e+00 -1.018426e+01 -1.066990e+01 9.048246e-02 1.434267e+00
14 -4.590921e-02 3.856727e-02 1.309656e-01 1.213126e+01 -2.987237e+00 -3.232715e+00 1.867493e-01 3.355956e+01
15 -6.054511e-02 2.294534e-01 6.892465e-02 -6.175449e-01 -9.496005e+00 -9.293840e+00 6.335927e-02 -3.879224e-03
16 -4.416438e-02 -5.960371e-01 7.758198e-02 7.623190e+00 -4.772429e+00 -5.226826e+00 9.176764e-02 1.846116e+01
17 -5.422812e-02 -1.445139e-02 1.448447e-01 1.285620e+00 -4.172569e+00 -4.236083e+00 2.122273e-01 4.314036e+00
18 -5.575416e-02 9.949861e-02 5.142895e-02 2.611725e-01 -1.924559e+01 -1.938210e+01 4.358578e-02 -2.122765e-01
19 -5.080813e-02 1.553486e+00 2.379614e-02 -8.088128e-03 -3.509862e+01 -3.506180e+01 -1.004984e-02 -2.676561e-01
20 -1.235421e-01 1.820501e+00 1.858520e-02 2.164094e-03 -4.901993e+01 -4.885014e+01 -3.064917e-02 1.958746e-01
21 -6.766868e-02 7.340411e-01 5.933917e-03 2.811963e-02 -7.031012e+01 -7.039290e+01 -4.499468e-02 1.796523e-01
22 -6.434775e-02 2.014262e-01 2.745619e-03 1.449674e-03 -9.043197e+01 -9.058015e+01 -5.746526e-02 -2.744237e-01
23 -6.848763e-02 1.203020e-01 7.358029e-04 -1.132153e-03 -9.625449e+01 -9.593693e+01 -6.594201e-02 7.394047e-02
24 -6.618281e-02 -8.878827e-02 1.262813e-04 2.158652e-03 -9.222138e+01 -9.582509e+01 -6.619215e-02 -4.108746e+00
25 -9.978196e-02 -1.000993e+00 1.385460e-04 2.179828e-03 -9.518656e+01 -9.905468e+01 -1.052667e-01 -3.681146e+00
26 -4.833774e-02 -1.065942e-01 1.321115e-05 2.919277e-05 -1.000262e+02 -1.001435e+02 -4.829026e-02 -1.077875e-01
27 -5.988686e-02 1.327631e+00 6.869859e-05 -1.464479e-03 -9.946216e+01 -9.689789e+01 -5.974427e-02 1.035708e+00
28 -5.844152e-02 4.073189e-01 6.938598e-04 -3.589447e-03 -9.571723e+01 -9.518958e+01 -5.465207e-02 -4.494914e-02
29 -4.331751e-02 -7.208519e-01 4.097382e-03 4.789471e-02 -7.896575e+01 -7.953486e+01 -2.567100e-02 -1.695369e-01
30 -4.365689e-02 -3.850284e-01 5.882674e-03 3.655674e-02 -7.585091e+01 -7.608413e+01 -2.097215e-02 -9.759606e-03
31 -4.843718e-02 -3.281000e-01 4.938600e-03 3.353776e-02 -8.146029e+01 -8.191548e+01 -3.218385e-02 -2.454404e-01
32 -4.300065e-02 2.510473e-01 1.024764e-02 5.013920e-02 -6.451729e+01 -6.481500e+01 -1.262480e-02 -1.854250e-01
33 -4.320430e-02 3.375805e-02 2.095982e-02 -2.879354e-02 -4.442247e+01 -4.436790e+01 5.207498e-03 -2.614836e-01
34 -4.412728e-02 -4.513116e-03 3.676057e-02 2.973077e-01 -1.844137e+01 -1.868071e+01 3.992086e-02 -9.896390e-01
35 -4.455588e-02 -3.313292e-01 9.248358e-02 3.426977e+00 -6.978886e+00 -7.296055e+00 1.263903e-01 6.502793e+00
36 -5.198943e-02 -7.025070e-02 9.382834e-02 2.376965e+00 -6.202577e+00 -6.408000e+00 1.276390e-01 4.990667e+00
37 -5.518068e-02 -1.169333e-01 8.347052e-02 6.197950e-01 -8.405317e+00 -8.603833e+00 9.426108e-02 -2.306301e+00
38 -4.329154e-02 1.782993e-01 1.060193e-01 8.225074e+00 -4.300995e+00 -4.625343e+00 1.511368e-01 1.990865e+01
39 -8.874095e-02 -4.201330e-01 5.603725e-02 7.794407e-01 -2.166205e+01 -2.220349e+01 5.062287e-02 -1.003603e+00
40 -5.486760e-02 1.748799e-01 7.205131e-03 -1.015940e-02 -6.942162e+01 -6.931701e+01 -2.274420e-02 -7.361543e-02
41 -9.045645e-02 -6.002969e-01 3.678215e-03 2.169962e-02 -8.819972e+01 -8.882378e+01 -5.931256e-02 -1.165599e-01
42 -5.630112e-02 3.941177e-01 8.538027e-04 -4.716287e-03 -9.457242e+01 -9.401185e+01 -5.179440e-02 -3.196104e-03
43 -5.234162e-02 -3.874124e-01 1.879227e-04 1.363839e-03 -9.891661e+01 -9.955019e+01 -5.161534e-02 -3.388391e-01
44 -5.951070e-02 7.807372e-02 7.836397e-05 -9.952141e-05 -9.964630e+01 -9.938191e+01 -5.930856e-02 6.350100e-02
45 -4.272890e-02 8.201090e-02 3.695652e-05 -7.000490e-05 -9.987201e+01 -9.962739e+01 -4.256289e-02 7.531636e-02
46 -4.222478e-02 -3.403165e-01 3.001712e-05 2.418915e-04 -9.993548e+01 -1.005306e+02 -4.212926e-02 -3.392379e-01
47 -4.035310e-02 -2.747635e-01 7.887448e-05 5.391197e-04 -9.960857e+01 -1.000792e+02 -4.003799e-02 -2.786686e-01
48 -4.994442e-02 -9.956694e-02 3.159764e-04 6.497649e-04 -9.836184e+01 -9.847124e+01 -4.845202e-02 -1.135289e-01
49 -5.960860e-02 1.085944e+00 2.116335e-03 -1.854935e-02 -9.009392e+01 -8.957637e+01 -5.186956e-02 -3.096103e-01
50 -5.160999e-02 -4.988924e-01 1.192975e-02 4.179303e-02 -5.705102e+01 -5.736495e+01 -1.054240e-02 -4.260523e-01
51 -3.605256e-02 -1.249032e+00 2.028238e-02 9.738321e-02 -3.605979e+01 -3.620147e+01 2.901084e-03 -2.752315e-01
52 -1.846083e-04 3.015125e-01 2.349892e-02 1.507973e-01 -3.800683e+01 -3.835827e+01 3.592320e-03 -5.426973e-01
53 -7.741571e-02 5.251558e-01 3.387196e-02 3.216035e-01 -3.019125e+01 -3.062820e+01 2.535834e-02 -9.580030e-01
54 -6.810128e-02 -2.474351e-01 3.438622e-02 1.289988e-02 -3.385113e+01 -3.384616e+01 2.146240e-02 -8.583600e-02
55 -5.492926e-02 4.478004e-01 1.221533e-02 -4.953910e-02 -5.769899e+01 -5.746260e+01 -2.381402e-02 -1.253838e-01
56 -5.025498e-02 9.034341e-02 1.341033e-03 -2.316597e-03 -9.310377e+01 -9.285790e+01 -4.458385e-02 5.094575e-02
57 -6.265472e-02 -4.366217e-02 3.433167e-04 2.673021e-04 -9.813619e+01 -9.811851e+01 -6.112121e-02 -7.046976e-02
58 -5.468274e-02 4.577260e-01 1.408642e-04 -1.164090e-03 -9.914782e+01 -9.815612e+01 -5.384889e-02 4.166093e-01
59 -4.855015e-02 2.619852e-01 5.225062e-05 -2.781525e-04 -9.974285e+01 -9.913780e+01 -4.833981e-02 2.399814e-01
60 -6.578151e-02 8.247105e-01 2.041313e-05 -2.551664e-04 -9.999041e+01 -9.822051e+01 -6.576890e-02 8.100353e-01
61 -5.716310e-02 1.039241e-01 6.198652e-06 -1.125974e-05 -1.000697e+02 -9.974799e+01 -5.714454e-02 1.033612e-01
62 -4.231414e-02 -1.059146e-01 7.685941e-06 1.923254e-05 -1.000494e+02 -1.001765e+02 -4.228599e-02 -1.056533e-01
63 -4.263368e-02 -1.179115e+00 3.010753e-05 8.314953e-04 -9.991991e+01 -1.021817e+02 -4.248857e-02 -1.164842e+00
64 -4.352431e-02 4.273255e-01 1.211296e-04 -1.170959e-03 -9.957329e+01 -9.866314e+01 -4.308408e-02 3.846445e-01
65 -4.821949e-02 2.180259e-02 6.187297e-04 2.279710e-04 -9.736539e+01 -9.737325e+01 -4.601150e-02 -1.619561e-01
66 -4.238844e-02 -3.123236e-01 2.168070e-03 1.852038e-02 -8.858661e+01 -8.920869e+01 -3.226561e-02 -4.306860e-01
67 -4.262954e-02 2.350014e-01 3.260410e-03 -8.998404e-03 -8.709422e+01 -8.697300e+01 -3.326060e-02 -2.244425e-01
68 -3.617318e-02 2.247427e-01 5.222686e-03 -4.173765e-03 -7.473538e+01 -7.483999e+01 -1.482808e-02 -3.488612e-01
69 -5.030356e-02 -2.983468e-01 1.706258e-02 6.851697e-02 -5.368042e+01 -5.387800e+01 -4.096868e-03 -2.891507e-01
70 -4.376163e-02 -8.647141e-01 1.814627e-02 1.723360e-01 -4.401622e+01 -4.439172e+01 3.795514e-03 -3.683305e-01
71 -4.845905e-02 -1.651437e-01 2.692807e-02 1.932834e-01 -3.634188e+01 -3.666406e+01 1.053701e-02 -4.841469e-01
72 -3.899738e-02 -1.373622e-01 2.010410e-02 2.440162e-01 -4.020931e+01 -4.062865e+01 1.191967e-02 -6.129896e-01
73 -5.525713e-02 1.694571e-01 2.461752e-02 2.897096e-02 -3.957479e+01 -3.968853e+01 9.478823e-03 -5.020913e-01
74 -1.431930e-01 2.536561e+00 4.872092e-03 -5.513181e-02 -8.616371e+01 -8.427670e+01 -6.827168e-02 -9.495370e-02
75 -4.688674e-02 7.703692e-02 3.600416e-04 -5.076034e-04 -9.837615e+01 -9.817432e+01 -4.571319e-02 1.611807e-02
76 -4.731110e-02 -8.469379e-02 2.167075e-04 4.002883e-04 -9.898190e+01 -9.906641e+01 -4.664043e-02 -9.870293e-02
77 -5.273165e-02 -4.074629e-01 4.229691e-05 3.261074e-04 -9.988969e+01 -1.005941e+02 -5.258039e-02 -4.009038e-01
78 -5.318800e-02 1.003780e-01 9.693217e-06 -1.820899e-05 -1.000436e+02 -9.973844e+01 -5.315697e-02 9.755019e-02
79 -4.517445e-02 1.640176e-01 8.981305e-06 -3.255779e-05 -1.000441e+02 -9.962696e+01 -4.514160e-02 1.623585e-01
80 -4.038524e-02 1.678225e-02 2.511417e-05 -1.031460e-05 -9.994700e+01 -9.983365e+01 -4.025451e-02 1.555693e-02
81 -4.191389e-02 3.934436e-02 6.217609e-05 -5.517526e-05 -9.973671e+01 -9.958335e+01 -4.165164e-02 2.639177e-02
82 -3.662468e-02 6.423217e-02 7.422759e-05 -1.270703e-04 -9.963430e+01 -9.943970e+01 -3.630795e-02 5.455714e-02
83 -4.442231e-02 4.443479e-01 1.484848e-04 -1.455130e-03 -9.933071e+01 -9.839635e+01 -4.390122e-02 3.860713e-01
84 -2.146036e-02 -1.467753e-01 2.568648e-04 1.759093e-03 -9.753010e+01 -9.777789e+01 -2.146871e-02 -1.453221e-01
85 -5.183984e-02 -1.829428e-01 1.971053e-03 5.841279e-03 -8.988727e+01 -9.003461e+01 -4.546244e-02 -7.254294e-02
86 -4.239233e-02 3.468854e-01 2.057373e-03 -1.312019e-02 -8.584571e+01 -8.543218e+01 -3.154486e-02 -5.488543e-02
87 -5.287272e-02 -5.209139e-01 3.301437e-03 3.176453e-02 -8.089480e+01 -8.160255e+01 -3.700235e-02 -3.241888e-01
88 -3.908321e-02 -3.989540e-02 2.996459e-03 3.930274e-03 -8.212430e+01 -8.215638e+01 -2.402377e-02 -6.040836e-02
89 -6.258550e-02 6.148210e-02 1.616019e-03 -1.099758e-03 -9.358466e+01 -9.341980e+01 -5.590083e-02 -3.305486e-02
90 -5.880910e-02 -4.040949e-02 1.481880e-04 1.010312e-04 -9.959438e+01 -9.955654e+01 -5.822385e-02 -3.812365e-02
91 -5.091604e-02 -3.247495e-01 3.319420e-05 2.116840e-04 -9.992140e+01 -1.004679e+02 -5.078068e-02 -3.235976e-01
92 -5.535316e-02 5.105131e-02 2.075104e-05 -1.897406e-05 -9.995908e+01 -9.974832e+01 -5.524623e-02 4.832541e-02
93 -5.351762e-02 7.078271e-01 5.791895e-06 -7.656961e-05 -1.000710e+02 -9.855010e+01 -5.348823e-02 7.055372e-01
94 -4.671274e-02 -4.664509e-01 1.492164e-06 1.489849e-05 -1.000802e+02 -1.009194e+02 -4.670820e-02 -4.661175e-01
95 -5.472062e-02 -4.039577e-01 1.028686e-06 7.594663e-06 -1.001035e+02 -1.008021e+02 -5.471699e-02 -4.041582e-01
96 -4.114613e-02 1.237913e-01 2.117879e-06 -6.370697e-06 -1.000686e+02 -9.973886e+01 -4.113680e-02 1.236348e-01
97 -3.822409e-02 -1.576349e-01 2.487325e-06 1.025822e-05 -1.000740e+02 -1.003129e+02 -3.821494e-02 -1.576498e-01
98 -4.081128e-02 -5.012619e-02 7.559405e-06 9.293705e-06 -1.000501e+02 -1.000689e+02 -4.078354e-02 -5.038140e-02
99 -4.022365e-02 1.933675e-01 2.536791e-05 -1.213655e-04 -9.994822e+01 -9.948546e+01 -4.011757e-02 1.873189e-01
100 -3.365927e-02 -8.308892e-02 8.015549e-05 2.057911e-04 -9.959470e+01 -9.970612e+01 -3.328856e-02 -1.016434e-01
101 -4.281800e-02 1.357612e-01 2.364644e-04 -7.328229e-04 -9.900438e+01 -9.866338e+01 -4.198649e-02 1.158538e-01
102 -3.657034e-02 -2.019575e-02 3.784941e-04 3.377659e-04 -9.738462e+01 -9.739952e+01 -3.421386e-02 -8.312766e-02
103 -4.722402e-02 -1.480684e-01 1.265074e-03 3.890349e-03 -9.382171e+01 -9.400451e+01 -4.302064e-02 -1.379165e-01
104 -3.194094e-02 -1.803579e-01 9.791985e-04 4.524575e-03 -9.250812e+01 -9.266586e+01 -2.642768e-02 -1.256629e-02
105 -4.218044e-02 -2.463464e-01 1.158134e-03 6.778896e-03 -9.258089e+01 -9.295540e+01 -3.634939e-02 -2.114290e-01
106 -5.246729e-02 -2.892630e-02 2.233746e-03 1.575928e-03 -9.119199e+01 -9.118003e+01 -4.477426e-02 -7.751013e-02
107 -5.436029e-02 -1.161102e-01 1.852899e-04 3.987485e-04 -9.938381e+01 -9.950983e+01 -5.365127e-02 -1.199561e-01
108 -4.230864e-02 -1.203202e-01 1.953048e-04 5.665206e-04 -9.904287e+01 -9.920639e+01 -4.139977e-02 -1.316686e-01
109 -5.635155e-02 -3.953342e-01 1.536066e-04 1.070971e-03 -9.919147e+01 -9.985290e+01 -5.544608e-02 -3.739780e-01
110 -4.099635e-02 2.097378e-01 2.137141e-04 -1.084608e-03 -9.884617e+01 -9.835833e+01 -4.002440e-02 1.950407e-01
111 -6.762408e-02 -6.347603e-01 3.800645e-05 3.557954e-04 -9.981503e+01 -1.009388e+02 -6.729073e-02 -6.215194e-01
112 -8.224320e-02 -5.940188e-02 5.348817e-06 3.863534e-06 -1.000764e+02 -1.000307e+02 -8.219641e-02 -5.938995e-02
113 -5.337914e-02 -1.723456e-01 1.197098e-06 3.864528e-06 -1.000943e+02 -1.003321e+02 -5.337454e-02 -1.721821e-01
114 -3.372189e-02 3.508992e-02 5.203089e-07 -5.412729e-07 -1.000866e+02 -9.994898e+01 -3.371931e-02 3.503044e-02
115 -3.555028e-02 -8.968016e-02 1.850963e-06 4.669731e-06 -1.000788e+02 -1.001871e+02 -3.554181e-02 -8.970880e-02
116 -4.391258e-02 1.746501e-01 5.017484e-06 -1.994142e-05 -1.000665e+02 -9.963003e+01 -4.389299e-02 1.738263e-01
117 -4.982781e-02 -4.292848e-02 2.077970e-05 1.805669e-05 -9.998388e+01 -9.997157e+01 -4.972646e-02 -4.503710e-02
118 -5.039214e-02 -9.633145e-02 6.743420e-05 1.274686e-04 -9.971903e+01 -9.980626e+01 -5.006100e-02 -8.935414e-02
