0 1.999153e+01 2.000566e+01 2.004594e+01 3.370847e-01 3.370071e-01 3.340813e-01 6.628699e-01 7.213282e-01 7.256313e-01 5.111222e-02 5.110375e-02 5.077361e-02
1 1.058643e+02 1.059029e+02 1.057789e+02 1.740650e-03 1.736776e-03 2.437975e-04 9.982595e-01 9.998965e-01 9.999994e-01 1.032700e-04 1.028713e-04 5.680123e-07
2 1.540770e+02 1.540029e+02 1.539949e+02 3.546064e-03 3.534723e-03 3.295705e-03 9.964548e-01 9.998257e-01 9.998948e-01 1.746955e-04 1.736860e-04 1.050367e-04
3 1.227479e+02 1.230200e+02 1.237680e+02 2.120239e-02 2.115580e-02 1.683450e-02 9.788024e-01 9.952338e-01 9.978399e-01 4.219407e-03 4.207050e-03 2.113693e-03
4 6.116194e+01 6.120138e+01 6.121731e+01 3.734505e-02 3.726763e-02 3.593203e-02 9.626613e-01 9.932760e-01 9.942207e-01 6.327093e-03 6.306248e-03 5.555311e-03
5 2.110653e+01 2.112204e+01 2.110145e+01 1.046530e-01 1.045049e-01 1.028328e-01 8.953661e-01 9.688867e-01 9.710674e-01 2.601192e-02 2.596236e-02 2.522944e-02
6 4.671475e+00 4.674531e+00 4.632809e+00 3.917555e-01 3.915252e-01 3.909197e-01 6.083030e-01 7.589046e-01 7.601931e-01 1.193567e-01 1.192939e-01 1.205608e-01
7 1.205848e+00 1.206572e+00 1.197879e+00 6.975008e-01 6.973599e-01 6.972893e-01 3.025181e-01 4.388669e-01 4.389812e-01 1.542826e-01 1.543012e-01 1.543439e-01
8 5.357216e-01 5.360903e-01 5.307805e-01 8.406094e-01 8.405089e-01 8.405662e-01 1.594153e-01 2.464290e-01 2.465381e-01 1.095978e-01 1.096281e-01 1.097794e-01
9 2.532915e-01 2.534831e-01 2.522279e-01 9.062743e-01 9.062012e-01 9.059097e-01 9.374221e-02 1.579821e-01 1.582769e-01 9.360854e-02 9.365539e-02 9.366028e-02
10 1.769969e-01 1.771121e-01 1.777069e-01 9.246126e-01 9.245640e-01 9.244406e-01 7.539689e-02 1.333435e-01 1.334071e-01 8.785003e-02 8.789449e-02 8.773732e-02
11 4.255520e-01 4.257442e-01 4.265218e-01 8.353102e-01 8.352469e-01 8.352609e-01 1.646862e-01 2.725592e-01 2.722936e-01 1.413710e-01 1.413937e-01 1.409907e-01
12 3.818059e+00 3.820185e+00 3.833567e+00 4.495729e-01 4.494126e-01 4.484848e-01 5.504378e-01 6.987127e-01 6.998445e-01 1.303227e-01 1.302943e-01 1.309031e-01
13 1.506128e+01 1.506876e+01 1.505138e+01 1.152345e-01 1.151400e-01 1.125863e-01 8.847602e-01 9.597418e-01 9.628431e-01 3.115096e-02 3.111956e-02 3.030045e-02
14 2.555939e+01 2.557049e+01 2.554724e+01 4.239338e-02 4.234378e-02 4.016206e-02 9.576114e-01 9.921684e-01 9.935171e-01 7.338957e-03 7.325931e-03 6.220895e-03
15 1.848918e+01 1.850042e+01 1.856683e+01 2.304280e-01 2.302790e-01 2.287795e-01 7.696081e-01 8.635134e-01 8.654689e-01 7.126705e-02 7.122570e-02 7.207641e-02
16 1.507310e+01 1.507972e+01 1.513756e+01 1.217374e-01 1.216601e-01 1.182881e-01 8.782407e-01 9.523687e-01 9.575921e-01 3.271048e-02 3.268854e-02 3.291377e-02
17 1.816395e+01 1.817415e+01 1.814178e+01 7.726515e-02 7.717464e-02 7.590979e-02 9.227512e-01 9.816888e-01 9.828792e-01 1.655223e-02 1.652424e-02 1.577487e-02
18 7.598574e+00 7.603014e+00 7.569995e+00 3.101124e-01 3.099271e-01 3.097184e-01 6.899200e-01 8.258064e-01 8.263432e-01 9.850437e-02 9.844767e-02 9.923015e-02
19 2.758980e+00 2.760373e+00 2.729803e+00 5.683388e-01 5.681838e-01 5.682304e-01 4.316593e-01 5.819909e-01 5.822586e-01 1.501375e-01 1.501368e-01 1.505706e-01
20 9.604720e-01 9.614569e-01 9.518264e-01 7.693064e-01 7.691421e-01 7.689137e-01 2.307503e-01 3.470478e-01 3.471153e-01 1.485109e-01 1.485488e-01 1.485100e-01
21 3.363433e-01 3.365659e-01 3.297973e-01 8.828607e-01 8.827871e-01 8.830388e-01 1.171437e-01 1.961970e-01 1.959758e-01 1.156716e-01 1.157151e-01 1.158089e-01
22 1.757653e-01 1.758690e-01 1.753582e-01 9.204978e-01 9.204506e-01 9.204141e-01 7.951143e-02 1.463209e-01 1.464770e-01 1.081893e-01 1.082397e-01 1.083134e-01
23 6.552058e-02 6.556387e-02 6.535214e-02 9.688016e-01 9.687812e-01 9.688372e-01 3.120039e-02 5.968662e-02 5.963410e-02 5.037038e-02 5.040079e-02 5.045890e-02
24 1.810917e-02 1.812120e-02 1.766212e-02 9.930882e-01 9.930835e-01 9.928255e-01 6.911342e-03 1.179699e-02 1.226776e-02 7.920457e-03 7.924332e-03 7.678978e-03
25 1.095821e-02 1.097027e-02 1.078963e-02 9.952067e-01 9.952010e-01 9.951113e-01 4.795426e-03 8.682573e-03 8.981735e-03 6.424064e-03 6.432381e-03 6.698003e-03
26 1.541516e-03 1.542268e-03 1.540406e-03 9.992300e-01 9.992297e-01 9.992305e-01 7.699393e-04 1.539130e-03 1.537402e-03 1.532149e-03 1.532894e-03 1.531426e-03
27 6.772753e-03 6.776847e-03 6.799377e-03 9.966450e-01 9.966429e-01 9.966298e-01 3.354749e-03 6.653607e-03 6.682976e-03 6.420046e-03 6.423930e-03 6.462622e-03
28 4.834003e-02 4.836524e-02 4.820670e-02 9.766005e-01 9.765885e-01 9.766495e-01 2.339838e-02 4.541533e-02 4.531842e-02 4.042289e-02 4.044218e-02 4.040429e-02
29 2.199255e-01 2.200164e-01 2.206217e-01 9.021129e-01 9.020741e-01 9.019127e-01 9.788727e-02 1.771846e-01 1.773916e-01 1.225883e-01 1.226241e-01 1.226985e-01
30 2.622684e-01 2.623850e-01 2.621699e-01 8.836607e-01 8.836122e-01 8.836413e-01 1.163387e-01 2.092956e-01 2.093017e-01 1.394763e-01 1.395140e-01 1.395859e-01
31 2.734152e-01 2.735639e-01 2.733085e-01 8.825663e-01 8.825040e-01 8.823140e-01 1.174405e-01 2.083321e-01 2.088035e-01 1.362015e-01 1.362482e-01 1.367286e-01
32 7.225542e-01 7.228545e-01 7.237901e-01 7.386076e-01 7.385157e-01 7.382540e-01 2.613925e-01 4.181929e-01 4.185306e-01 1.883859e-01 1.884027e-01 1.884744e-01
33 2.085005e+00 2.086016e+00 2.087472e+00 5.010379e-01 5.008777e-01 5.005953e-01 4.989870e-01 6.788912e-01 6.795747e-01 1.583909e-01 1.583587e-01 1.589537e-01
34 7.891659e+00 7.895231e+00 7.882374e+00 2.417917e-01 2.416892e-01 2.401461e-01 7.581871e-01 8.848080e-01 8.874580e-01 7.725596e-02 7.721867e-02 7.741867e-02
35 1.619561e+01 1.620296e+01 1.619952e+01 1.258238e-01 1.257206e-01 1.239776e-01 8.741803e-01 9.566916e-01 9.583327e-01 3.447375e-02 3.443603e-02 3.382002e-02
36 1.432260e+01 1.432996e+01 1.428507e+01 1.150484e-01 1.149527e-01 1.138527e-01 8.849601e-01 9.592651e-01 9.611566e-01 3.118040e-02 3.114891e-02 3.091599e-02
37 1.238187e+01 1.238874e+01 1.245824e+01 2.010899e-01 2.009464e-01 1.975206e-01 7.989176e-01 9.052250e-01 9.106178e-01 6.191608e-02 6.186721e-02 6.270510e-02
38 1.723761e+01 1.724463e+01 1.726672e+01 9.038161e-02 9.030020e-02 8.702848e-02 9.096244e-01 9.745621e-01 9.776187e-01 2.173070e-02 2.170321e-02 2.005181e-02
39 6.202330e+00 6.207267e+00 6.181926e+00 3.099292e-01 3.097373e-01 3.083933e-01 6.901084e-01 8.278363e-01 8.301469e-01 9.462078e-02 9.456345e-02 9.593933e-02
40 5.186956e-01 5.190421e-01 5.204078e-01 8.109110e-01 8.108040e-01 8.102202e-01 1.891104e-01 3.049555e-01 3.055546e-01 1.433295e-01 1.433539e-01 1.433618e-01
41 9.615937e-02 9.623915e-02 9.598882e-02 9.550045e-01 9.549693e-01 9.550547e-01 4.500939e-02 8.477445e-02 8.465637e-02 6.756012e-02 6.759982e-02 6.760489e-02
42 4.421460e-02 4.423990e-02 4.446314e-02 9.786844e-01 9.786723e-01 9.785798e-01 2.131596e-02 4.120923e-02 4.136304e-02 3.609662e-02 3.611554e-02 3.617682e-02
43 1.459203e-02 1.459819e-02 1.461374e-02 9.927748e-01 9.927717e-01 9.927641e-01 7.224903e-03 1.431791e-02 1.433283e-02 1.377524e-02 1.378093e-02 1.379469e-02
44 4.822849e-03 4.826484e-03 4.860310e-03 9.975987e-01 9.975969e-01 9.975803e-01 2.401766e-03 4.786203e-03 4.818573e-03 4.704081e-03 4.707606e-03 4.737195e-03
45 2.241788e-03 2.242586e-03 2.243636e-03 9.988806e-01 9.988802e-01 9.988797e-01 1.119217e-03 2.236512e-03 2.237596e-03 2.223647e-03 2.224439e-03 2.225590e-03
46 2.534618e-03 2.536020e-03 2.540275e-03 9.987346e-01 9.987339e-01 9.987318e-01 1.265542e-03 2.528490e-03 2.532705e-03 2.512154e-03 2.513537e-03 2.517673e-03
47 6.396354e-03 6.399231e-03 6.407832e-03 9.968140e-01 9.968126e-01 9.968083e-01 3.185970e-03 6.350622e-03 6.359208e-03 6.252288e-03 6.255075e-03 6.263632e-03
48 2.348639e-02 2.350050e-02 2.341251e-02 9.884648e-01 9.884579e-01 9.884895e-01 1.153520e-02 2.268918e-02 2.264590e-02 2.120799e-02 2.122039e-02 2.123448e-02
49 1.510365e-01 1.511278e-01 1.503598e-01 9.324936e-01 9.324538e-01 9.324844e-01 6.750640e-02 1.236512e-01 1.237553e-01 9.130149e-02 9.134355e-02 9.158073e-02
50 8.585619e-01 8.589850e-01 8.611726e-01 7.288226e-01 7.287151e-01 7.290416e-01 2.711802e-01 4.191896e-01 4.191002e-01 1.744594e-01 1.744708e-01 1.749823e-01
51 1.592687e+00 1.593319e+00 1.603018e+00 6.059980e-01 6.058915e-01 6.057917e-01 3.939878e-01 5.550751e-01 5.553035e-01 1.640762e-01 1.640822e-01 1.644695e-01
52 1.159163e+00 1.159114e+00 1.159252e+00 6.732581e-01 6.731327e-01 6.723289e-01 3.267461e-01 4.804988e-01 4.816088e-01 1.701392e-01 1.701492e-01 1.706087e-01
53 2.099573e+00 2.101265e+00 2.098197e+00 5.272801e-01 5.271155e-01 5.266016e-01 4.727415e-01 6.502650e-01 6.512033e-01 1.613811e-01 1.613504e-01 1.622206e-01
54 1.797632e+00 1.798763e+00 1.793692e+00 5.895112e-01 5.893358e-01 5.899122e-01 4.105463e-01 5.703016e-01 5.695310e-01 1.603156e-01 1.602943e-01 1.602246e-01
55 6.811954e-01 6.815406e-01 6.799716e-01 7.660921e-01 7.659880e-01 7.662102e-01 2.339280e-01 3.647535e-01 3.646279e-01 1.541326e-01 1.541628e-01 1.544504e-01
56 9.948215e-02 9.953355e-02 9.915190e-02 9.535908e-01 9.535674e-01 9.536781e-01 4.641039e-02 8.720563e-02 8.708418e-02 6.896244e-02 6.899276e-02 6.907402e-02
57 1.351925e-02 1.352811e-02 1.351593e-02 9.933063e-01 9.933019e-01 9.933079e-01 6.694635e-03 1.326714e-02 1.325554e-02 1.276040e-02 1.276857e-02 1.275779e-02
58 6.120928e-03 6.124243e-03 6.107032e-03 9.969552e-01 9.969536e-01 9.969620e-01 3.044815e-03 6.061890e-03 6.045367e-03 5.936899e-03 5.940072e-03 5.924861e-03
59 3.257552e-03 3.259016e-03 3.250281e-03 9.983757e-01 9.983749e-01 9.983792e-01 1.624225e-03 3.241321e-03 3.232811e-03 3.204979e-03 3.206410e-03 3.198336e-03
60 1.223259e-03 1.224145e-03 1.220736e-03 9.993891e-01 9.993887e-01 9.993904e-01 6.109656e-04 1.221114e-03 1.217793e-03 1.214212e-03 1.215091e-03 1.211941e-03
61 5.080863e-04 5.083895e-04 5.109332e-04 9.997460e-01 9.997459e-01 9.997446e-01 2.539831e-04 5.080408e-04 5.105762e-04 5.070421e-04 5.073445e-04 5.098634e-04
62 8.196537e-04 8.200504e-04 8.181145e-04 9.995904e-01 9.995902e-01 9.995911e-01 4.096404e-04 8.193198e-04 8.173922e-04 8.174665e-04 8.178616e-04 8.159505e-04
63 3.171812e-03 3.173412e-03 3.203538e-03 9.984181e-01 9.984173e-01 9.984023e-01 1.581751e-03 3.157445e-03 3.187255e-03 3.124659e-03 3.126224e-03 3.155331e-03
64 1.095103e-02 1.095621e-02 1.093300e-02 9.945531e-01 9.945505e-01 9.945615e-01 5.446848e-03 1.084252e-02 1.082156e-02 1.061532e-02 1.062027e-02 1.060342e-02
65 3.901834e-02 3.903603e-02 3.887192e-02 9.808653e-01 9.808567e-01 9.809254e-01 1.913420e-02 3.757192e-02 3.745709e-02 3.488528e-02 3.490015e-02 3.485555e-02
66 1.102494e-01 1.102936e-01 1.109116e-01 9.478364e-01 9.478162e-01 9.475438e-01 5.216225e-02 9.910932e-02 9.959848e-02 8.123561e-02 8.126211e-02 8.159862e-02
67 1.586381e-01 1.587036e-01 1.585305e-01 9.256326e-01 9.256027e-01 9.256368e-01 7.436992e-02 1.400183e-01 1.400216e-01 1.103176e-01 1.103548e-01 1.105236e-01
68 3.691213e-01 3.692543e-01 3.678409e-01 8.444637e-01 8.444146e-01 8.447422e-01 1.555279e-01 2.700795e-01 2.696953e-01 1.600888e-01 1.601123e-01 1.601169e-01
69 8.483746e-01 8.488027e-01 8.503000e-01 7.160322e-01 7.159173e-01 7.154909e-01 2.839785e-01 4.420361e-01 4.429090e-01 1.825332e-01 1.825485e-01 1.836699e-01
70 1.063723e+00 1.064182e+00 1.064700e+00 6.754264e-01 6.753211e-01 6.755747e-01 3.245767e-01 4.915568e-01 4.910354e-01 1.861438e-01 1.861483e-01 1.860578e-01
71 1.277813e+00 1.278415e+00 1.277017e+00 6.376590e-01 6.375286e-01 6.371824e-01 3.623629e-01 5.264247e-01 5.269863e-01 1.706924e-01 1.706951e-01 1.710536e-01
72 1.121398e+00 1.121840e+00 1.121297e+00 6.512084e-01 6.511100e-01 6.506898e-01 3.487807e-01 5.277792e-01 5.285976e-01 1.936979e-01 1.936941e-01 1.945254e-01
73 1.321055e+00 1.321674e+00 1.318449e+00 6.282768e-01 6.281520e-01 6.277458e-01 3.717325e-01 5.334775e-01 5.345933e-01 1.649757e-01 1.649749e-01 1.660334e-01
74 1.803514e-01 1.805856e-01 1.855873e-01 9.418182e-01 9.417437e-01 9.411404e-01 5.821318e-02 1.012632e-01 1.015442e-01 6.855617e-02 6.860622e-02 6.834361e-02
75 1.280175e-02 1.280848e-02 1.277315e-02 9.936483e-01 9.936450e-01 9.936612e-01 6.351832e-03 1.261346e-02 1.258391e-02 1.223211e-02 1.223843e-02 1.221856e-02
76 9.604072e-03 9.608558e-03 9.596035e-03 9.952232e-01 9.952210e-01 9.952271e-01 4.776860e-03 9.508174e-03 9.496021e-03 9.307548e-03 9.311854e-03 9.300404e-03
77 2.547926e-03 2.549270e-03 2.549323e-03 9.987280e-01 9.987273e-01 9.987273e-01 1.272065e-03 2.541538e-03 2.541595e-03 2.524850e-03 2.526178e-03 2.526243e-03
78 5.907330e-04 5.910624e-04 5.931364e-04 9.997048e-01 9.997046e-01 9.997036e-01 2.952516e-04 5.905756e-04 5.926544e-04 5.892760e-04 5.896044e-04 5.916926e-04
79 6.352503e-04 6.355012e-04 6.351035e-04 9.996825e-01 9.996823e-01 9.996825e-01 3.175263e-04 6.351090e-04 6.347134e-04 6.340753e-04 6.343256e-04 6.339342e-04
80 1.377376e-03 1.377942e-03 1.383885e-03 9.993118e-01 9.993115e-01 9.993086e-01 6.881476e-04 1.375913e-03 1.381821e-03 1.371305e-03 1.371868e-03 1.377709e-03
81 2.561548e-03 2.562570e-03 2.567511e-03 9.987210e-01 9.987205e-01 9.987180e-01 1.278985e-03 2.555487e-03 2.560411e-03 2.540400e-03 2.541410e-03 2.546299e-03
82 3.541806e-03 3.543145e-03 3.526675e-03 9.982321e-01 9.982315e-01 9.982396e-01 1.767777e-03 3.531022e-03 3.514917e-03 3.505642e-03 3.506961e-03 3.491570e-03
83 8.567720e-03 8.572040e-03 8.540426e-03 9.957378e-01 9.957357e-01 9.957505e-01 4.262251e-03 8.485979e-03 8.458176e-03 8.314794e-03 8.318946e-03 8.297914e-03
84 3.141931e-02 3.142735e-02 3.151531e-02 9.845571e-01 9.845531e-01 9.845108e-01 1.544060e-02 3.038052e-02 3.046203e-02 2.843403e-02 2.844115e-02 2.851140e-02
85 6.936890e-02 6.940350e-02 6.943205e-02 9.669376e-01 9.669214e-01 9.669107e-01 3.306479e-02 6.327010e-02 6.328632e-02 5.342092e-02 5.344543e-02 5.345048e-02
86 7.042455e-02 7.045426e-02 7.021795e-02 9.666636e-01 9.666499e-01 9.667446e-01 3.333584e-02 6.341545e-02 6.326395e-02 5.245457e-02 5.247356e-02 5.243378e-02
87 1.000190e-01 1.000689e-01 1.001764e-01 9.537501e-01 9.537280e-01 9.536839e-01 4.625120e-02 8.620017e-02 8.627541e-02 6.602708e-02 6.605317e-02 6.610119e-02
88 1.122894e-01 1.123305e-01 1.125082e-01 9.478896e-01 9.478715e-01 9.478148e-01 5.210672e-02 9.739452e-02 9.746255e-02 7.532886e-02 7.534924e-02 7.531209e-02
89 5.371589e-02 5.374983e-02 5.360645e-02 9.740132e-01 9.739970e-01 9.740591e-01 2.599120e-02 5.038408e-02 5.027664e-02 4.450870e-02 4.453404e-02 4.448154e-02
90 6.582390e-03 6.586238e-03 6.576442e-03 9.967213e-01 9.967193e-01 9.967240e-01 3.279037e-03 6.536607e-03 6.527623e-03 6.435516e-03 6.439236e-03 6.431757e-03
91 1.128434e-03 1.128966e-03 1.129028e-03 9.994362e-01 9.994359e-01 9.994359e-01 5.638638e-04 1.127492e-03 1.127561e-03 1.124025e-03 1.124554e-03 1.124635e-03
92 7.278589e-04 7.282593e-04 7.257566e-04 9.996363e-01 9.996361e-01 9.996373e-01 3.637160e-04 7.273841e-04 7.249006e-04 7.252409e-04 7.256394e-04 7.231939e-04
93 2.980465e-04 2.981968e-04 2.983117e-04 9.998510e-01 9.998509e-01 9.998509e-01 1.489904e-04 2.980673e-04 2.981818e-04 2.976584e-04 2.978085e-04 2.979224e-04
94 1.066851e-04 1.067383e-04 1.069558e-04 9.999467e-01 9.999466e-01 9.999465e-01 5.334208e-05 1.067261e-04 1.069434e-04 1.066485e-04 1.067017e-04 1.069187e-04
95 4.771948e-05 4.774423e-05 4.779985e-05 9.999761e-01 9.999761e-01 9.999761e-01 2.385921e-05 4.774153e-05 4.779717e-05 4.771138e-05 4.773612e-05 4.779180e-05
96 9.867771e-05 9.872210e-05 9.878302e-05 9.999507e-01 9.999506e-01 9.999506e-01 4.933609e-05 9.871123e-05 9.877223e-05 9.864513e-05 9.868950e-05 9.875065e-05
97 1.796472e-04 1.797255e-04 1.799982e-04 9.999102e-01 9.999101e-01 9.999100e-01 8.981340e-05 1.796964e-04 1.799692e-04 1.795599e-04 1.796381e-04 1.799111e-04
98 5.548265e-04 5.550633e-04 5.556658e-04 9.997227e-01 9.997225e-01 9.997222e-01 2.773308e-04 5.547714e-04 5.553759e-04 5.539520e-04 5.541883e-04 5.547967e-04
99 1.980901e-03 1.981634e-03 1.977876e-03 9.990105e-01 9.990102e-01 9.990120e-01 9.894466e-04 1.977742e-03 1.974018e-03 1.969268e-03 1.969994e-03 1.966340e-03
100 5.489732e-03 5.491460e-03 5.504091e-03 9.972615e-01 9.972606e-01 9.972543e-01 2.738282e-03 5.466050e-03 5.478642e-03 5.414017e-03 5.415706e-03 5.428217e-03
101 1.114649e-02 1.115142e-02 1.118045e-02 9.944602e-01 9.944578e-01 9.944436e-01 5.539792e-03 1.101851e-02 1.104614e-02 1.075608e-02 1.076076e-02 1.078576e-02
102 2.032079e-02 2.032914e-02 2.031840e-02 9.899860e-01 9.899819e-01 9.899839e-01 1.001317e-02 1.975463e-02 1.975669e-02 1.868368e-02 1.869092e-02 1.871345e-02
103 4.207387e-02 4.209335e-02 4.230058e-02 9.794854e-01 9.794760e-01 9.793842e-01 2.051545e-02 4.006671e-02 4.023010e-02 3.646235e-02 3.647834e-02 3.657793e-02
104 4.302021e-02 4.303407e-02 4.317310e-02 9.790824e-01 9.790758e-01 9.790142e-01 2.091558e-02 4.073729e-02 4.084687e-02 3.667816e-02 3.668888e-02 3.675349e-02
105 3.510842e-02 3.512432e-02 3.509445e-02 9.828473e-01 9.828397e-01 9.828507e-01 1.715298e-02 3.356055e-02 3.354524e-02 3.074231e-02 3.075514e-02 3.076052e-02
106 6.579681e-02 6.582765e-02 6.577568e-02 9.681706e-01 9.681560e-01 9.681728e-01 3.183106e-02 6.168864e-02 6.167026e-02 5.440872e-02 5.443184e-02 5.446003e-02
107 5.989793e-03 5.993167e-03 5.975311e-03 9.970140e-01 9.970124e-01 9.970211e-01 2.986424e-03 5.957519e-03 5.940264e-03 5.883906e-03 5.887180e-03 5.871098e-03
108 6.240393e-03 6.243196e-03 6.235919e-03 9.968910e-01 9.968896e-01 9.968931e-01 3.109040e-03 6.198712e-03 6.191914e-03 6.108483e-03 6.111194e-03 6.105318e-03
109 3.318567e-03 3.320454e-03 3.327597e-03 9.983453e-01 9.983443e-01 9.983408e-01 1.654729e-03 3.302234e-03 3.309354e-03 3.264561e-03 3.266403e-03 3.273464e-03
110 7.321278e-03 7.324454e-03 7.321914e-03 9.963555e-01 9.963540e-01 9.963552e-01 3.644430e-03 7.259947e-03 7.257671e-03 7.130155e-03 7.133203e-03 7.131428e-03
111 1.243065e-03 1.243951e-03 1.235259e-03 9.993795e-01 9.993791e-01 9.993834e-01 6.205099e-04 1.239722e-03 1.231138e-03 1.230462e-03 1.231334e-03 1.222961e-03
112 1.058748e-04 1.059671e-04 1.054791e-04 9.999471e-01 9.999470e-01 9.999473e-01 5.295213e-05 1.059483e-04 1.054606e-04 1.058186e-04 1.059108e-04 1.054237e-04
113 4.873995e-05 4.876559e-05 4.861597e-05 9.999756e-01 9.999756e-01 9.999757e-01 2.436958e-05 4.876208e-05 4.861253e-05 4.872945e-05 4.875508e-05 4.860567e-05
114 3.566691e-05 3.567976e-05 3.556825e-05 9.999822e-01 9.999822e-01 9.999822e-01 1.783156e-05 3.567830e-05 3.556681e-05 3.566252e-05 3.567537e-05 3.556392e-05
115 9.247424e-05 9.250623e-05 9.267476e-05 9.999538e-01 9.999537e-01 9.999537e-01 4.623034e-05 9.249638e-05 9.266488e-05 9.244470e-05 9.247668e-05 9.264512e-05
116 2.879591e-04 2.881016e-04 2.888197e-04 9.998560e-01 9.998560e-01 9.998556e-01 1.439462e-04 2.879868e-04 2.887041e-04 2.876152e-04 2.877574e-04 2.884732e-04
117 1.029491e-03 1.030019e-03 1.026145e-03 9.994856e-01 9.994854e-01 9.994873e-01 5.143830e-04 1.028559e-03 1.024721e-03 1.025125e-03 1.025650e-03 1.021881e-03
118 2.276816e-03 2.277955e-03 2.273009e-03 9.988634e-01 9.988628e-01 9.988652e-01 1.136636e-03 2.270880e-03 2.266083e-03 2.255715e-03 2.256838e-03 2.252333e-03
