0 1.744612e+01 1.745863e+01 1.742070e+01 3.519685e-01 3.518874e-01 3.498675e-01 6.479866e-01 7.080885e-01 7.120160e-01 5.272324e-02 5.271529e-02 5.255597e-02
1 9.568439e+01 9.572051e+01 9.561185e+01 2.341799e-03 2.336906e-03 4.098188e-04 9.976584e-01 9.998247e-01 9.999984e-01 1.742405e-04 1.736280e-04 1.558520e-06
2 1.426803e+02 1.426091e+02 1.425216e+02 3.739791e-03 3.728170e-03 3.215626e-03 9.962612e-01 9.998039e-01 9.999004e-01 1.962914e-04 1.951993e-04 9.946669e-05
3 1.177970e+02 1.180510e+02 1.185932e+02 2.039189e-02 2.034643e-02 1.564400e-02 9.796129e-01 9.954248e-01 9.982178e-01 4.004387e-03 3.993041e-03 1.751024e-03
4 6.236523e+01 6.240520e+01 6.245581e+01 3.267707e-02 3.260682e-02 3.138947e-02 9.673288e-01 9.946644e-01 9.954731e-01 5.079987e-03 5.062389e-03 4.387857e-03
5 2.319241e+01 2.320971e+01 2.320070e+01 9.241808e-02 9.227967e-02 9.028558e-02 9.075980e-01 9.740658e-01 9.764636e-01 2.193772e-02 2.189305e-02 2.092843e-02
6 5.374519e+00 5.378158e+00 5.310404e+00 3.569367e-01 3.567028e-01 3.560877e-01 6.431217e-01 7.893022e-01 7.905032e-01 1.099447e-01 1.098769e-01 1.105940e-01
7 1.331472e+00 1.332263e+00 1.326070e+00 6.759723e-01 6.758231e-01 6.758207e-01 3.240496e-01 4.648029e-01 4.647468e-01 1.553293e-01 1.553433e-01 1.554395e-01
8 6.179522e-01 6.183738e-01 6.160978e-01 8.251840e-01 8.250757e-01 8.253181e-01 1.748427e-01 2.668449e-01 2.665553e-01 1.139584e-01 1.139863e-01 1.139714e-01
9 3.005550e-01 3.007854e-01 2.986732e-01 8.940077e-01 8.939249e-01 8.935194e-01 1.060111e-01 1.759738e-01 1.763545e-01 1.001723e-01 1.002202e-01 1.002888e-01
10 2.013960e-01 2.015304e-01 2.022193e-01 9.161517e-01 9.160961e-01 9.159511e-01 8.386014e-02 1.465877e-01 1.466689e-01 9.349367e-02 9.354107e-02 9.339006e-02
11 4.899609e-01 4.901899e-01 4.892885e-01 8.150567e-01 8.149844e-01 8.149338e-01 1.849404e-01 3.015484e-01 3.017808e-01 1.481450e-01 1.481655e-01 1.482734e-01
12 4.118771e+00 4.121058e+00 4.147179e+00 4.263736e-01 4.262082e-01 4.257759e-01 5.736402e-01 7.226845e-01 7.233137e-01 1.270653e-01 1.270311e-01 1.276520e-01
13 1.476016e+01 1.476758e+01 1.477528e+01 1.132139e-01 1.131205e-01 1.110426e-01 8.867814e-01 9.608168e-01 9.634559e-01 3.051763e-02 3.048679e-02 2.986034e-02
14 2.426012e+01 2.427043e+01 2.425122e+01 4.373722e-02 4.368714e-02 4.181971e-02 9.562681e-01 9.918002e-01 9.929762e-01 7.679751e-03 7.666306e-03 6.711631e-03
15 1.705285e+01 1.706325e+01 1.708959e+01 2.391536e-01 2.390017e-01 2.389786e-01 7.608837e-01 8.575860e-01 8.577446e-01 7.401755e-02 7.397601e-02 7.502749e-02
16 1.368136e+01 1.368723e+01 1.372972e+01 1.333028e-01 1.332186e-01 1.302577e-01 8.666759e-01 9.460469e-01 9.511077e-01 3.604811e-02 3.602399e-02 3.680977e-02
17 1.698416e+01 1.699389e+01 1.696362e+01 8.383482e-02 8.373905e-02 8.215759e-02 9.161821e-01 9.792764e-01 9.807698e-01 1.859458e-02 1.856402e-02 1.763822e-02
18 7.448026e+00 7.452452e+00 7.432049e+00 3.093658e-01 3.091755e-01 3.090857e-01 6.906687e-01 8.277246e-01 8.281105e-01 9.829487e-02 9.823545e-02 9.899207e-02
19 2.712518e+00 2.713897e+00 2.695944e+00 5.619136e-01 5.617584e-01 5.618262e-01 4.380869e-01 5.900291e-01 5.900578e-01 1.502288e-01 1.502256e-01 1.504674e-01
20 9.652253e-01 9.661816e-01 9.578171e-01 7.647038e-01 7.645374e-01 7.646207e-01 2.353534e-01 3.546821e-01 3.545315e-01 1.514419e-01 1.514782e-01 1.516466e-01
21 3.505321e-01 3.507575e-01 3.425702e-01 8.781657e-01 8.780900e-01 8.784777e-01 1.218390e-01 2.037696e-01 2.034594e-01 1.192207e-01 1.192648e-01 1.194481e-01
22 1.928638e-01 1.929766e-01 1.928010e-01 9.134437e-01 9.133926e-01 9.132756e-01 8.656652e-02 1.583908e-01 1.585885e-01 1.147711e-01 1.148228e-01 1.147635e-01
23 7.625049e-02 7.630028e-02 7.595804e-02 9.639068e-01 9.638836e-01 9.639830e-01 3.609546e-02 6.869836e-02 6.858254e-02 5.690883e-02 5.694243e-02 5.697572e-02
24 2.247791e-02 2.249262e-02 2.182079e-02 9.919171e-01 9.919115e-01 9.915611e-01 8.082395e-03 1.359712e-02 1.408953e-02 9.008661e-03 9.013043e-03 8.557658e-03
25 1.315954e-02 1.317442e-02 1.288533e-02 9.944100e-01 9.944032e-01 9.942834e-01 5.592624e-03 9.978029e-03 1.034646e-02 7.183779e-03 7.193169e-03 7.409157e-03
26 1.799122e-03 1.800002e-03 1.800508e-03 9.991015e-01 9.991011e-01 9.991008e-01 8.984221e-04 1.795628e-03 1.796330e-03 1.786077e-03 1.786949e-03 1.788026e-03
27 8.018744e-03 8.023617e-03 8.053508e-03 9.960334e-01 9.960310e-01 9.960139e-01 3.966277e-03 7.855819e-03 7.893452e-03 7.541097e-03 7.545658e-03 7.592880e-03
28 5.347797e-02 5.350522e-02 5.341754e-02 9.741504e-01 9.741374e-01 9.741695e-01 2.584839e-02 5.010126e-02 5.005182e-02 4.434884e-02 4.436943e-02 4.434725e-02
29 2.216548e-01 2.217466e-01 2.219830e-01 9.010552e-01 9.010157e-01 9.009581e-01 9.894539e-02 1.794439e-01 1.795045e-01 1.248204e-01 1.248576e-01 1.248535e-01
30 2.601344e-01 2.602527e-01 2.594648e-01 8.844779e-01 8.844282e-01 8.845529e-01 1.155219e-01 2.080955e-01 2.080754e-01 1.395183e-01 1.395576e-01 1.398218e-01
31 2.853043e-01 2.854604e-01 2.840063e-01 8.786283e-01 8.785632e-01 8.786073e-01 1.213797e-01 2.143053e-01 2.145460e-01 1.384581e-01 1.385055e-01 1.390263e-01
32 7.637982e-01 7.641140e-01 7.637778e-01 7.273687e-01 7.272733e-01 7.272460e-01 2.726324e-01 4.329564e-01 4.330731e-01 1.896514e-01 1.896656e-01 1.898827e-01
33 2.234797e+00 2.235901e+00 2.242833e+00 4.852914e-01 4.851266e-01 4.846674e-01 5.147348e-01 6.938948e-01 6.947658e-01 1.548604e-01 1.548247e-01 1.554134e-01
34 7.996566e+00 8.000175e+00 7.977544e+00 2.392081e-01 2.391049e-01 2.379769e-01 7.607725e-01 8.871745e-01 8.890644e-01 7.659352e-02 7.655613e-02 7.666776e-02
35 1.526324e+01 1.527021e+01 1.526646e+01 1.339304e-01 1.338232e-01 1.317399e-01 8.660743e-01 9.527779e-01 9.548181e-01 3.723126e-02 3.719165e-02 3.637280e-02
36 1.346737e+01 1.347433e+01 1.341772e+01 1.207416e-01 1.206408e-01 1.192996e-01 8.792680e-01 9.563761e-01 9.585743e-01 3.281015e-02 3.277705e-02 3.262763e-02
37 1.120489e+01 1.121106e+01 1.127020e+01 2.158853e-01 2.157349e-01 2.126825e-01 7.841231e-01 8.966952e-01 9.015520e-01 6.703419e-02 6.698285e-02 6.797301e-02
38 1.590580e+01 1.591230e+01 1.592722e+01 9.894561e-02 9.885949e-02 9.630065e-02 9.010615e-01 9.710759e-01 9.737672e-01 2.445146e-02 2.442185e-02 2.314487e-02
39 6.187200e+00 6.191993e+00 6.148869e+00 3.061684e-01 3.059774e-01 3.050165e-01 6.938692e-01 8.316797e-01 8.337014e-01 9.364404e-02 9.358630e-02 9.511331e-02
40 5.637774e-01 5.641592e-01 5.609624e-01 7.991948e-01 7.990796e-01 7.989914e-01 2.008291e-01 3.206919e-01 3.209368e-01 1.457934e-01 1.458163e-01 1.461045e-01
41 9.714394e-02 9.722312e-02 9.712091e-02 9.545045e-01 9.544694e-01 9.544986e-01 4.550894e-02 8.577500e-02 8.574260e-02 6.850996e-02 6.855014e-02 6.856783e-02
42 4.604029e-02 4.606637e-02 4.623455e-02 9.778206e-01 9.778082e-01 9.777370e-01 2.217974e-02 4.285015e-02 4.297180e-02 3.743985e-02 3.745928e-02 3.752141e-02
43 1.608608e-02 1.609257e-02 1.611996e-02 9.920409e-01 9.920377e-01 9.920242e-01 7.958708e-03 1.576062e-02 1.578711e-02 1.512034e-02 1.512632e-02 1.515101e-02
44 5.346131e-03 5.350335e-03 5.376605e-03 9.973393e-01 9.973372e-01 9.973244e-01 2.661263e-03 5.301062e-03 5.326093e-03 5.201043e-03 5.205105e-03 5.227777e-03
45 2.404566e-03 2.405371e-03 2.403786e-03 9.987995e-01 9.987991e-01 9.987999e-01 1.200276e-03 2.398144e-03 2.396616e-03 2.382993e-03 2.383795e-03 2.382375e-03
46 2.793153e-03 2.794779e-03 2.796201e-03 9.986057e-01 9.986049e-01 9.986042e-01 1.394423e-03 2.785527e-03 2.786922e-03 2.765565e-03 2.767167e-03 2.768508e-03
47 6.859165e-03 6.862257e-03 6.872736e-03 9.965843e-01 9.965828e-01 9.965775e-01 3.415708e-03 6.806967e-03 6.817367e-03 6.695403e-03 6.698394e-03 6.708634e-03
48 2.637841e-02 2.639434e-02 2.637761e-02 9.870860e-01 9.870782e-01 9.870752e-01 1.291403e-02 2.532704e-02 2.534913e-02 2.342187e-02 2.343573e-02 2.349469e-02
49 1.692996e-01 1.694007e-01 1.679890e-01 9.250520e-01 9.250083e-01 9.252463e-01 7.494815e-02 1.363517e-01 1.361197e-01 9.832722e-02 9.837099e-02 9.843229e-02
50 8.743650e-01 8.747989e-01 8.778930e-01 7.231717e-01 7.230610e-01 7.232456e-01 2.768330e-01 4.274626e-01 4.274352e-01 1.765653e-01 1.765759e-01 1.769348e-01
51 1.495102e+00 1.495708e+00 1.507871e+00 6.192759e-01 6.191693e-01 6.187740e-01 3.807114e-01 5.403929e-01 5.409495e-01 1.644701e-01 1.644775e-01 1.649550e-01
52 1.069870e+00 1.069818e+00 1.068695e+00 6.862469e-01 6.861256e-01 6.855741e-01 3.137562e-01 4.665282e-01 4.672870e-01 1.710874e-01 1.711005e-01 1.714725e-01
53 1.963005e+00 1.964579e+00 1.961000e+00 5.407958e-01 5.406310e-01 5.402934e-01 4.592282e-01 6.377243e-01 6.387489e-01 1.649955e-01 1.649670e-01 1.661593e-01
54 1.690429e+00 1.691482e+00 1.686845e+00 6.017334e-01 6.015597e-01 6.017651e-01 3.983240e-01 5.573962e-01 5.571156e-01 1.615508e-01 1.615317e-01 1.614579e-01
55 6.864356e-01 6.867781e-01 6.854662e-01 7.637788e-01 7.636741e-01 7.636320e-01 2.362419e-01 3.684243e-01 3.687504e-01 1.554625e-01 1.554927e-01 1.558362e-01
56 1.087178e-01 1.087740e-01 1.083115e-01 9.495794e-01 9.495541e-01 9.497007e-01 5.042191e-02 9.428626e-02 9.409428e-02 7.330236e-02 7.333430e-02 7.333979e-02
57 1.422075e-02 1.423011e-02 1.422649e-02 9.929599e-01 9.929553e-01 9.929563e-01 7.041152e-03 1.395212e-02 1.395131e-02 1.341246e-02 1.342108e-02 1.342488e-02
58 6.205467e-03 6.208826e-03 6.201825e-03 9.969130e-01 9.969114e-01 9.969148e-01 3.086979e-03 6.146052e-03 6.139399e-03 6.020176e-03 6.023396e-03 6.017406e-03
59 3.426447e-03 3.427965e-03 3.418754e-03 9.982917e-01 9.982909e-01 9.982954e-01 1.708212e-03 3.408524e-03 3.399593e-03 3.368706e-03 3.370188e-03 3.361802e-03
60 1.340629e-03 1.341626e-03 1.337518e-03 9.993306e-01 9.993301e-01 9.993321e-01 6.695190e-04 1.337999e-03 1.333975e-03 1.329807e-03 1.330795e-03 1.326934e-03
61 5.766653e-04 5.770089e-04 5.788116e-04 9.997118e-01 9.997116e-01 9.997107e-01 2.882486e-04 5.765504e-04 5.783448e-04 5.752923e-04 5.756350e-04 5.774131e-04
62 9.337697e-04 9.342293e-04 9.331251e-04 9.995334e-01 9.995331e-01 9.995337e-01 4.666405e-04 9.332688e-04 9.321744e-04 9.308949e-04 9.313523e-04 9.302774e-04
63 3.577101e-03 3.578954e-03 3.609943e-03 9.982167e-01 9.982157e-01 9.982003e-01 1.783180e-03 3.558207e-03 3.588864e-03 3.515979e-03 3.517785e-03 3.547664e-03
64 1.218497e-02 1.219076e-02 1.219564e-02 9.939433e-01 9.939404e-01 9.939377e-01 6.056626e-03 1.204856e-02 1.205448e-02 1.176590e-02 1.177140e-02 1.177911e-02
65 4.146127e-02 4.147979e-02 4.139834e-02 9.796842e-01 9.796752e-01 9.797048e-01 2.031519e-02 3.985830e-02 3.981754e-02 3.688810e-02 3.690359e-02 3.691840e-02
66 1.107098e-01 1.107541e-01 1.111262e-01 9.475430e-01 9.475226e-01 9.473566e-01 5.245585e-02 9.978571e-02 1.000888e-01 8.211555e-02 8.214255e-02 8.237097e-02
67 1.613593e-01 1.614258e-01 1.616520e-01 9.244313e-01 9.244010e-01 9.242806e-01 7.557116e-02 1.421618e-01 1.424087e-01 1.116727e-01 1.117104e-01 1.119576e-01
68 3.740222e-01 3.741549e-01 3.729957e-01 8.426744e-01 8.426251e-01 8.428504e-01 1.573179e-01 2.728736e-01 2.726533e-01 1.611539e-01 1.611776e-01 1.612796e-01
69 8.255459e-01 8.259594e-01 8.282254e-01 7.213997e-01 7.212864e-01 7.207776e-01 2.786110e-01 4.354969e-01 4.364548e-01 1.830477e-01 1.830645e-01 1.842127e-01
70 9.986847e-01 9.991155e-01 9.991583e-01 6.871893e-01 6.870854e-01 6.869274e-01 3.128151e-01 4.781404e-01 4.782862e-01 1.873762e-01 1.873833e-01 1.873941e-01
71 1.178788e+00 1.179343e+00 1.175807e+00 6.550903e-01 6.549638e-01 6.548875e-01 3.449312e-01 5.071118e-01 5.073529e-01 1.722821e-01 1.722877e-01 1.726481e-01
72 1.026111e+00 1.026515e+00 1.026129e+00 6.700574e-01 6.699614e-01 6.695037e-01 3.299330e-01 5.058400e-01 5.066293e-01 1.955984e-01 1.955982e-01 1.962526e-01
73 1.269163e+00 1.269750e+00 1.264962e+00 6.363709e-01 6.362490e-01 6.361526e-01 3.636367e-01 5.251265e-01 5.257908e-01 1.664896e-01 1.664915e-01 1.674227e-01
74 2.102608e-01 2.105245e-01 2.157022e-01 9.377710e-01 9.376917e-01 9.373123e-01 6.226089e-02 1.073831e-01 1.076492e-01 7.092428e-02 7.097675e-02 7.092814e-02
75 1.232164e-02 1.232823e-02 1.228839e-02 9.938852e-01 9.938819e-01 9.939003e-01 6.114980e-03 1.214589e-02 1.211208e-02 1.178900e-02 1.179523e-02 1.177156e-02
76 9.552446e-03 9.556931e-03 9.548191e-03 9.952483e-01 9.952461e-01 9.952504e-01 4.751707e-03 9.459155e-03 9.450772e-03 9.263498e-03 9.267812e-03 9.260106e-03
77 2.710023e-03 2.711442e-03 2.714505e-03 9.986471e-01 9.986464e-01 9.986449e-01 1.352890e-03 2.702813e-03 2.705878e-03 2.684275e-03 2.685676e-03 2.688745e-03
78 6.343339e-04 6.346913e-04 6.369952e-04 9.996830e-01 9.996828e-01 9.996816e-01 3.170317e-04 6.341246e-04 6.364336e-04 6.326380e-04 6.329941e-04 6.353131e-04
79 6.755480e-04 6.758107e-04 6.754855e-04 9.996623e-01 9.996622e-01 9.996624e-01 3.376635e-04 6.753733e-04 6.750501e-04 6.742378e-04 6.744998e-04 6.741805e-04
80 1.394844e-03 1.395406e-03 1.400279e-03 9.993031e-01 9.993028e-01 9.993004e-01 6.968784e-04 1.393357e-03 1.398201e-03 1.388715e-03 1.389273e-03 1.394061e-03
81 2.487631e-03 2.488614e-03 2.494980e-03 9.987578e-01 9.987573e-01 9.987542e-01 1.242159e-03 2.482057e-03 2.488400e-03 2.468047e-03 2.469020e-03 2.475317e-03
82 3.525760e-03 3.527144e-03 3.504679e-03 9.982401e-01 9.982394e-01 9.982505e-01 1.759771e-03 3.515105e-03 3.493197e-03 3.489848e-03 3.491213e-03 3.470390e-03
83 9.099695e-03 9.104305e-03 9.030797e-03 9.954750e-01 9.954727e-01 9.955079e-01 4.525026e-03 9.005553e-03 8.938327e-03 8.809917e-03 8.814333e-03 8.758405e-03
84 3.246268e-02 3.247127e-02 3.246113e-02 9.840531e-01 9.840489e-01 9.840528e-01 1.594466e-02 3.135574e-02 3.135010e-02 2.928707e-02 2.929462e-02 2.929623e-02
85 6.690167e-02 6.693480e-02 6.695183e-02 9.680480e-01 9.680323e-01 9.680305e-01 3.195437e-02 6.125369e-02 6.124875e-02 5.204424e-02 5.206822e-02 5.204816e-02
86 6.567153e-02 6.569899e-02 6.559402e-02 9.687794e-01 9.687666e-01 9.688062e-01 3.122012e-02 5.961103e-02 5.955333e-02 4.996187e-02 4.998015e-02 4.998849e-02
87 9.419791e-02 9.424393e-02 9.411180e-02 9.562117e-01 9.561910e-01 9.562378e-01 4.378951e-02 8.197718e-02 8.191491e-02 6.381647e-02 6.384187e-02 6.386948e-02
88 1.039715e-01 1.040095e-01 1.040833e-01 9.515051e-01 9.514882e-01 9.514651e-01 4.849116e-02 9.103035e-02 9.105501e-02 7.153511e-02 7.155499e-02 7.152462e-02
89 5.303062e-02 5.306428e-02 5.294382e-02 9.743264e-01 9.743104e-01 9.743616e-01 2.567791e-02 4.980914e-02 4.972229e-02 4.410684e-02 4.413215e-02 4.409560e-02
90 6.897100e-03 6.901102e-03 6.871226e-03 9.965654e-01 9.965634e-01 9.965780e-01 3.434911e-03 6.845602e-03 6.817149e-03 6.732997e-03 6.736857e-03 6.711068e-03
91 1.100040e-03 1.100551e-03 1.101680e-03 9.994503e-01 9.994501e-01 9.994495e-01 5.496937e-04 1.099186e-03 1.100315e-03 1.095954e-03 1.096463e-03 1.097592e-03
92 7.155178e-04 7.159110e-04 7.140312e-04 9.996424e-01 9.996422e-01 9.996432e-01 3.575600e-04 7.150918e-04 7.132286e-04 7.130668e-04 7.134583e-04 7.116280e-04
93 3.076880e-04 3.078413e-04 3.076502e-04 9.998462e-01 9.998461e-01 9.998462e-01 1.538094e-04 3.077055e-04 3.075145e-04 3.072810e-04 3.074341e-04 3.072435e-04
94 1.137295e-04 1.137867e-04 1.137835e-04 9.999431e-01 9.999431e-01 9.999431e-01 5.686407e-05 1.137726e-04 1.137694e-04 1.136873e-04 1.137445e-04 1.137410e-04
95 4.931255e-05 4.933816e-05 4.938688e-05 9.999753e-01 9.999753e-01 9.999753e-01 2.465574e-05 4.933535e-05 4.938407e-05 4.930412e-05 4.932972e-05 4.937845e-05
96 9.858188e-05 9.862717e-05 9.880821e-05 9.999507e-01 9.999507e-01 9.999506e-01 4.928821e-05 9.861649e-05 9.879757e-05 9.854987e-05 9.859513e-05 9.877630e-05
97 1.911898e-04 1.912753e-04 1.912848e-04 9.999044e-01 9.999044e-01 9.999044e-01 9.558344e-05 1.912411e-04 1.912511e-04 1.910875e-04 1.911728e-04 1.911838e-04
98 5.950636e-04 5.953158e-04 5.949626e-04 9.997026e-01 9.997024e-01 9.997026e-01 2.974354e-04 5.949754e-04 5.946263e-04 5.940440e-04 5.942955e-04 5.939545e-04
99 2.109253e-03 2.110027e-03 2.105653e-03 9.989465e-01 9.989461e-01 9.989482e-01 1.053510e-03 2.105684e-03 2.101366e-03 2.096273e-03 2.097040e-03 2.092833e-03
100 5.586767e-03 5.588526e-03 5.592336e-03 9.972130e-01 9.972122e-01 9.972102e-01 2.786747e-03 5.562880e-03 5.566748e-03 5.510333e-03 5.512053e-03 5.516035e-03
101 1.114405e-02 1.114896e-02 1.118790e-02 9.944622e-01 9.944598e-01 9.944408e-01 5.537768e-03 1.101300e-02 1.105014e-02 1.074513e-02 1.074980e-02 1.078355e-02
102 1.999760e-02 2.000592e-02 1.998293e-02 9.901435e-01 9.901394e-01 9.901484e-01 9.855692e-03 1.944720e-02 1.943391e-02 1.840483e-02 1.841206e-02 1.841457e-02
103 3.982304e-02 3.984146e-02 4.005447e-02 9.805535e-01 9.805446e-01 9.804496e-01 1.944729e-02 3.803355e-02 3.820342e-02 3.479285e-02 3.480817e-02 3.491294e-02
104 3.987844e-02 3.989135e-02 4.008465e-02 9.805716e-01 9.805654e-01 9.804764e-01 1.942660e-02 3.790757e-02 3.807142e-02 3.437293e-02 3.438315e-02 3.449895e-02
105 3.230451e-02 3.231930e-02 3.229188e-02 9.841810e-01 9.841738e-01 9.841835e-01 1.581942e-02 3.101833e-02 3.100599e-02 2.864931e-02 2.866150e-02 2.867083e-02
106 6.212365e-02 6.215202e-02 6.206305e-02 9.698813e-01 9.698677e-01 9.699029e-01 3.012022e-02 5.849227e-02 5.843773e-02 5.199539e-02 5.201713e-02 5.201193e-02
107 5.820096e-03 5.823383e-03 5.820972e-03 9.970984e-01 9.970967e-01 9.970979e-01 2.902104e-03 5.789865e-03 5.787590e-03 5.720494e-03 5.723687e-03 5.721676e-03
108 5.781743e-03 5.784391e-03 5.770583e-03 9.971187e-01 9.971174e-01 9.971242e-01 2.881286e-03 5.746141e-03 5.732934e-03 5.668240e-03 5.670808e-03 5.658761e-03
109 3.033422e-03 3.035159e-03 3.031483e-03 9.984871e-01 9.984862e-01 9.984880e-01 1.512943e-03 3.020083e-03 3.016535e-03 2.988693e-03 2.990392e-03 2.987082e-03
110 6.813587e-03 6.816534e-03 6.813298e-03 9.966073e-01 9.966059e-01 9.966074e-01 3.392657e-03 6.760275e-03 6.757177e-03 6.646780e-03 6.649618e-03 6.646786e-03
111 1.241026e-03 1.241906e-03 1.231554e-03 9.993805e-01 9.993801e-01 9.993852e-01 6.194906e-04 1.237684e-03 1.227465e-03 1.228441e-03 1.229307e-03 1.219350e-03
112 1.005898e-04 1.006784e-04 1.001378e-04 9.999497e-01 9.999497e-01 9.999499e-01 5.030927e-05 1.006612e-04 1.001210e-04 1.005383e-04 1.006268e-04 1.000874e-04
113 4.844141e-05 4.846716e-05 4.834047e-05 9.999758e-01 9.999758e-01 9.999758e-01 2.422027e-05 4.846366e-05 4.833703e-05 4.843093e-05 4.845666e-05 4.833015e-05
114 3.586892e-05 3.588215e-05 3.590593e-05 9.999821e-01 9.999821e-01 9.999820e-01 1.793263e-05 3.588067e-05 3.590446e-05 3.586449e-05 3.587772e-05 3.590152e-05
115 8.957065e-05 8.960285e-05 8.984272e-05 9.999552e-01 9.999552e-01 9.999551e-01 4.477888e-05 8.959355e-05 8.983336e-05 8.954276e-05 8.957495e-05 8.981464e-05
116 3.000784e-04 3.002312e-04 3.015353e-04 9.998500e-01 9.998499e-01 9.998493e-01 1.500013e-04 3.001004e-04 3.014015e-04 2.996865e-04 2.998390e-04 3.011343e-04
117 1.049065e-03 1.049606e-03 1.046118e-03 9.994758e-01 9.994756e-01 9.994773e-01 5.241581e-04 1.048096e-03 1.044640e-03 1.044551e-03 1.045088e-03 1.041694e-03
118 2.181263e-03 2.182359e-03 2.178393e-03 9.989110e-01 9.989104e-01 9.989124e-01 1.089019e-03 2.175918e-03 2.172102e-03 2.162046e-03 2.163127e-03 2.159605e-03
