0 1.931111e+01 1.932509e+01 1.932826e+01 3.408457e-01 3.407670e-01 3.379540e-01 6.591090e-01 7.179819e-01 7.223644e-01 5.152855e-02 5.152063e-02 5.124377e-02
1 1.031850e+02 1.032234e+02 1.031006e+02 1.883972e-03 1.879867e-03 2.788486e-04 9.981161e-01 9.998808e-01 9.999993e-01 1.189101e-04 1.184631e-04 7.375506e-07
2 1.511169e+02 1.510430e+02 1.510258e+02 3.604310e-03 3.592940e-03 3.279425e-03 9.963966e-01 9.998194e-01 9.998962e-01 1.808869e-04 1.798700e-04 1.036658e-04
3 1.215094e+02 1.217753e+02 1.223133e+02 2.102164e-02 2.097554e-02 1.636218e-02 9.789832e-01 9.952772e-01 9.979907e-01 4.169767e-03 4.157705e-03 1.969367e-03
4 6.151112e+01 6.155086e+01 6.155033e+01 3.609908e-02 3.602383e-02 3.472444e-02 9.639071e-01 9.936585e-01 9.945743e-01 5.985625e-03 5.965744e-03 5.228428e-03
5 2.163813e+01 2.165407e+01 2.162634e+01 1.013479e-01 1.012019e-01 9.942918e-02 8.986704e-01 9.703182e-01 9.725381e-01 2.489587e-02 2.484740e-02 2.406454e-02
6 4.841370e+00 4.844552e+00 4.795951e+00 3.828001e-01 3.825687e-01 3.820784e-01 6.172585e-01 7.668970e-01 7.680642e-01 1.170149e-01 1.169508e-01 1.181115e-01
7 1.237075e+00 1.237821e+00 1.228548e+00 6.920633e-01 6.919198e-01 6.920770e-01 3.079563e-01 4.455240e-01 4.454095e-01 1.546772e-01 1.546947e-01 1.547826e-01
8 5.560009e-01 5.563824e-01 5.534207e-01 8.366654e-01 8.365630e-01 8.364799e-01 1.633599e-01 2.516813e-01 2.519373e-01 1.107601e-01 1.107899e-01 1.108891e-01
9 2.648508e-01 2.650491e-01 2.636699e-01 9.031749e-01 9.030995e-01 9.027442e-01 9.684218e-02 1.625592e-01 1.629515e-01 9.531623e-02 9.536342e-02 9.542627e-02
10 1.829802e-01 1.830995e-01 1.842047e-01 9.224928e-01 9.224425e-01 9.221510e-01 7.751729e-02 1.366921e-01 1.369968e-01 8.931930e-02 8.936466e-02 8.927062e-02
11 4.412604e-01 4.414612e-01 4.414616e-01 8.302655e-01 8.302001e-01 8.303190e-01 1.697311e-01 2.798671e-01 2.795703e-01 1.432115e-01 1.432337e-01 1.429838e-01
12 3.895234e+00 3.897391e+00 3.911625e+00 4.435795e-01 4.434193e-01 4.429515e-01 5.564320e-01 7.049482e-01 7.055748e-01 1.295577e-01 1.295282e-01 1.302409e-01
13 1.498975e+01 1.499721e+01 1.497380e+01 1.146506e-01 1.145563e-01 1.121343e-01 8.853442e-01 9.600477e-01 9.630617e-01 3.096861e-02 3.093717e-02 3.016525e-02
14 2.522443e+01 2.523532e+01 2.520612e+01 4.273602e-02 4.268594e-02 4.061777e-02 9.572689e-01 9.920773e-01 9.933743e-01 7.424606e-03 7.411286e-03 6.351413e-03
15 1.811374e+01 1.812468e+01 1.818995e+01 2.326569e-01 2.325064e-01 2.312210e-01 7.673796e-01 8.619955e-01 8.636989e-01 7.197333e-02 7.193161e-02 7.281367e-02
16 1.470560e+01 1.471204e+01 1.477374e+01 1.246645e-01 1.245852e-01 1.211713e-01 8.753136e-01 9.507660e-01 9.560736e-01 3.356421e-02 3.354161e-02 3.383536e-02
17 1.785885e+01 1.786889e+01 1.783523e+01 7.889170e-02 7.879987e-02 7.750332e-02 9.211247e-01 9.811078e-01 9.823429e-01 1.704768e-02 1.701900e-02 1.624687e-02
18 7.561660e+00 7.566088e+00 7.536391e+00 3.098760e-01 3.096893e-01 3.095910e-01 6.901569e-01 8.263385e-01 8.267988e-01 9.844086e-02 9.838333e-02 9.923762e-02
19 2.747010e+00 2.748413e+00 2.718933e+00 5.666670e-01 5.665125e-01 5.666331e-01 4.333317e-01 5.840903e-01 5.843351e-01 1.501737e-01 1.501727e-01 1.506588e-01
20 9.620505e-01 9.630347e-01 9.539308e-01 7.680975e-01 7.679321e-01 7.677509e-01 2.319593e-01 3.490463e-01 3.490969e-01 1.492874e-01 1.493241e-01 1.493276e-01
21 3.401606e-01 3.403823e-01 3.324276e-01 8.816139e-01 8.815400e-01 8.818930e-01 1.183906e-01 1.982046e-01 1.979003e-01 1.166127e-01 1.166566e-01 1.167604e-01
22 1.801373e-01 1.802437e-01 1.798042e-01 9.186835e-01 9.186352e-01 9.185760e-01 8.132597e-02 1.494387e-01 1.496191e-01 1.099187e-01 1.099695e-01 1.100364e-01
23 6.818637e-02 6.823142e-02 6.798011e-02 9.675809e-01 9.675598e-01 9.676311e-01 3.242113e-02 6.194137e-02 6.186279e-02 5.202689e-02 5.205821e-02 5.209748e-02
24 1.916584e-02 1.917815e-02 1.867716e-02 9.927933e-01 9.927885e-01 9.925040e-01 7.206175e-03 1.224937e-02 1.273741e-02 8.190290e-03 8.194228e-03 7.899499e-03
25 1.150025e-02 1.151315e-02 1.131285e-02 9.950059e-01 9.949999e-01 9.949008e-01 4.996321e-03 9.011619e-03 9.332996e-03 6.617484e-03 6.626077e-03 6.886483e-03
26 1.605072e-03 1.605857e-03 1.605543e-03 9.991983e-01 9.991979e-01 9.991980e-01 8.016438e-04 1.602435e-03 1.602266e-03 1.594861e-03 1.595639e-03 1.595748e-03
27 7.077278e-03 7.081579e-03 7.099241e-03 9.964954e-01 9.964932e-01 9.964823e-01 3.504348e-03 6.947982e-03 6.973523e-03 6.695467e-03 6.699531e-03 6.735877e-03
28 4.963426e-02 4.965989e-02 4.953723e-02 9.759829e-01 9.759706e-01 9.760162e-01 2.401601e-02 4.659753e-02 4.652736e-02 4.141723e-02 4.143679e-02 4.141209e-02
29 2.203480e-01 2.204392e-01 2.211049e-01 9.018502e-01 9.018112e-01 9.016125e-01 9.815007e-02 1.777500e-01 1.780278e-01 1.231567e-01 1.231929e-01 1.233001e-01
30 2.616049e-01 2.617227e-01 2.617767e-01 8.839079e-01 8.838589e-01 8.837528e-01 1.160916e-01 2.089371e-01 2.091904e-01 1.394863e-01 1.395245e-01 1.397392e-01
31 2.764525e-01 2.766029e-01 2.761440e-01 8.815538e-01 8.814908e-01 8.813426e-01 1.184532e-01 2.098711e-01 2.102815e-01 1.367888e-01 1.368358e-01 1.372538e-01
32 7.325897e-01 7.328940e-01 7.338594e-01 7.358410e-01 7.357483e-01 7.356509e-01 2.641593e-01 4.218584e-01 4.218735e-01 1.887530e-01 1.887692e-01 1.887268e-01
33 2.122820e+00 2.123863e+00 2.126988e+00 4.969408e-01 4.967790e-01 4.964980e-01 5.030844e-01 6.828114e-01 6.835350e-01 1.574865e-01 1.574533e-01 1.580936e-01
34 7.922456e+00 7.926071e+00 7.912609e+00 2.410559e-01 2.409531e-01 2.394660e-01 7.589234e-01 8.854589e-01 8.880121e-01 7.706372e-02 7.702644e-02 7.718319e-02
35 1.595755e+01 1.596482e+01 1.596977e+01 1.278331e-01 1.277284e-01 1.259558e-01 8.721712e-01 9.557312e-01 9.573991e-01 3.515516e-02 3.511674e-02 3.449393e-02
36 1.409919e+01 1.410647e+01 1.404809e+01 1.165076e-01 1.164104e-01 1.151991e-01 8.835012e-01 9.585211e-01 9.605173e-01 3.160293e-02 3.157095e-02 3.133776e-02
37 1.207187e+01 1.207856e+01 1.213675e+01 2.048091e-01 2.046639e-01 2.013113e-01 7.951986e-01 9.030926e-01 9.083863e-01 6.319685e-02 6.314727e-02 6.400693e-02
38 1.689054e+01 1.689739e+01 1.691626e+01 9.250475e-02 9.242205e-02 8.926773e-02 9.075015e-01 9.737146e-01 9.766947e-01 2.239748e-02 2.236950e-02 2.080007e-02
39 6.201346e+00 6.206230e+00 6.169766e+00 3.088877e-01 3.086968e-01 3.076590e-01 6.911499e-01 8.288764e-01 8.308979e-01 9.434761e-02 9.429037e-02 9.578841e-02
40 5.299677e-01 5.303232e-01 5.309689e-01 8.079340e-01 8.078256e-01 8.072632e-01 1.920880e-01 3.089811e-01 3.095966e-01 1.439966e-01 1.440202e-01 1.440306e-01
41 9.640987e-02 9.648952e-02 9.629604e-02 9.548778e-01 9.548426e-01 9.549026e-01 4.513598e-02 8.502745e-02 8.495533e-02 6.779937e-02 6.783922e-02 6.787373e-02
42 4.470021e-02 4.472568e-02 4.497307e-02 9.784547e-01 9.784426e-01 9.783396e-01 2.154566e-02 4.164544e-02 4.181767e-02 3.645350e-02 3.647250e-02 3.654618e-02
43 1.497129e-02 1.497754e-02 1.499842e-02 9.925884e-01 9.925853e-01 9.925750e-01 7.411280e-03 1.468454e-02 1.470463e-02 1.411781e-02 1.412358e-02 1.414219e-02
44 4.952859e-03 4.956614e-03 4.984021e-03 9.975342e-01 9.975324e-01 9.975190e-01 2.466259e-03 4.914184e-03 4.940339e-03 4.827796e-03 4.831433e-03 4.855191e-03
45 2.281500e-03 2.282313e-03 2.277379e-03 9.988608e-01 9.988604e-01 9.988629e-01 1.138996e-03 2.275973e-03 2.271119e-03 2.262566e-03 2.263374e-03 2.258679e-03
46 2.599378e-03 2.600839e-03 2.605527e-03 9.987023e-01 9.987016e-01 9.986992e-01 1.297829e-03 2.592895e-03 2.597531e-03 2.575683e-03 2.577123e-03 2.581655e-03
47 6.515185e-03 6.518098e-03 6.528220e-03 9.967550e-01 9.967536e-01 9.967485e-01 3.244965e-03 6.467804e-03 6.478005e-03 6.366150e-03 6.368971e-03 6.379318e-03
48 2.419081e-02 2.420538e-02 2.410652e-02 9.881278e-01 9.881207e-01 9.881578e-01 1.187216e-02 2.333576e-02 2.328106e-02 2.175677e-02 2.176954e-02 2.176925e-02
49 1.555862e-01 1.556800e-01 1.548215e-01 9.306309e-01 9.305901e-01 9.306412e-01 6.936912e-02 1.268421e-01 1.269217e-01 9.309675e-02 9.313940e-02 9.338112e-02
50 8.629797e-01 8.634096e-01 8.660060e-01 7.272994e-01 7.271905e-01 7.275127e-01 2.727039e-01 4.214086e-01 4.212439e-01 1.750193e-01 1.750302e-01 1.754606e-01
51 1.567605e+00 1.568234e+00 1.578210e+00 6.093530e-01 6.092466e-01 6.090921e-01 3.906332e-01 5.513760e-01 5.516880e-01 1.641852e-01 1.641915e-01 1.646066e-01
52 1.135427e+00 1.135376e+00 1.136263e+00 6.766409e-01 6.765166e-01 6.755954e-01 3.233630e-01 4.768706e-01 4.780797e-01 1.703947e-01 1.704055e-01 1.708334e-01
53 2.063816e+00 2.065488e+00 2.062278e+00 5.307361e-01 5.305712e-01 5.301684e-01 4.692861e-01 6.470859e-01 6.479284e-01 1.623138e-01 1.622841e-01 1.632122e-01
54 1.769960e+00 1.771081e+00 1.765121e+00 5.926223e-01 5.924472e-01 5.930240e-01 4.074352e-01 5.670274e-01 5.662965e-01 1.606466e-01 1.606257e-01 1.605570e-01
55 6.828585e-01 6.832030e-01 6.813953e-01 7.654236e-01 7.653194e-01 7.655550e-01 2.345966e-01 3.657882e-01 3.657000e-01 1.544789e-01 1.545091e-01 1.548567e-01
56 1.018251e-01 1.018780e-01 1.013780e-01 9.525698e-01 9.525458e-01 9.527077e-01 4.743143e-02 8.901287e-02 8.880074e-02 7.008221e-02 7.011300e-02 7.013774e-02
57 1.368873e-02 1.369770e-02 1.371295e-02 9.932225e-01 9.932181e-01 9.932105e-01 6.778427e-03 1.343292e-02 1.344790e-02 1.291879e-02 1.292706e-02 1.294118e-02
58 6.145132e-03 6.148499e-03 6.133905e-03 9.969431e-01 9.969415e-01 9.969486e-01 3.056876e-03 6.085982e-03 6.072006e-03 5.960616e-03 5.963838e-03 5.951045e-03
59 3.301972e-03 3.303447e-03 3.299354e-03 9.983536e-01 9.983528e-01 9.983548e-01 1.646315e-03 3.285297e-03 3.281369e-03 3.248050e-03 3.249492e-03 3.245884e-03
60 1.253277e-03 1.254200e-03 1.250860e-03 9.993742e-01 9.993737e-01 9.993753e-01 6.259416e-04 1.251021e-03 1.247766e-03 1.243789e-03 1.244705e-03 1.241617e-03
61 5.252248e-04 5.255376e-04 5.282487e-04 9.997375e-01 9.997373e-01 9.997360e-01 2.625467e-04 5.251630e-04 5.278659e-04 5.241030e-04 5.244151e-04 5.271015e-04
62 8.479500e-04 8.483628e-04 8.469243e-04 9.995762e-01 9.995760e-01 9.995767e-01 4.237750e-04 8.475784e-04 8.461478e-04 8.456018e-04 8.460129e-04 8.445979e-04
63 3.273063e-03 3.274731e-03 3.307704e-03 9.983678e-01 9.983669e-01 9.983505e-01 1.632088e-03 3.257632e-03 3.290251e-03 3.222595e-03 3.224226e-03 3.256060e-03
64 1.125932e-02 1.126470e-02 1.124317e-02 9.944006e-01 9.943980e-01 9.944082e-01 5.599282e-03 1.114421e-02 1.112477e-02 1.090373e-02 1.090885e-02 1.089320e-02
65 3.964578e-02 3.966373e-02 3.951484e-02 9.805618e-01 9.805531e-01 9.806144e-01 1.943765e-02 3.815971e-02 3.805924e-02 3.540111e-02 3.541620e-02 3.538442e-02
66 1.103620e-01 1.104062e-01 1.109491e-01 9.477635e-01 9.477432e-01 9.475018e-01 5.223524e-02 9.927883e-02 9.971617e-02 8.145903e-02 8.148569e-02 8.179984e-02
67 1.592732e-01 1.593391e-01 1.591470e-01 9.253486e-01 9.253185e-01 9.253579e-01 7.465391e-02 1.405306e-01 1.405298e-01 1.106551e-01 1.106923e-01 1.108734e-01
68 3.704463e-01 3.705796e-01 3.692957e-01 8.439800e-01 8.439309e-01 8.442077e-01 1.560117e-01 2.708343e-01 2.705235e-01 1.603740e-01 1.603973e-01 1.604211e-01
69 8.427801e-01 8.432033e-01 8.453727e-01 7.173563e-01 7.172424e-01 7.168119e-01 2.826544e-01 4.404207e-01 4.412439e-01 1.826652e-01 1.826807e-01 1.837735e-01
70 1.046857e+00 1.047308e+00 1.047889e+00 6.784288e-01 6.783241e-01 6.784756e-01 3.215746e-01 4.881549e-01 4.877350e-01 1.864838e-01 1.864885e-01 1.863447e-01
71 1.251957e+00 1.252547e+00 1.250076e+00 6.421132e-01 6.419838e-01 6.417936e-01 3.579086e-01 5.215276e-01 5.219147e-01 1.711306e-01 1.711338e-01 1.715133e-01
72 1.096295e+00 1.096725e+00 1.097107e+00 6.560717e-01 6.559737e-01 6.553523e-01 3.439178e-01 5.221701e-01 5.231970e-01 1.942463e-01 1.942435e-01 1.950058e-01
73 1.307936e+00 1.308550e+00 1.305535e+00 6.302747e-01 6.301505e-01 6.298945e-01 3.697342e-01 5.314328e-01 5.322914e-01 1.653688e-01 1.653682e-01 1.663472e-01
74 1.875759e-01 1.878138e-01 1.928684e-01 9.407864e-01 9.407109e-01 9.401628e-01 5.924513e-02 1.028267e-01 1.031097e-01 6.917170e-02 6.922226e-02 6.902831e-02
75 1.267969e-02 1.268638e-02 1.265112e-02 9.937085e-01 9.937052e-01 9.937213e-01 6.291615e-03 1.249459e-02 1.246532e-02 1.211946e-02 1.212577e-02 1.210656e-02
76 9.594605e-03 9.599086e-03 9.588112e-03 9.952278e-01 9.952255e-01 9.952310e-01 4.772279e-03 9.499305e-03 9.488612e-03 9.299831e-03 9.304135e-03 9.293975e-03
77 2.589951e-03 2.591326e-03 2.589619e-03 9.987070e-01 9.987063e-01 9.987072e-01 1.293020e-03 2.583365e-03 2.581674e-03 2.566194e-03 2.567551e-03 2.565891e-03
78 6.018679e-04 6.022075e-04 6.044312e-04 9.996992e-01 9.996990e-01 9.996979e-01 3.008141e-04 6.017011e-04 6.039293e-04 6.003523e-04 6.006907e-04 6.029279e-04
79 6.457189e-04 6.459736e-04 6.453220e-04 9.996772e-01 9.996771e-01 9.996774e-01 3.227577e-04 6.455699e-04 6.449204e-04 6.445097e-04 6.447637e-04 6.441182e-04
80 1.382145e-03 1.382712e-03 1.389378e-03 9.993094e-01 9.993092e-01 9.993058e-01 6.905314e-04 1.380676e-03 1.387305e-03 1.376058e-03 1.376620e-03 1.383176e-03
81 2.542804e-03 2.543826e-03 2.548436e-03 9.987303e-01 9.987298e-01 9.987275e-01 1.269648e-03 2.536879e-03 2.541478e-03 2.522061e-03 2.523071e-03 2.527647e-03
82 3.535738e-03 3.537087e-03 3.517431e-03 9.982352e-01 9.982345e-01 9.982442e-01 1.764755e-03 3.525016e-03 3.505780e-03 3.499727e-03 3.501056e-03 3.482642e-03
83 8.699544e-03 8.703927e-03 8.653029e-03 9.956727e-01 9.956705e-01 9.956947e-01 4.327387e-03 8.614797e-03 8.568694e-03 8.437700e-03 8.441908e-03 8.404415e-03
84 3.169842e-02 3.170663e-02 3.176440e-02 9.844222e-01 9.844182e-01 9.843906e-01 1.557550e-02 3.064164e-02 3.069442e-02 2.866275e-02 2.867000e-02 2.871451e-02
85 6.875540e-02 6.878984e-02 6.879265e-02 9.672131e-01 9.671969e-01 9.671968e-01 3.278927e-02 6.277091e-02 6.276958e-02 5.308249e-02 5.310701e-02 5.310489e-02
86 6.917633e-02 6.920556e-02 6.903554e-02 9.672177e-01 9.672042e-01 9.672692e-01 3.278172e-02 6.242145e-02 6.232368e-02 5.180903e-02 5.182797e-02 5.182477e-02
87 9.850203e-02 9.855051e-02 9.856847e-02 9.543884e-01 9.543668e-01 9.543578e-01 4.561285e-02 8.510922e-02 8.512851e-02 6.546546e-02 6.549135e-02 6.551915e-02
88 1.101160e-01 1.101566e-01 1.102718e-01 9.488315e-01 9.488136e-01 9.487817e-01 5.116478e-02 9.574080e-02 9.576858e-02 7.435304e-02 7.437340e-02 7.431969e-02
89 5.356342e-02 5.359744e-02 5.346766e-02 9.740825e-01 9.740663e-01 9.741218e-01 2.592184e-02 5.025757e-02 5.016275e-02 4.442234e-02 4.444775e-02 4.440542e-02
90 6.662856e-03 6.666753e-03 6.652366e-03 9.966814e-01 9.966795e-01 9.966864e-01 3.318898e-03 6.615646e-03 6.602253e-03 6.511649e-03 6.515414e-03 6.503871e-03
91 1.121155e-03 1.121681e-03 1.121740e-03 9.994398e-01 9.994395e-01 9.994395e-01 5.602314e-04 1.120236e-03 1.120299e-03 1.116831e-03 1.117354e-03 1.117425e-03
92 7.249409e-04 7.253397e-04 7.231128e-04 9.996377e-01 9.996375e-01 9.996387e-01 3.622607e-04 7.244786e-04 7.222705e-04 7.223650e-04 7.227619e-04 7.205909e-04
93 3.006890e-04 3.008395e-04 3.010939e-04 9.998497e-01 9.998496e-01 9.998495e-01 1.503111e-04 3.007082e-04 3.009625e-04 3.002957e-04 3.004460e-04 3.006999e-04
94 1.085263e-04 1.085809e-04 1.087298e-04 9.999457e-01 9.999457e-01 9.999456e-01 5.426261e-05 1.085682e-04 1.087169e-04 1.084882e-04 1.085428e-04 1.086913e-04
95 4.813855e-05 4.816353e-05 4.821513e-05 9.999759e-01 9.999759e-01 9.999759e-01 2.406874e-05 4.816080e-05 4.821241e-05 4.813036e-05 4.815533e-05 4.820698e-05
96 9.864705e-05 9.869165e-05 9.885901e-05 9.999507e-01 9.999507e-01 9.999506e-01 4.932078e-05 9.868084e-05 9.884824e-05 9.861464e-05 9.865922e-05 9.882672e-05
97 1.825554e-04 1.826353e-04 1.828505e-04 9.999087e-01 9.999087e-01 9.999086e-01 9.126720e-05 1.826050e-04 1.828202e-04 1.824645e-04 1.825443e-04 1.827598e-04
98 5.650169e-04 5.652561e-04 5.659728e-04 9.997176e-01 9.997174e-01 9.997171e-01 2.824226e-04 5.649524e-04 5.656707e-04 5.641069e-04 5.643455e-04 5.650673e-04
99 2.013996e-03 2.014747e-03 2.011501e-03 9.989940e-01 9.989936e-01 9.989952e-01 1.005966e-03 2.010741e-03 2.007528e-03 2.002022e-03 2.002766e-03 1.999618e-03
100 5.515762e-03 5.517491e-03 5.526710e-03 9.972485e-01 9.972476e-01 9.972430e-01 2.751283e-03 5.492018e-03 5.501240e-03 5.439856e-03 5.441546e-03 5.450770e-03
101 1.114774e-02 1.115267e-02 1.118044e-02 9.944598e-01 9.944574e-01 9.944438e-01 5.540205e-03 1.101894e-02 1.104544e-02 1.075505e-02 1.075972e-02 1.078384e-02
102 2.024460e-02 2.025286e-02 2.024688e-02 9.900231e-01 9.900191e-01 9.900191e-01 9.976007e-03 1.968192e-02 1.968731e-02 1.861751e-02 1.862470e-02 1.864826e-02
103 4.149816e-02 4.151733e-02 4.174492e-02 9.797583e-01 9.797490e-01 9.796474e-01 2.024256e-02 3.954780e-02 3.972994e-02 3.603802e-02 3.605381e-02 3.616868e-02
104 4.220376e-02 4.221749e-02 4.240586e-02 9.794689e-01 9.794623e-01 9.793780e-01 2.052917e-02 4.000397e-02 4.015515e-02 3.608376e-02 3.609439e-02 3.618746e-02
105 3.436879e-02 3.438441e-02 3.436634e-02 9.831985e-01 9.831910e-01 9.831961e-01 1.680180e-02 3.289216e-02 3.288864e-02 3.019556e-02 3.020823e-02 3.022548e-02
106 6.485242e-02 6.488257e-02 6.487836e-02 9.686095e-01 9.685951e-01 9.685897e-01 3.139215e-02 6.087024e-02 6.089368e-02 5.379618e-02 5.381890e-02 5.387965e-02
107 5.947231e-03 5.950569e-03 5.935050e-03 9.970352e-01 9.970335e-01 9.970412e-01 2.965278e-03 5.915466e-03 5.900453e-03 5.842952e-03 5.846193e-03 5.832165e-03
108 6.121284e-03 6.124032e-03 6.114347e-03 9.969501e-01 9.969487e-01 9.969534e-01 3.049905e-03 6.081210e-03 6.072077e-03 5.994280e-03 5.996940e-03 5.988868e-03
109 3.243572e-03 3.245422e-03 3.248711e-03 9.983826e-01 9.983816e-01 9.983800e-01 1.617445e-03 3.228056e-03 3.231369e-03 3.192085e-03 3.193892e-03 3.197238e-03
110 7.190181e-03 7.193267e-03 7.189167e-03 9.964205e-01 9.964190e-01 9.964210e-01 3.579430e-03 7.130946e-03 7.127023e-03 7.005495e-03 7.008461e-03 7.004878e-03
111 1.243268e-03 1.244146e-03 1.235070e-03 9.993794e-01 9.993790e-01 9.993835e-01 6.206103e-04 1.239915e-03 1.230955e-03 1.230655e-03 1.231520e-03 1.222791e-03
112 1.045452e-04 1.046365e-04 1.042351e-04 9.999477e-01 9.999477e-01 9.999479e-01 5.228725e-05 1.046181e-04 1.042170e-04 1.044902e-04 1.045813e-04 1.041808e-04
113 4.869252e-05 4.871824e-05 4.850990e-05 9.999757e-01 9.999756e-01 9.999757e-01 2.434586e-05 4.871474e-05 4.850648e-05 4.868201e-05 4.870773e-05 4.849964e-05
114 3.573919e-05 3.575222e-05 3.565070e-05 9.999821e-01 9.999821e-01 9.999822e-01 1.786772e-05 3.575076e-05 3.564925e-05 3.573479e-05 3.574782e-05 3.564636e-05
115 9.175614e-05 9.178808e-05 9.191326e-05 9.999541e-01 9.999541e-01 9.999540e-01 4.587137e-05 9.177836e-05 9.190353e-05 9.172702e-05 9.175894e-05 9.188407e-05
116 2.910753e-04 2.912209e-04 2.920270e-04 9.998545e-01 9.998544e-01 9.998540e-01 1.455031e-04 2.911021e-04 2.919069e-04 2.907194e-04 2.908648e-04 2.916671e-04
117 1.035050e-03 1.035585e-03 1.032638e-03 9.994828e-01 9.994826e-01 9.994840e-01 5.171586e-04 1.034111e-03 1.031195e-03 1.030641e-03 1.031173e-03 1.028318e-03
118 2.252953e-03 2.254075e-03 2.249482e-03 9.988753e-01 9.988747e-01 9.988770e-01 1.124746e-03 2.247162e-03 2.242716e-03 2.232333e-03 2.233440e-03 2.229281e-03
