0 1.483549e+01 1.484639e+01 1.481930e+01 3.700307e-01 3.699458e-01 3.685751e-01 6.299252e-01 6.921045e-01 6.956340e-01 5.451652e-02 5.450956e-02 5.484983e-02
1 8.475686e+01 8.478967e+01 8.488631e+01 3.187915e-03 3.181713e-03 6.875872e-04 9.968123e-01 9.997013e-01 9.999958e-01 2.949599e-04 2.940358e-04 4.229258e-06
2 1.299650e+02 1.299003e+02 1.295685e+02 3.865611e-03 3.853633e-03 3.028420e-03 9.961356e-01 9.997848e-01 9.999120e-01 2.152616e-04 2.140858e-04 8.792866e-05
3 1.116843e+02 1.119171e+02 1.123073e+02 1.927883e-02 1.923533e-02 1.383302e-02 9.807260e-01 9.956788e-01 9.986782e-01 3.742161e-03 3.731922e-03 1.305022e-03
4 6.320804e+01 6.324899e+01 6.315629e+01 2.792198e-02 2.785920e-02 2.670731e-02 9.720839e-01 9.959351e-01 9.965615e-01 3.912890e-03 3.898416e-03 3.354442e-03
5 2.561608e+01 2.563487e+01 2.554997e+01 8.034657e-02 8.021998e-02 7.728178e-02 9.196668e-01 9.788400e-01 9.819104e-01 1.808990e-02 1.805090e-02 1.647908e-02
6 6.333752e+00 6.338156e+00 6.244906e+00 3.176288e-01 3.173923e-01 3.165633e-01 6.824283e-01 8.215008e-01 8.226947e-01 9.847680e-02 9.840432e-02 9.862480e-02
7 1.491435e+00 1.492326e+00 1.481692e+00 6.502835e-01 6.501251e-01 6.502185e-01 3.497438e-01 4.942430e-01 4.943258e-01 1.550575e-01 1.550641e-01 1.556408e-01
8 7.239017e-01 7.244159e-01 7.176865e-01 8.073299e-01 8.072092e-01 8.075019e-01 1.926989e-01 2.900534e-01 2.897470e-01 1.183709e-01 1.183980e-01 1.184154e-01
9 3.627104e-01 3.629916e-01 3.567162e-01 8.793352e-01 8.792413e-01 8.791879e-01 1.206861e-01 1.971263e-01 1.970884e-01 1.073585e-01 1.074076e-01 1.074739e-01
10 2.333491e-01 2.335089e-01 2.330636e-01 9.057811e-01 9.057170e-01 9.057514e-01 9.423376e-02 1.623928e-01 1.623833e-01 9.967217e-02 9.972255e-02 9.980652e-02
11 5.753999e-01 5.756698e-01 5.750784e-01 7.898364e-01 7.897547e-01 7.897407e-01 2.101619e-01 3.363881e-01 3.364428e-01 1.544858e-01 1.545031e-01 1.545669e-01
12 4.462315e+00 4.464783e+00 4.485419e+00 4.002345e-01 4.000651e-01 4.001337e-01 5.997832e-01 7.490851e-01 7.491792e-01 1.224023e-01 1.223626e-01 1.230320e-01
13 1.433682e+01 1.434395e+01 1.438147e+01 1.117104e-01 1.116166e-01 1.098400e-01 8.882856e-01 9.616856e-01 9.640967e-01 3.002516e-02 2.999426e-02 2.944571e-02
14 2.277621e+01 2.278574e+01 2.275165e+01 4.532573e-02 4.527490e-02 4.311139e-02 9.546803e-01 9.913196e-01 9.925688e-01 8.101196e-03 8.087487e-03 7.080588e-03
15 1.547848e+01 1.548781e+01 1.551347e+01 2.494632e-01 2.493080e-01 2.489886e-01 7.505755e-01 8.505968e-01 8.502509e-01 7.713930e-02 7.709744e-02 7.729471e-02
16 1.220049e+01 1.220565e+01 1.226482e+01 1.472868e-01 1.471946e-01 1.438698e-01 8.526931e-01 9.384537e-01 9.436691e-01 4.000119e-02 3.997416e-02 4.107146e-02
17 1.565114e+01 1.566018e+01 1.557988e+01 9.223812e-02 9.213700e-02 9.062061e-02 9.077798e-01 9.759387e-01 9.775311e-01 2.135422e-02 2.132080e-02 2.040135e-02
18 7.249558e+00 7.253880e+00 7.243017e+00 3.091933e-01 3.090000e-01 3.089032e-01 6.908438e-01 8.293368e-01 8.299481e-01 9.824916e-02 9.818733e-02 9.922803e-02
19 2.659037e+00 2.660376e+00 2.656670e+00 5.549337e-01 5.547769e-01 5.543926e-01 4.450699e-01 5.986953e-01 5.990638e-01 1.502069e-01 1.502016e-01 1.503417e-01
20 9.659724e-01 9.668946e-01 9.604821e-01 7.598180e-01 7.596487e-01 7.594342e-01 2.402398e-01 3.628721e-01 3.634593e-01 1.544727e-01 1.545080e-01 1.551257e-01
21 3.643595e-01 3.645982e-01 3.566317e-01 8.733565e-01 8.732776e-01 8.734561e-01 1.266486e-01 2.115798e-01 2.116652e-01 1.229024e-01 1.229467e-01 1.232469e-01
22 2.126056e-01 2.127273e-01 2.122898e-01 9.054456e-01 9.053908e-01 9.053348e-01 9.456561e-02 1.719017e-01 1.720189e-01 1.217867e-01 1.218393e-01 1.217768e-01
23 8.972172e-02 8.977991e-02 8.916300e-02 9.578283e-01 9.578013e-01 9.579968e-01 4.217444e-02 7.978597e-02 7.952520e-02 6.466181e-02 6.469917e-02 6.468009e-02
24 2.838621e-02 2.840525e-02 2.738842e-02 9.905003e-01 9.904939e-01 9.900419e-01 9.498990e-03 1.579726e-02 1.624286e-02 1.038085e-02 1.038577e-02 9.749430e-03
25 1.598665e-02 1.600498e-02 1.555726e-02 9.934556e-01 9.934473e-01 9.932783e-01 6.547797e-03 1.150138e-02 1.195658e-02 8.077412e-03 8.088280e-03 8.215786e-03
26 2.129034e-03 2.130077e-03 2.126264e-03 9.989371e-01 9.989365e-01 9.989384e-01 1.062880e-03 2.123774e-03 2.120329e-03 2.110259e-03 2.111290e-03 2.108550e-03
27 9.658626e-03 9.664449e-03 9.704808e-03 9.952307e-01 9.952279e-01 9.952054e-01 4.768885e-03 9.429458e-03 9.477658e-03 8.993670e-03 8.999094e-03 9.055162e-03
28 5.968994e-02 5.971913e-02 5.965885e-02 9.711954e-01 9.711814e-01 9.711975e-01 2.880339e-02 5.573808e-02 5.572369e-02 4.901519e-02 4.903714e-02 4.905694e-02
29 2.239208e-01 2.240135e-01 2.239292e-01 8.997305e-01 8.996901e-01 8.997107e-01 1.002706e-01 1.822123e-01 1.821924e-01 1.274122e-01 1.274513e-01 1.274853e-01
30 2.590192e-01 2.591384e-01 2.578689e-01 8.849995e-01 8.849488e-01 8.852330e-01 1.150011e-01 2.072623e-01 2.070006e-01 1.395301e-01 1.395707e-01 1.397732e-01
31 2.989846e-01 2.991528e-01 2.971503e-01 8.741696e-01 8.741000e-01 8.743508e-01 1.258397e-01 2.210361e-01 2.209320e-01 1.409182e-01 1.409669e-01 1.413303e-01
32 8.190016e-01 8.193395e-01 8.215260e-01 7.129471e-01 7.128464e-01 7.122004e-01 2.870557e-01 4.514036e-01 4.523022e-01 1.904664e-01 1.904773e-01 1.909732e-01
33 2.414374e+00 2.415587e+00 2.426965e+00 4.679212e-01 4.677517e-01 4.666004e-01 5.321062e-01 7.102842e-01 7.121579e-01 1.507871e-01 1.507471e-01 1.515347e-01
34 8.064026e+00 8.067701e+00 8.052450e+00 2.372003e-01 2.370954e-01 2.364140e-01 7.627827e-01 8.893078e-01 8.901813e-01 7.613627e-02 7.609806e-02 7.622507e-02
35 1.417246e+01 1.417896e+01 1.420250e+01 1.443266e-01 1.442131e-01 1.420387e-01 8.556790e-01 9.476102e-01 9.498488e-01 4.078142e-02 4.073921e-02 3.988393e-02
36 1.252578e+01 1.253228e+01 1.252601e+01 1.273432e-01 1.272367e-01 1.255724e-01 8.726678e-01 9.531351e-01 9.556281e-01 3.463039e-02 3.459563e-02 3.459355e-02
37 9.943889e+00 9.949428e+00 1.000407e+01 2.340899e-01 2.339331e-01 2.314561e-01 7.659199e-01 8.859945e-01 8.897409e-01 7.332880e-02 7.327548e-02 7.448570e-02
38 1.443393e+01 1.443992e+01 1.439775e+01 1.098590e-01 1.097652e-01 1.067955e-01 8.901495e-01 9.664278e-01 9.695025e-01 2.799906e-02 2.796620e-02 2.654993e-02
39 6.130802e+00 6.135451e+00 6.085059e+00 3.028993e-01 3.027087e-01 3.014949e-01 6.971386e-01 8.353454e-01 8.377559e-01 9.283188e-02 9.277362e-02 9.429207e-02
40 6.193715e-01 6.197961e-01 6.168573e-01 7.853940e-01 7.852700e-01 7.852153e-01 2.146328e-01 3.388518e-01 3.390510e-01 1.481685e-01 1.481896e-01 1.484989e-01
41 9.832319e-02 9.840136e-02 9.819805e-02 9.539022e-01 9.538674e-01 9.539300e-01 4.611061e-02 8.698275e-02 8.690997e-02 6.965556e-02 6.969645e-02 6.974653e-02
42 4.789692e-02 4.792430e-02 4.806363e-02 9.769411e-01 9.769281e-01 9.768762e-01 2.305933e-02 4.452331e-02 4.460017e-02 3.881401e-02 3.883428e-02 3.884147e-02
43 1.785073e-02 1.785762e-02 1.781598e-02 9.911754e-01 9.911721e-01 9.911920e-01 8.823958e-03 1.745906e-02 1.742079e-02 1.669352e-02 1.669983e-02 1.666770e-02
44 6.004461e-03 6.009454e-03 6.014922e-03 9.970133e-01 9.970109e-01 9.970082e-01 2.987405e-03 5.947520e-03 5.952758e-03 5.822393e-03 5.827180e-03 5.831949e-03
45 2.618187e-03 2.619027e-03 2.614593e-03 9.986932e-01 9.986927e-01 9.986949e-01 1.306589e-03 2.610041e-03 2.605680e-03 2.591378e-03 2.592218e-03 2.588000e-03
46 3.109875e-03 3.111764e-03 3.111973e-03 9.984480e-01 9.984470e-01 9.984469e-01 1.552252e-03 3.100139e-03 3.100298e-03 3.075236e-03 3.077092e-03 3.077154e-03
47 7.386430e-03 7.389794e-03 7.383713e-03 9.963227e-01 9.963210e-01 9.963239e-01 3.677345e-03 7.326514e-03 7.320814e-03 7.199124e-03 7.202375e-03 7.197403e-03
48 3.024133e-02 3.026010e-02 3.026773e-02 9.852634e-01 9.852542e-01 9.852367e-01 1.473668e-02 2.878195e-02 2.883434e-02 2.621997e-02 2.623587e-02 2.631798e-02
49 1.920861e-01 1.922002e-01 1.916956e-01 9.158920e-01 9.158435e-01 9.158026e-01 8.410841e-02 1.518161e-01 1.519502e-01 1.064574e-01 1.065024e-01 1.066186e-01
50 8.875429e-01 8.879800e-01 8.926826e-01 7.176812e-01 7.175678e-01 7.175428e-01 2.823257e-01 4.356666e-01 4.357885e-01 1.787389e-01 1.787493e-01 1.791476e-01
51 1.382897e+00 1.383470e+00 1.392015e+00 6.353553e-01 6.352494e-01 6.347898e-01 3.646340e-01 5.224339e-01 5.232548e-01 1.647991e-01 1.648084e-01 1.653014e-01
52 9.767132e-01 9.766620e-01 9.749191e-01 7.006700e-01 7.005534e-01 7.001386e-01 2.993314e-01 4.508818e-01 4.515740e-01 1.720566e-01 1.720732e-01 1.725940e-01
53 1.813737e+00 1.815189e+00 1.815124e+00 5.566514e-01 5.564851e-01 5.556324e-01 4.433758e-01 6.226355e-01 6.241589e-01 1.690771e-01 1.690510e-01 1.701324e-01
54 1.568706e+00 1.569670e+00 1.565451e+00 6.162128e-01 6.160408e-01 6.159694e-01 3.838441e-01 5.419745e-01 5.421821e-01 1.628120e-01 1.627960e-01 1.629794e-01
55 6.881763e-01 6.885208e-01 6.883513e-01 7.621322e-01 7.620256e-01 7.618152e-01 2.378893e-01 3.713933e-01 3.717416e-01 1.569252e-01 1.569550e-01 1.570354e-01
56 1.196242e-01 1.196856e-01 1.193090e-01 9.448861e-01 9.448586e-01 9.449617e-01 5.511542e-02 1.025082e-01 1.023959e-01 7.818478e-02 7.821854e-02 7.826602e-02
57 1.517740e-02 1.518743e-02 1.510944e-02 9.924888e-01 9.924839e-01 9.925211e-01 7.512284e-03 1.488064e-02 1.480960e-02 1.428588e-02 1.429510e-02 1.423647e-02
58 6.268399e-03 6.271827e-03 6.262193e-03 9.968815e-01 9.968798e-01 9.968845e-01 3.118513e-03 6.209318e-03 6.200104e-03 6.083851e-03 6.087140e-03 6.078727e-03
59 3.604826e-03 3.606404e-03 3.610873e-03 9.982029e-01 9.982021e-01 9.981999e-01 1.796903e-03 3.585090e-03 3.589639e-03 3.541544e-03 3.543084e-03 3.547785e-03
60 1.475849e-03 1.476974e-03 1.475970e-03 9.992632e-01 9.992626e-01 9.992631e-01 7.369655e-04 1.472600e-03 1.471667e-03 1.462805e-03 1.463919e-03 1.463125e-03
61 6.612709e-04 6.616628e-04 6.611602e-04 9.996695e-01 9.996693e-01 9.996696e-01 3.305158e-04 6.610454e-04 6.605435e-04 6.594224e-04 6.598131e-04 6.593128e-04
62 1.077804e-03 1.078342e-03 1.075679e-03 9.994614e-01 9.994612e-01 9.994625e-01 5.385723e-04 1.077042e-03 1.074397e-03 1.073912e-03 1.074448e-03 1.071838e-03
63 4.078881e-03 4.081031e-03 4.108222e-03 9.979675e-01 9.979664e-01 9.979529e-01 2.032334e-03 4.053454e-03 4.080476e-03 3.997866e-03 3.999956e-03 4.026441e-03
64 1.371220e-02 1.371866e-02 1.370871e-02 9.931898e-01 9.931866e-01 9.931909e-01 6.810077e-03 1.353621e-02 1.352898e-02 1.317584e-02 1.318194e-02 1.317950e-02
65 4.424076e-02 4.426013e-02 4.417744e-02 9.783421e-01 9.783327e-01 9.783614e-01 2.165724e-02 4.245318e-02 4.241660e-02 3.914861e-02 3.916468e-02 3.919216e-02
66 1.113091e-01 1.113532e-01 1.117200e-01 9.471768e-01 9.471565e-01 9.469973e-01 5.282223e-02 1.006118e-01 1.008929e-01 8.315162e-02 8.317900e-02 8.336038e-02
67 1.652426e-01 1.653126e-01 1.655579e-01 9.227683e-01 9.227365e-01 9.226117e-01 7.723414e-02 1.450567e-01 1.453083e-01 1.133262e-01 1.133654e-01 1.136188e-01
68 3.785599e-01 3.786963e-01 3.781843e-01 8.410061e-01 8.409553e-01 8.409518e-01 1.589869e-01 2.754990e-01 2.756262e-01 1.622140e-01 1.622382e-01 1.624336e-01
69 7.957460e-01 7.961478e-01 7.994696e-01 7.283242e-01 7.282127e-01 7.272810e-01 2.716865e-01 4.270588e-01 4.286070e-01 1.836108e-01 1.836295e-01 1.847911e-01
70 9.257277e-01 9.261247e-01 9.239812e-01 7.010425e-01 7.009411e-01 7.010036e-01 2.989633e-01 4.620118e-01 4.621257e-01 1.884442e-01 1.884550e-01 1.888027e-01
71 1.069822e+00 1.070318e+00 1.065496e+00 6.755055e-01 6.753840e-01 6.754805e-01 3.245156e-01 4.839622e-01 4.839798e-01 1.736763e-01 1.736858e-01 1.739027e-01
72 9.239773e-01 9.243399e-01 9.240085e-01 6.915321e-01 6.914392e-01 6.909663e-01 3.084596e-01 4.801782e-01 4.809793e-01 1.969670e-01 1.969711e-01 1.975368e-01
73 1.206643e+00 1.207189e+00 1.203992e+00 6.467867e-01 6.466679e-01 6.464068e-01 3.532190e-01 5.141435e-01 5.148883e-01 1.681690e-01 1.681736e-01 1.690143e-01
74 2.509621e-01 2.512665e-01 2.557796e-01 9.330522e-01 9.329670e-01 9.329346e-01 6.698014e-02 1.144642e-01 1.145760e-01 7.351989e-02 7.357452e-02 7.366855e-02
75 1.175023e-02 1.175660e-02 1.171955e-02 9.941671e-01 9.941639e-01 9.941809e-01 5.833084e-03 1.158929e-02 1.155810e-02 1.126144e-02 1.126748e-02 1.124615e-02
76 9.441370e-03 9.445802e-03 9.450604e-03 9.953029e-01 9.953007e-01 9.952983e-01 4.697147e-03 9.351895e-03 9.356757e-03 9.163707e-03 9.167977e-03 9.172956e-03
77 2.889216e-03 2.890734e-03 2.896019e-03 9.985578e-01 9.985571e-01 9.985544e-01 1.442227e-03 2.881067e-03 2.886300e-03 2.860377e-03 2.861875e-03 2.867005e-03
78 6.848493e-04 6.852427e-04 6.868017e-04 9.996577e-01 9.996575e-01 9.996568e-01 3.422630e-04 6.845723e-04 6.861428e-04 6.828434e-04 6.832354e-04 6.848281e-04
79 7.197964e-04 7.200825e-04 7.186286e-04 9.996402e-01 9.996401e-01 9.996408e-01 3.597739e-04 7.195917e-04 7.181416e-04 7.183262e-04 7.186115e-04 7.171690e-04
80 1.410493e-03 1.411068e-03 1.411930e-03 9.992953e-01 9.992950e-01 9.992946e-01 7.047017e-04 1.409008e-03 1.409861e-03 1.404330e-03 1.404902e-03 1.405737e-03
81 2.398689e-03 2.399626e-03 2.406543e-03 9.988021e-01 9.988017e-01 9.987982e-01 1.197836e-03 2.393660e-03 2.400530e-03 2.380866e-03 2.381792e-03 2.388571e-03
82 3.531875e-03 3.533347e-03 3.523819e-03 9.982372e-01 9.982364e-01 9.982410e-01 1.762744e-03 3.520983e-03 3.512030e-03 3.495014e-03 3.496465e-03 3.488622e-03
83 9.766990e-03 9.772006e-03 9.676243e-03 9.951457e-01 9.951432e-01 9.951889e-01 4.854369e-03 9.656260e-03 9.568901e-03 9.427926e-03 9.432720e-03 9.360425e-03
84 3.349644e-02 3.350606e-02 3.349957e-02 9.835544e-01 9.835497e-01 9.835541e-01 1.644341e-02 3.231986e-02 3.230916e-02 3.012629e-02 3.013469e-02 3.011743e-02
85 6.379754e-02 6.382908e-02 6.376872e-02 9.694537e-01 9.694387e-01 9.694700e-01 3.054857e-02 5.868733e-02 5.862505e-02 5.025457e-02 5.027788e-02 5.022610e-02
86 6.052356e-02 6.054904e-02 6.041975e-02 9.710897e-01 9.710778e-01 9.711309e-01 2.890986e-02 5.542825e-02 5.534197e-02 4.714535e-02 4.716293e-02 4.714106e-02
87 8.773722e-02 8.778006e-02 8.747515e-02 9.589829e-01 9.589635e-01 9.590822e-01 4.101822e-02 7.716821e-02 7.698604e-02 6.117334e-02 6.119820e-02 6.118141e-02
88 9.484219e-02 9.487681e-02 9.489286e-02 9.555076e-01 9.554920e-01 9.554778e-01 4.448870e-02 8.393356e-02 8.396638e-02 6.717419e-02 6.719337e-02 6.722310e-02
89 5.192820e-02 5.196093e-02 5.186601e-02 9.748355e-01 9.748199e-01 9.748589e-01 2.516877e-02 4.886514e-02 4.880160e-02 4.341658e-02 4.344143e-02 4.342450e-02
90 7.258006e-03 7.262212e-03 7.239609e-03 9.963867e-01 9.963846e-01 9.963954e-01 3.613585e-03 7.199664e-03 7.178902e-03 7.073222e-03 7.077272e-03 7.059931e-03
91 1.066782e-03 1.067266e-03 1.068581e-03 9.994669e-01 9.994667e-01 9.994660e-01 5.330932e-04 1.066017e-03 1.067327e-03 1.063042e-03 1.063524e-03 1.064827e-03
92 6.979037e-04 6.982858e-04 6.970084e-04 9.996512e-01 9.996510e-01 9.996517e-01 3.487704e-04 6.975341e-04 6.962736e-04 6.956544e-04 6.960350e-04 6.948080e-04
93 3.164210e-04 3.165788e-04 3.170251e-04 9.998418e-01 9.998417e-01 9.998415e-01 1.581744e-04 3.164376e-04 3.168832e-04 3.159980e-04 3.161555e-04 3.165997e-04
94 1.213012e-04 1.213631e-04 1.215017e-04 9.999394e-01 9.999393e-01 9.999393e-01 6.064963e-05 1.213468e-04 1.214853e-04 1.212523e-04 1.213142e-04 1.214524e-04
95 5.098321e-05 5.100913e-05 5.099672e-05 9.999745e-01 9.999745e-01 9.999745e-01 2.549105e-05 5.100617e-05 5.099380e-05 5.097436e-05 5.100027e-05 5.098794e-05
96 9.848559e-05 9.853187e-05 9.883889e-05 9.999508e-01 9.999507e-01 9.999506e-01 4.924007e-05 9.852132e-05 9.882832e-05 9.845395e-05 9.850021e-05 9.880719e-05
97 2.050271e-04 2.051229e-04 2.046506e-04 9.998975e-01 9.998974e-01 9.998977e-01 1.025003e-04 2.050817e-04 2.046107e-04 2.049037e-04 2.049993e-04 2.045310e-04
98 6.426478e-04 6.429177e-04 6.420530e-04 9.996788e-01 9.996786e-01 9.996791e-01 3.212093e-04 6.425141e-04 6.416548e-04 6.414387e-04 6.417079e-04 6.408593e-04
99 2.253710e-03 2.254534e-03 2.250739e-03 9.988744e-01 9.988740e-01 9.988758e-01 1.125605e-03 2.249655e-03 2.245914e-03 2.239132e-03 2.239948e-03 2.236313e-03
100 5.681559e-03 5.683332e-03 5.695274e-03 9.971657e-01 9.971648e-01 9.971589e-01 2.834094e-03 5.657454e-03 5.669370e-03 5.604420e-03 5.606155e-03 5.618021e-03
101 1.110992e-02 1.111489e-02 1.117025e-02 9.944800e-01 9.944776e-01 9.944506e-01 5.519956e-03 1.097611e-02 1.102869e-02 1.070326e-02 1.070797e-02 1.075531e-02
102 1.953213e-02 1.954034e-02 1.946404e-02 9.903699e-01 9.903659e-01 9.904017e-01 9.629357e-03 1.900629e-02 1.893921e-02 1.800822e-02 1.801541e-02 1.796432e-02
103 3.719613e-02 3.721332e-02 3.742210e-02 9.818045e-01 9.817962e-01 9.817028e-01 1.819625e-02 3.564473e-02 3.581206e-02 3.280704e-02 3.282157e-02 3.292488e-02
104 3.637473e-02 3.638659e-02 3.653399e-02 9.822388e-01 9.822331e-01 9.821650e-01 1.775945e-02 3.472743e-02 3.485358e-02 3.174331e-02 3.175292e-02 3.184352e-02
105 2.930533e-02 2.931890e-02 2.934048e-02 9.856145e-01 9.856079e-01 9.855936e-01 1.438599e-02 2.827310e-02 2.830738e-02 2.634663e-02 2.635808e-02 2.640995e-02
106 5.789736e-02 5.792309e-02 5.793092e-02 9.718615e-01 9.718492e-01 9.718397e-01 2.813972e-02 5.477096e-02 5.479895e-02 4.911709e-02 4.913730e-02 4.919173e-02
107 5.609723e-03 5.612879e-03 5.612859e-03 9.972029e-01 9.972013e-01 9.972014e-01 2.797527e-03 5.581839e-03 5.581804e-03 5.517442e-03 5.520511e-03 5.520449e-03
108 5.269232e-03 5.271682e-03 5.265230e-03 9.973734e-01 9.973721e-01 9.973752e-01 2.626648e-03 5.239860e-03 5.233880e-03 5.174728e-03 5.177112e-03 5.172041e-03
109 2.726045e-03 2.727602e-03 2.726357e-03 9.986400e-01 9.986392e-01 9.986398e-01 1.360021e-03 2.715588e-03 2.714519e-03 2.690368e-03 2.691895e-03 2.691153e-03
110 6.237308e-03 6.240053e-03 6.248815e-03 9.968933e-01 9.968919e-01 9.968876e-01 3.106699e-03 6.192474e-03 6.201058e-03 6.096126e-03 6.098779e-03 6.107015e-03
111 1.228787e-03 1.229672e-03 1.222625e-03 9.993866e-01 9.993862e-01 9.993897e-01 6.133872e-04 1.225521e-03 1.218587e-03 1.216414e-03 1.217285e-03 1.210572e-03
112 9.415473e-05 9.423914e-05 9.349311e-05 9.999529e-01 9.999529e-01 9.999533e-01 4.709129e-05 9.422383e-05 9.347826e-05 9.410889e-05 9.419322e-05 9.344857e-05
113 4.770749e-05 4.773247e-05 4.769566e-05 9.999761e-01 9.999761e-01 9.999762e-01 2.385327e-05 4.772904e-05 4.769226e-05 4.769718e-05 4.772216e-05 4.768546e-05
114 3.582226e-05 3.583546e-05 3.585280e-05 9.999821e-01 9.999821e-01 9.999821e-01 1.790938e-05 3.583399e-05 3.585134e-05 3.581786e-05 3.583105e-05 3.584841e-05
115 8.585451e-05 8.588662e-05 8.624397e-05 9.999571e-01 9.999571e-01 9.999569e-01 4.292123e-05 8.587799e-05 8.623529e-05 8.582863e-05 8.586073e-05 8.621793e-05
116 3.136793e-04 3.138411e-04 3.158871e-04 9.998432e-01 9.998431e-01 9.998421e-01 1.567963e-04 3.136906e-04 3.157322e-04 3.132286e-04 3.133901e-04 3.154228e-04
117 1.064056e-03 1.064606e-03 1.062041e-03 9.994684e-01 9.994681e-01 9.994694e-01 5.316453e-04 1.063061e-03 1.060524e-03 1.059437e-03 1.059983e-03 1.057501e-03
118 2.062527e-03 2.063563e-03 2.058300e-03 9.989702e-01 9.989696e-01 9.989722e-01 1.029836e-03 2.057857e-03 2.052764e-03 2.045498e-03 2.046522e-03 2.041764e-03
