0 1.437666e+01 1.438710e+01 1.435774e+01 3.735831e-01 3.734980e-01 3.723487e-01 6.263730e-01 6.889760e-01 6.923317e-01 5.485185e-02 5.484477e-02 5.530669e-02
1 8.277868e+01 8.281120e+01 8.292537e+01 3.369001e-03 3.362503e-03 7.623406e-04 9.966313e-01 9.996722e-01 9.999948e-01 3.232305e-04 3.222338e-04 5.182207e-06
2 1.276055e+02 1.275408e+02 1.270480e+02 3.878495e-03 3.866331e-03 2.994577e-03 9.961228e-01 9.997819e-01 9.999139e-01 2.180923e-04 2.168871e-04 8.597738e-05
3 1.104802e+02 1.107092e+02 1.110955e+02 1.905254e-02 1.900943e-02 1.337442e-02 9.809523e-01 9.957359e-01 9.987856e-01 3.686748e-03 3.676770e-03 1.200268e-03
4 6.329889e+01 6.333971e+01 6.327064e+01 2.709508e-02 2.703327e-02 2.579760e-02 9.729108e-01 9.961448e-01 9.967599e-01 3.718721e-03 3.704625e-03 3.164792e-03
5 2.607187e+01 2.609092e+01 2.601110e+01 7.828774e-02 7.816458e-02 7.491700e-02 9.217252e-01 9.796157e-01 9.828554e-01 1.745432e-02 1.741663e-02 1.568803e-02
6 6.534803e+00 6.539357e+00 6.437174e+00 3.103855e-01 3.101485e-01 3.093475e-01 6.896711e-01 8.271959e-01 8.282837e-01 9.628494e-02 9.621184e-02 9.641600e-02
7 1.523851e+00 1.524754e+00 1.513846e+00 6.453732e-01 6.452135e-01 6.452607e-01 3.546553e-01 4.996893e-01 4.998296e-01 1.548544e-01 1.548594e-01 1.554891e-01
8 7.453401e-01 7.458658e-01 7.389250e-01 8.039645e-01 8.038415e-01 8.040270e-01 1.960647e-01 2.943761e-01 2.941209e-01 1.191248e-01 1.191520e-01 1.191531e-01
9 3.754196e-01 3.757130e-01 3.685171e-01 8.765119e-01 8.764159e-01 8.764320e-01 1.235098e-01 2.011580e-01 2.010211e-01 1.086554e-01 1.087046e-01 1.087179e-01
10 2.398807e-01 2.400458e-01 2.392950e-01 9.037557e-01 9.036898e-01 9.037576e-01 9.625977e-02 1.654269e-01 1.654290e-01 1.007929e-01 1.008440e-01 1.009947e-01
11 5.929716e-01 5.932530e-01 5.923929e-01 7.848639e-01 7.847797e-01 7.848086e-01 2.151348e-01 3.431006e-01 3.430969e-01 1.554895e-01 1.555060e-01 1.555372e-01
12 4.526387e+00 4.528900e+00 4.543957e+00 3.953795e-01 3.952082e-01 3.952492e-01 6.046389e-01 7.539082e-01 7.540168e-01 1.214162e-01 1.213747e-01 1.219546e-01
13 1.424726e+01 1.425432e+01 1.430109e+01 1.115245e-01 1.114304e-01 1.098623e-01 8.884717e-01 9.618091e-01 9.640195e-01 2.996086e-02 2.992984e-02 2.948119e-02
14 2.249623e+01 2.250578e+01 2.248054e+01 4.563497e-02 4.558386e-02 4.338005e-02 9.543712e-01 9.912196e-01 9.924935e-01 8.185679e-03 8.171868e-03 7.149273e-03
15 1.518941e+01 1.519859e+01 1.520700e+01 2.514614e-01 2.513046e-01 2.509288e-01 7.485775e-01 8.492445e-01 8.489113e-01 7.772665e-02 7.768400e-02 7.786605e-02
16 1.193373e+01 1.193878e+01 1.199755e+01 1.500356e-01 1.499417e-01 1.465449e-01 8.499445e-01 9.369605e-01 9.422561e-01 4.077884e-02 4.075117e-02 4.188402e-02
17 1.540172e+01 1.541071e+01 1.533470e+01 9.394271e-02 9.383975e-02 9.252201e-02 9.060754e-01 9.752290e-01 9.766871e-01 2.193147e-02 2.189729e-02 2.109070e-02
18 7.208602e+00 7.212888e+00 7.206002e+00 3.092670e-01 3.090728e-01 3.087895e-01 6.907707e-01 8.295514e-01 8.303437e-01 9.827300e-02 9.821095e-02 9.916919e-02
19 2.648824e+00 2.650164e+00 2.642903e+00 5.536844e-01 5.535275e-01 5.531419e-01 4.463198e-01 6.002445e-01 6.007384e-01 1.501949e-01 1.501889e-01 1.504399e-01
20 9.655244e-01 9.664368e-01 9.596957e-01 7.589563e-01 7.587860e-01 7.586321e-01 2.411016e-01 3.643290e-01 3.648432e-01 1.549998e-01 1.550350e-01 1.556528e-01
21 3.666313e-01 3.668717e-01 3.592036e-01 8.725291e-01 8.724498e-01 8.725382e-01 1.274761e-01 2.129322e-01 2.131732e-01 1.235463e-01 1.235903e-01 1.239806e-01
22 2.163127e-01 2.164369e-01 2.158975e-01 9.039630e-01 9.039071e-01 9.038758e-01 9.604851e-02 1.743862e-01 1.744768e-01 1.230381e-01 1.230909e-01 1.230366e-01
23 9.239350e-02 9.245302e-02 9.176972e-02 9.566311e-01 9.566036e-01 9.568232e-01 4.337172e-02 8.195642e-02 8.165886e-02 6.614374e-02 6.618160e-02 6.615321e-02
24 2.961263e-02 2.963361e-02 2.853899e-02 9.902252e-01 9.902186e-01 9.897525e-01 9.774008e-03 1.622866e-02 1.664892e-02 1.065336e-02 1.065841e-02 9.990034e-03
25 1.655395e-02 1.657326e-02 1.608787e-02 9.932728e-01 9.932642e-01 9.930855e-01 6.730767e-03 1.179052e-02 1.225952e-02 8.247585e-03 8.258728e-03 8.364751e-03
26 2.195289e-03 2.196366e-03 2.188304e-03 9.989040e-01 9.989035e-01 9.989074e-01 1.095895e-03 2.189627e-03 2.181999e-03 2.175218e-03 2.176284e-03 2.169489e-03
27 9.993827e-03 9.999870e-03 1.003449e-02 9.950670e-01 9.950640e-01 9.950442e-01 4.932638e-03 9.749977e-03 9.793403e-03 9.287498e-03 9.293109e-03 9.345613e-03
28 6.089431e-02 6.092416e-02 6.093852e-02 9.706234e-01 9.706092e-01 9.705905e-01 2.937533e-02 5.682731e-02 5.687780e-02 4.990910e-02 4.993141e-02 4.999969e-02
29 2.243789e-01 2.244725e-01 2.245305e-01 8.994697e-01 8.994289e-01 8.993868e-01 1.005315e-01 1.827501e-01 1.828423e-01 1.278972e-01 1.279367e-01 1.280403e-01
30 2.589431e-01 2.590619e-01 2.580444e-01 8.850585e-01 8.850078e-01 8.852017e-01 1.149422e-01 2.071529e-01 2.070271e-01 1.395209e-01 1.395619e-01 1.398102e-01
31 3.015347e-01 3.017031e-01 3.000413e-01 8.733455e-01 8.732756e-01 8.734432e-01 1.266640e-01 2.222758e-01 2.222587e-01 1.413599e-01 1.414086e-01 1.417291e-01
32 8.304380e-01 8.307819e-01 8.325285e-01 7.100567e-01 7.099550e-01 7.093731e-01 2.899464e-01 4.550331e-01 4.558197e-01 1.905300e-01 1.905400e-01 1.909566e-01
33 2.448939e+00 2.450175e+00 2.461518e+00 4.647400e-01 4.645697e-01 4.634409e-01 5.352876e-01 7.132718e-01 7.151719e-01 1.500201e-01 1.499794e-01 1.508639e-01
34 8.069835e+00 8.073450e+00 8.060234e+00 2.369427e-01 2.368383e-01 2.360996e-01 7.630409e-01 8.896345e-01 8.905309e-01 7.608924e-02 7.605133e-02 7.613105e-02
35 1.396417e+01 1.397057e+01 1.399492e+01 1.464434e-01 1.463289e-01 1.442287e-01 8.535623e-01 9.465338e-01 9.487439e-01 4.150613e-02 4.146348e-02 4.064646e-02
36 1.235200e+01 1.235841e+01 1.236526e+01 1.286110e-01 1.285036e-01 1.266281e-01 8.714004e-01 9.525282e-01 9.552289e-01 3.497573e-02 3.494067e-02 3.488927e-02
37 9.715819e+00 9.721268e+00 9.782572e+00 2.376976e-01 2.375387e-01 2.349346e-01 7.623125e-01 8.838509e-01 8.876878e-01 7.457834e-02 7.452432e-02 7.566843e-02
38 1.416239e+01 1.416829e+01 1.412033e+01 1.120690e-01 1.119732e-01 1.087091e-01 8.879399e-01 9.654598e-01 9.688078e-01 2.872718e-02 2.869343e-02 2.713569e-02
39 6.115223e+00 6.119827e+00 6.065626e+00 3.024202e-01 3.022297e-01 3.010311e-01 6.976177e-01 8.359401e-01 8.383565e-01 9.272045e-02 9.266201e-02 9.416185e-02
40 6.302754e-01 6.307101e-01 6.277899e-01 7.827645e-01 7.826385e-01 7.825777e-01 2.172629e-01 3.422670e-01 3.424544e-01 1.485594e-01 1.485801e-01 1.488120e-01
41 9.855314e-02 9.863185e-02 9.840315e-02 9.537849e-01 9.537498e-01 9.538242e-01 4.622781e-02 8.721807e-02 8.712372e-02 6.987635e-02 6.991753e-02 6.995446e-02
42 4.821377e-02 4.824117e-02 4.836616e-02 9.767907e-01 9.767777e-01 9.767311e-01 2.320967e-02 4.480949e-02 4.487881e-02 3.905017e-02 3.907050e-02 3.907851e-02
43 1.818745e-02 1.819434e-02 1.815883e-02 9.910105e-01 9.910071e-01 9.910242e-01 8.988870e-03 1.778237e-02 1.774938e-02 1.699173e-02 1.699805e-02 1.696977e-02
44 6.135401e-03 6.140510e-03 6.146485e-03 9.969486e-01 9.969460e-01 9.969431e-01 3.052227e-03 6.075874e-03 6.081635e-03 5.945439e-03 5.950337e-03 5.955642e-03
45 2.661539e-03 2.662381e-03 2.654221e-03 9.986716e-01 9.986712e-01 9.986752e-01 1.328156e-03 2.653003e-03 2.644930e-03 2.633565e-03 2.634407e-03 2.626505e-03
46 3.171660e-03 3.173617e-03 3.179600e-03 9.984172e-01 9.984162e-01 9.984133e-01 1.583033e-03 3.161493e-03 3.167316e-03 3.135542e-03 3.137463e-03 3.142974e-03
47 7.484442e-03 7.487888e-03 7.477135e-03 9.962741e-01 9.962723e-01 9.962776e-01 3.725970e-03 7.423079e-03 7.412780e-03 7.292632e-03 7.295962e-03 7.286530e-03
48 3.104113e-02 3.106046e-02 3.110317e-02 9.848888e-01 9.848794e-01 9.848453e-01 1.511129e-02 2.948741e-02 2.957036e-02 2.677706e-02 2.679340e-02 2.689596e-02
49 1.965931e-01 1.967097e-01 1.963487e-01 9.140954e-01 9.140458e-01 9.139790e-01 8.590507e-02 1.548285e-01 1.549777e-01 1.079876e-01 1.080333e-01 1.081200e-01
50 8.893723e-01 8.898110e-01 8.947610e-01 7.167794e-01 7.166650e-01 7.165144e-01 2.832279e-01 4.370422e-01 4.373449e-01 1.791191e-01 1.791297e-01 1.795683e-01
51 1.361676e+00 1.362248e+00 1.369593e+00 6.385036e-01 6.383976e-01 6.380257e-01 3.614860e-01 5.188936e-01 5.196144e-01 1.648436e-01 1.648528e-01 1.652731e-01
52 9.601460e-01 9.600970e-01 9.578151e-01 7.033452e-01 7.032302e-01 7.029951e-01 2.966559e-01 4.479608e-01 4.484608e-01 1.722272e-01 1.722444e-01 1.728022e-01
53 1.786328e+00 1.787756e+00 1.791293e+00 5.597043e-01 5.595389e-01 5.584511e-01 4.403236e-01 6.196779e-01 6.214145e-01 1.698326e-01 1.698068e-01 1.708579e-01
54 1.545868e+00 1.546823e+00 1.542828e+00 6.190103e-01 6.188391e-01 6.188311e-01 3.810465e-01 5.389783e-01 5.390878e-01 1.630324e-01 1.630167e-01 1.631894e-01
55 6.879593e-01 6.883021e-01 6.876700e-01 7.619512e-01 7.618448e-01 7.617136e-01 2.380704e-01 3.717933e-01 3.720532e-01 1.571936e-01 1.572235e-01 1.573018e-01
56 1.217017e-01 1.217645e-01 1.214543e-01 9.439971e-01 9.439690e-01 9.440520e-01 5.600445e-02 1.040586e-01 1.039695e-01 7.908661e-02 7.912083e-02 7.915591e-02
57 1.537761e-02 1.538781e-02 1.530742e-02 9.923905e-01 9.923854e-01 9.924239e-01 7.610662e-03 1.507413e-02 1.500066e-02 1.446623e-02 1.447561e-02 1.441460e-02
58 6.275795e-03 6.279250e-03 6.265371e-03 9.968778e-01 9.968761e-01 9.968829e-01 3.122248e-03 6.216884e-03 6.203574e-03 6.091664e-03 6.094978e-03 6.082755e-03
59 3.636205e-03 3.637765e-03 3.644521e-03 9.981873e-01 9.981865e-01 9.981832e-01 1.812504e-03 3.616121e-03 3.622909e-03 3.571947e-03 3.573470e-03 3.580316e-03
60 1.501171e-03 1.502314e-03 1.503330e-03 9.992505e-01 9.992500e-01 9.992495e-01 7.495945e-04 1.497793e-03 1.498869e-03 1.487690e-03 1.488822e-03 1.490013e-03
61 6.778556e-04 6.782574e-04 6.778909e-04 9.996612e-01 9.996610e-01 9.996612e-01 3.388003e-04 6.776056e-04 6.772392e-04 6.759044e-04 6.763049e-04 6.759387e-04
62 1.106461e-03 1.107016e-03 1.103943e-03 9.994471e-01 9.994468e-01 9.994484e-01 5.528820e-04 1.105641e-03 1.102587e-03 1.102347e-03 1.102899e-03 1.099881e-03
63 4.177646e-03 4.179853e-03 4.202228e-03 9.979185e-01 9.979174e-01 9.979062e-01 2.081345e-03 4.150811e-03 4.173122e-03 4.092373e-03 4.094516e-03 4.116478e-03
64 1.401275e-02 1.401949e-02 1.401396e-02 9.930417e-01 9.930384e-01 9.930405e-01 6.958184e-03 1.382846e-02 1.382538e-02 1.345144e-02 1.345778e-02 1.345900e-02
65 4.475689e-02 4.477640e-02 4.467837e-02 9.780930e-01 9.780836e-01 9.781201e-01 2.190626e-02 4.293428e-02 4.288185e-02 3.956624e-02 3.958242e-02 3.959349e-02
66 1.114293e-01 1.114730e-01 1.118977e-01 9.471050e-01 9.470848e-01 9.468992e-01 5.289406e-02 1.007716e-01 1.011011e-01 8.334794e-02 8.337525e-02 8.358805e-02
67 1.660536e-01 1.661239e-01 1.663962e-01 9.224268e-01 9.223947e-01 9.222564e-01 7.757572e-02 1.456430e-01 1.459212e-01 1.136431e-01 1.136825e-01 1.139576e-01
68 3.792458e-01 3.793823e-01 3.789040e-01 8.407505e-01 8.406997e-01 8.407023e-01 1.592427e-01 2.759058e-01 2.760031e-01 1.623917e-01 1.624158e-01 1.625727e-01
69 7.896788e-01 7.900695e-01 7.935999e-01 7.297308e-01 7.296206e-01 7.286539e-01 2.702799e-01 4.253408e-01 4.269035e-01 1.837091e-01 1.837289e-01 1.848150e-01
70 9.121292e-01 9.125202e-01 9.105565e-01 7.037112e-01 7.036102e-01 7.036688e-01 2.962948e-01 4.588620e-01 4.589347e-01 1.885976e-01 1.886089e-01 1.889072e-01
71 1.049755e+00 1.050244e+00 1.045401e+00 6.794176e-01 6.792967e-01 6.793817e-01 3.206034e-01 4.794582e-01 4.794743e-01 1.738817e-01 1.738917e-01 1.740656e-01
72 9.054824e-01 9.058410e-01 9.050593e-01 6.955772e-01 6.954851e-01 6.950795e-01 3.044148e-01 4.752622e-01 4.760366e-01 1.971225e-01 1.971271e-01 1.977339e-01
73 1.194467e+00 1.195015e+00 1.191956e+00 6.488978e-01 6.487784e-01 6.484796e-01 3.511077e-01 5.118909e-01 5.126699e-01 1.684782e-01 1.684839e-01 1.693335e-01
74 2.594582e-01 2.597720e-01 2.642107e-01 9.321598e-01 9.320736e-01 9.320455e-01 6.787259e-02 1.157955e-01 1.159675e-01 7.398910e-02 7.404404e-02 7.418520e-02
75 1.163946e-02 1.164576e-02 1.161162e-02 9.942217e-01 9.942186e-01 9.942342e-01 5.778435e-03 1.148136e-02 1.145282e-02 1.115913e-02 1.116511e-02 1.114599e-02
76 9.413742e-03 9.418143e-03 9.418926e-03 9.953165e-01 9.953143e-01 9.953139e-01 4.683544e-03 9.325075e-03 9.325991e-03 9.138527e-03 9.142771e-03 9.143952e-03
77 2.921821e-03 2.923350e-03 2.928330e-03 9.985416e-01 9.985408e-01 9.985383e-01 1.458481e-03 2.913489e-03 2.918437e-03 2.892404e-03 2.893913e-03 2.898798e-03
78 6.943538e-04 6.947495e-04 6.965671e-04 9.996530e-01 9.996528e-01 9.996519e-01 3.470100e-04 6.940581e-04 6.958886e-04 6.922852e-04 6.926794e-04 6.945351e-04
79 7.278049e-04 7.280924e-04 7.263839e-04 9.996362e-01 9.996361e-01 9.996369e-01 3.637755e-04 7.275915e-04 7.258875e-04 7.263044e-04 7.265910e-04 7.248960e-04
80 1.412784e-03 1.413355e-03 1.414623e-03 9.992941e-01 9.992938e-01 9.992932e-01 7.058476e-04 1.411295e-03 1.412551e-03 1.406620e-03 1.407187e-03 1.408421e-03
81 2.381282e-03 2.382216e-03 2.388861e-03 9.988108e-01 9.988104e-01 9.988070e-01 1.189160e-03 2.376360e-03 2.382964e-03 2.363787e-03 2.364711e-03 2.371234e-03
82 3.535853e-03 3.537319e-03 3.524948e-03 9.982352e-01 9.982345e-01 9.982405e-01 1.764703e-03 3.524838e-03 3.513079e-03 3.498646e-03 3.500092e-03 3.489515e-03
83 9.898466e-03 9.903539e-03 9.813537e-03 9.950808e-01 9.950783e-01 9.951213e-01 4.919225e-03 9.784313e-03 9.702302e-03 9.549313e-03 9.554160e-03 9.486398e-03
84 3.366806e-02 3.367794e-02 3.368319e-02 9.834718e-01 9.834669e-01 9.834652e-01 1.652613e-02 3.247969e-02 3.248144e-02 3.026494e-02 3.027354e-02 3.026938e-02
85 6.317832e-02 6.320946e-02 6.313424e-02 9.697352e-01 9.697205e-01 9.697576e-01 3.026701e-02 5.817148e-02 5.809988e-02 4.989005e-02 4.991315e-02 4.985725e-02
86 5.958398e-02 5.960912e-02 5.951098e-02 9.715137e-01 9.715019e-01 9.715420e-01 2.848590e-02 5.465714e-02 5.459239e-02 4.661641e-02 4.663399e-02 4.662010e-02
87 8.653768e-02 8.658084e-02 8.610792e-02 9.595020e-01 9.594824e-01 9.596659e-01 4.049907e-02 7.626137e-02 7.597758e-02 6.065866e-02 6.068386e-02 6.063668e-02
88 9.316449e-02 9.319822e-02 9.321985e-02 9.562472e-01 9.562320e-01 9.562123e-01 4.374908e-02 8.261581e-02 8.266363e-02 6.634849e-02 6.636758e-02 6.642227e-02
89 5.168051e-02 5.171290e-02 5.166851e-02 9.749504e-01 9.749349e-01 9.749509e-01 2.505386e-02 4.865106e-02 4.862955e-02 4.325709e-02 4.328176e-02 4.329325e-02
90 7.325065e-03 7.329260e-03 7.306118e-03 9.963535e-01 9.963514e-01 9.963625e-01 3.646775e-03 7.265367e-03 7.244111e-03 7.136332e-03 7.140372e-03 7.122622e-03
91 1.060359e-03 1.060840e-03 1.062642e-03 9.994701e-01 9.994699e-01 9.994690e-01 5.298869e-04 1.059612e-03 1.061406e-03 1.056682e-03 1.057161e-03 1.058942e-03
92 6.941378e-04 6.945193e-04 6.933309e-04 9.996531e-01 9.996529e-01 9.996535e-01 3.468909e-04 6.937808e-04 6.926079e-04 6.919277e-04 6.923078e-04 6.911657e-04
93 3.177537e-04 3.179124e-04 3.184225e-04 9.998412e-01 9.998411e-01 9.998408e-01 1.588405e-04 3.177704e-04 3.182796e-04 3.173285e-04 3.174868e-04 3.179942e-04
94 1.226481e-04 1.227106e-04 1.228948e-04 9.999387e-01 9.999386e-01 9.999386e-01 6.132305e-05 1.226938e-04 1.228779e-04 1.225980e-04 1.226604e-04 1.228442e-04
95 5.127368e-05 5.129989e-05 5.129490e-05 9.999744e-01 9.999744e-01 9.999744e-01 2.563629e-05 5.129691e-05 5.129194e-05 5.126475e-05 5.129095e-05 5.128603e-05
96 9.845827e-05 9.850460e-05 9.875562e-05 9.999508e-01 9.999508e-01 9.999506e-01 4.922640e-05 9.849405e-05 9.874509e-05 9.842666e-05 9.847297e-05 9.872403e-05
97 2.076789e-04 2.077756e-04 2.073183e-04 9.998962e-01 9.998961e-01 9.998964e-01 1.038258e-04 2.077329e-04 2.072770e-04 2.075510e-04 2.076476e-04 2.071943e-04
98 6.516946e-04 6.519675e-04 6.512495e-04 9.996743e-01 9.996741e-01 9.996745e-01 3.257290e-04 6.515510e-04 6.508390e-04 6.504472e-04 6.507193e-04 6.500191e-04
99 2.280354e-03 2.281196e-03 2.277164e-03 9.988611e-01 9.988606e-01 9.988627e-01 1.138901e-03 2.276215e-03 2.272237e-03 2.265470e-03 2.266304e-03 2.262431e-03
100 5.696997e-03 5.698749e-03 5.709508e-03 9.971580e-01 9.971571e-01 9.971517e-01 2.841805e-03 5.672835e-03 5.683577e-03 5.619746e-03 5.621460e-03 5.632171e-03
101 1.109857e-02 1.110357e-02 1.116640e-02 9.944858e-01 9.944833e-01 9.944526e-01 5.514168e-03 1.096438e-02 1.102431e-02 1.069081e-02 1.069555e-02 1.074999e-02
102 1.943199e-02 1.944015e-02 1.937188e-02 9.904186e-01 9.904146e-01 9.904467e-01 9.580702e-03 1.891154e-02 1.885120e-02 1.792326e-02 1.793041e-02 1.788393e-02
103 3.669421e-02 3.671114e-02 3.694355e-02 9.820441e-01 9.820358e-01 9.819314e-01 1.795668e-02 3.518628e-02 3.537444e-02 3.242287e-02 3.243725e-02 3.255632e-02
104 3.572421e-02 3.573583e-02 3.587154e-02 9.825492e-01 9.825436e-01 9.824805e-01 1.744913e-02 3.413407e-02 3.425159e-02 3.124803e-02 3.125753e-02 3.134440e-02
105 2.876214e-02 2.877545e-02 2.880389e-02 9.858749e-01 9.858684e-01 9.858508e-01 1.412558e-02 2.777288e-02 2.781407e-02 2.592214e-02 2.593341e-02 2.599233e-02
106 5.709658e-02 5.712178e-02 5.711860e-02 9.722381e-01 9.722260e-01 9.722211e-01 2.776306e-02 5.406070e-02 5.408154e-02 4.855965e-02 4.857954e-02 4.863353e-02
107 5.567853e-03 5.570994e-03 5.573210e-03 9.972237e-01 9.972222e-01 9.972211e-01 2.776708e-03 5.540427e-03 5.542585e-03 5.476970e-03 5.480024e-03 5.482070e-03
108 5.173940e-03 5.176334e-03 5.168757e-03 9.974207e-01 9.974195e-01 9.974232e-01 2.579287e-03 5.145645e-03 5.138536e-03 5.082785e-03 5.085116e-03 5.078912e-03
109 2.670150e-03 2.671686e-03 2.671652e-03 9.986678e-01 9.986670e-01 9.986670e-01 1.332203e-03 2.660193e-03 2.660318e-03 2.636011e-03 2.637518e-03 2.637942e-03
110 6.129168e-03 6.131845e-03 6.138522e-03 9.969470e-01 9.969456e-01 9.969423e-01 3.053019e-03 6.085817e-03 6.092337e-03 5.992565e-03 5.995154e-03 6.001367e-03
111 1.225208e-03 1.226077e-03 1.220427e-03 9.993884e-01 9.993880e-01 9.993908e-01 6.116029e-04 1.221948e-03 1.216400e-03 1.212899e-03 1.213755e-03 1.208406e-03
112 9.289663e-05 9.298049e-05 9.223466e-05 9.999536e-01 9.999535e-01 9.999539e-01 4.646214e-05 9.296554e-05 9.222016e-05 9.285187e-05 9.293565e-05 9.219117e-05
113 4.751988e-05 4.754491e-05 4.751887e-05 9.999762e-01 9.999762e-01 9.999762e-01 2.375945e-05 4.754149e-05 4.751547e-05 4.750963e-05 4.753464e-05 4.750869e-05
114 3.577753e-05 3.579079e-05 3.579263e-05 9.999821e-01 9.999821e-01 9.999821e-01 1.788703e-05 3.578932e-05 3.579117e-05 3.577314e-05 3.578639e-05 3.578824e-05
115 8.510429e-05 8.513666e-05 8.538169e-05 9.999574e-01 9.999574e-01 9.999573e-01 4.254621e-05 8.512816e-05 8.537317e-05 8.507881e-05 8.511116e-05 8.535614e-05
116 3.161593e-04 3.163244e-04 3.184653e-04 9.998420e-01 9.998419e-01 9.998408e-01 1.580353e-04 3.161701e-04 3.183062e-04 3.156972e-04 3.158620e-04 3.179885e-04
117 1.065881e-03 1.066432e-03 1.064372e-03 9.994674e-01 9.994672e-01 9.994682e-01 5.325569e-04 1.064883e-03 1.062850e-03 1.061250e-03 1.061797e-03 1.059817e-03
118 2.039027e-03 2.040044e-03 2.034723e-03 9.989819e-01 9.989814e-01 9.989840e-01 1.018121e-03 2.034477e-03 2.029330e-03 2.022411e-03 2.023417e-03 2.018612e-03
