0 5.889674e+01 5.893708e+01 5.900022e+01 2.264682e-01 2.264161e-01 2.230051e-01 7.734838e-01 8.184723e-01 8.251976e-01 3.975367e-02 3.974380e-02 4.477100e-02
1 2.288194e+02 2.288765e+02 2.289088e+02 1.654020e-05 1.646608e-05 1.808142e-07 9.999835e-01 1.000000e+00 1.000000e+00 1.437987e-08 1.425347e-08 3.351389e-13
2 2.678734e+02 2.678055e+02 2.685446e+02 5.987854e-04 5.959302e-04 4.890410e-04 9.994013e-01 9.999956e-01 9.999978e-01 4.401479e-06 4.361831e-06 2.187135e-06
3 1.456329e+02 1.460230e+02 1.443221e+02 2.028684e-02 2.023760e-02 2.183826e-02 9.797192e-01 9.961169e-01 9.959173e-01 3.680379e-03 3.666819e-03 3.912881e-03
4 3.816516e+01 3.818943e+01 3.888153e+01 1.005198e-01 1.003916e-01 1.002024e-01 8.994850e-01 9.677890e-01 9.683000e-01 2.657453e-02 2.652635e-02 2.655037e-02
5 7.648405e+00 7.653705e+00 7.683254e+00 2.838457e-01 2.836344e-01 2.832047e-01 7.162026e-01 8.552253e-01 8.556172e-01 9.229398e-02 9.222148e-02 9.240138e-02
6 1.644758e+00 1.645695e+00 1.639517e+00 6.405768e-01 6.404281e-01 6.402106e-01 3.594510e-01 4.964823e-01 4.969519e-01 1.430442e-01 1.430469e-01 1.431849e-01
7 4.415983e-01 4.418910e-01 4.356606e-01 8.485824e-01 8.484940e-01 8.486243e-01 1.514315e-01 2.422153e-01 2.420812e-01 1.177157e-01 1.177539e-01 1.177911e-01
8 1.228723e-01 1.229575e-01 1.246201e-01 9.488084e-01 9.487739e-01 9.483959e-01 5.119685e-02 8.990587e-02 9.035155e-02 5.903779e-02 5.906966e-02 5.914453e-02
9 4.456905e-02 4.459962e-02 4.448619e-02 9.787125e-01 9.786979e-01 9.787460e-01 2.128989e-02 4.083357e-02 4.075057e-02 3.479436e-02 3.481739e-02 3.477202e-02
10 5.646971e-02 5.650306e-02 5.609770e-02 9.734994e-01 9.734841e-01 9.736351e-01 2.650121e-02 5.010222e-02 4.987193e-02 4.070713e-02 4.072810e-02 4.067486e-02
11 1.397680e-01 1.398386e-01 1.403194e-01 9.406155e-01 9.405886e-01 9.405028e-01 5.938138e-02 1.050068e-01 1.050833e-01 7.027650e-02 7.029904e-02 7.027245e-02
12 1.587001e+00 1.587841e+00 1.582151e+00 6.542892e-01 6.541792e-01 6.546526e-01 3.457037e-01 4.758123e-01 4.749236e-01 1.343670e-01 1.343690e-01 1.339969e-01
13 1.519954e+01 1.520748e+01 1.518456e+01 1.658992e-01 1.657870e-01 1.637772e-01 8.340875e-01 9.294795e-01 9.319607e-01 4.939183e-02 4.935360e-02 4.916714e-02
14 3.758759e+01 3.760468e+01 3.759603e+01 3.220293e-02 3.215917e-02 2.938720e-02 9.677989e-01 9.942895e-01 9.960189e-01 5.275729e-03 5.265575e-03 3.859319e-03
15 3.449998e+01 3.452093e+01 3.452900e+01 1.602496e-01 1.601365e-01 1.626461e-01 8.397693e-01 9.106297e-01 9.085583e-01 4.896134e-02 4.892982e-02 4.993583e-02
16 3.298967e+01 3.300387e+01 3.302160e+01 3.807736e-02 3.804313e-02 3.425545e-02 9.619087e-01 9.927490e-01 9.952416e-01 6.619521e-03 6.611534e-03 4.608536e-03
17 2.924629e+01 2.926218e+01 2.920418e+01 4.237044e-02 4.230254e-02 4.003925e-02 9.576495e-01 9.912246e-01 9.928665e-01 7.994891e-03 7.975787e-03 6.761330e-03
18 8.451518e+00 8.456442e+00 8.485085e+00 3.247270e-01 3.245624e-01 3.238045e-01 6.752877e-01 8.063551e-01 8.074292e-01 1.012637e-01 1.012221e-01 1.013959e-01
19 3.147288e+00 3.148941e+00 3.105727e+00 6.201824e-01 6.200425e-01 6.193984e-01 3.798048e-01 5.118048e-01 5.124627e-01 1.433748e-01 1.433954e-01 1.434000e-01
20 7.701087e-01 7.711478e-01 7.554304e-01 8.168367e-01 8.166968e-01 8.167392e-01 1.832173e-01 2.730795e-01 2.732037e-01 1.180271e-01 1.180652e-01 1.182679e-01
21 1.746262e-01 1.747468e-01 1.721038e-01 9.334873e-01 9.334432e-01 9.332783e-01 6.651527e-02 1.148235e-01 1.149787e-01 7.514921e-02 7.518597e-02 7.509970e-02
22 5.607208e-02 5.610920e-02 5.584342e-02 9.729883e-01 9.729705e-01 9.730485e-01 2.701485e-02 5.222905e-02 5.214024e-02 4.587943e-02 4.590782e-02 4.595238e-02
23 1.140065e-02 1.140873e-02 1.144741e-02 9.943655e-01 9.943616e-01 9.943425e-01 5.634859e-03 1.114958e-02 1.118692e-02 1.065810e-02 1.066547e-02 1.069931e-02
24 1.702612e-03 1.703710e-03 1.719149e-03 9.991595e-01 9.991589e-01 9.991491e-01 8.404320e-04 1.661651e-03 1.685076e-03 1.584230e-03 1.585267e-03 1.620971e-03
25 1.248102e-03 1.249271e-03 1.265868e-03 9.993817e-01 9.993812e-01 9.993719e-01 6.183803e-04 1.226482e-03 1.246868e-03 1.182737e-03 1.183865e-03 1.210517e-03
26 3.209500e-04 3.211202e-04 3.209647e-04 9.998396e-01 9.998395e-01 9.998396e-01 1.604419e-04 3.209695e-04 3.208148e-04 3.204988e-04 3.206686e-04 3.205154e-04
27 1.395475e-03 1.396291e-03 1.371245e-03 9.993037e-01 9.993033e-01 9.993156e-01 6.962300e-04 1.390486e-03 1.366382e-03 1.378227e-03 1.379029e-03 1.356746e-03
28 1.673601e-02 1.674625e-02 1.672936e-02 9.917880e-01 9.917830e-01 9.917866e-01 8.211604e-03 1.614010e-02 1.614068e-02 1.505282e-02 1.506149e-02 1.508294e-02
29 2.095806e-01 2.096731e-01 2.106102e-01 9.088213e-01 9.087848e-01 9.086138e-01 9.117422e-02 1.625494e-01 1.626854e-01 1.072241e-01 1.072502e-01 1.071993e-01
30 3.433348e-01 3.434815e-01 3.447834e-01 8.552772e-01 8.552233e-01 8.548558e-01 1.447202e-01 2.502594e-01 2.507363e-01 1.439225e-01 1.439475e-01 1.439972e-01
31 2.065458e-01 2.066411e-01 2.067885e-01 9.076865e-01 9.076468e-01 9.075304e-01 9.231480e-02 1.672889e-01 1.675758e-01 1.155591e-01 1.155941e-01 1.159958e-01
32 5.368748e-01 5.370982e-01 5.358166e-01 7.883129e-01 7.882381e-01 7.881203e-01 2.116865e-01 3.516208e-01 3.520573e-01 1.768655e-01 1.768876e-01 1.773317e-01
33 1.162039e+00 1.162568e+00 1.162085e+00 6.433450e-01 6.432254e-01 6.430826e-01 3.566674e-01 5.282733e-01 5.285844e-01 1.792132e-01 1.792117e-01 1.795776e-01
34 5.794544e+00 5.796979e+00 5.808039e+00 2.990806e-01 2.989810e-01 2.981502e-01 7.008903e-01 8.421614e-01 8.436382e-01 9.395052e-02 9.391740e-02 9.446497e-02
35 2.313407e+01 2.314426e+01 2.313645e+01 8.155881e-02 8.148045e-02 7.969916e-02 9.184426e-01 9.757457e-01 9.777807e-01 2.029787e-02 2.027152e-02 1.933016e-02
36 2.416306e+01 2.417540e+01 2.411298e+01 6.252615e-02 6.246225e-02 6.010139e-02 9.374763e-01 9.849367e-01 9.869381e-01 1.350299e-02 1.348299e-02 1.209543e-02
37 2.694435e+01 2.695907e+01 2.712584e+01 1.002541e-01 1.001656e-01 1.007511e-01 8.997481e-01 9.597391e-01 9.604328e-01 2.901289e-02 2.898367e-02 2.980595e-02
38 3.119012e+01 3.120439e+01 3.121353e+01 4.199562e-02 4.194808e-02 3.847525e-02 9.580058e-01 9.904035e-01 9.931315e-01 8.554844e-03 8.541329e-03 6.530724e-03
39 5.229280e+00 5.234143e+00 5.226327e+00 3.751748e-01 3.749787e-01 3.736953e-01 6.248690e-01 7.696991e-01 7.725006e-01 1.121571e-01 1.121081e-01 1.137914e-01
40 2.741822e-01 2.743262e-01 2.735053e-01 8.873977e-01 8.873456e-01 8.875545e-01 1.126047e-01 1.932286e-01 1.930288e-01 1.127638e-01 1.127939e-01 1.130309e-01
41 8.465750e-02 8.473687e-02 8.505519e-02 9.603091e-01 9.602745e-01 9.601466e-01 3.970654e-02 7.489380e-02 7.510250e-02 5.995467e-02 5.999123e-02 6.007408e-02
42 2.477348e-02 2.478732e-02 2.473920e-02 9.879184e-01 9.879117e-01 9.879305e-01 1.208174e-02 2.360308e-02 2.357398e-02 2.149504e-02 2.150618e-02 2.150109e-02
43 4.797121e-03 4.799848e-03 4.791568e-03 9.976126e-01 9.976112e-01 9.976151e-01 2.387455e-03 4.755593e-03 4.748381e-03 4.666642e-03 4.669265e-03 4.664028e-03
44 2.042809e-03 2.043939e-03 2.036910e-03 9.989804e-01 9.989799e-01 9.989833e-01 1.019575e-03 2.036587e-03 2.029812e-03 2.020910e-03 2.022023e-03 2.015741e-03
45 1.724768e-03 1.725589e-03 1.721563e-03 9.991387e-01 9.991382e-01 9.991402e-01 8.613503e-04 1.721439e-03 1.717458e-03 1.712377e-03 1.713188e-03 1.709294e-03
46 1.150772e-03 1.151195e-03 1.152477e-03 9.994250e-01 9.994248e-01 9.994241e-01 5.750020e-04 1.149787e-03 1.151062e-03 1.146557e-03 1.146978e-03 1.148239e-03
47 3.039686e-03 3.040841e-03 3.040536e-03 9.984829e-01 9.984823e-01 9.984825e-01 1.517021e-03 3.029841e-03 3.029581e-03 3.006880e-03 3.008015e-03 3.007842e-03
48 9.907172e-03 9.911897e-03 9.921601e-03 9.950815e-01 9.950792e-01 9.950744e-01 4.918428e-03 9.772559e-03 9.782117e-03 9.498440e-03 9.502847e-03 9.512121e-03
49 5.369151e-02 5.372269e-02 5.367511e-02 9.742483e-01 9.742336e-01 9.741949e-01 2.575129e-02 4.962440e-02 4.976587e-02 4.318716e-02 4.320949e-02 4.342905e-02
50 6.097241e-01 6.100477e-01 6.147591e-01 7.997242e-01 7.996410e-01 7.993944e-01 2.002662e-01 3.187727e-01 3.191017e-01 1.495403e-01 1.495599e-01 1.497615e-01
51 2.422893e+00 2.423746e+00 2.438031e+00 5.109512e-01 5.108373e-01 5.102413e-01 4.890274e-01 6.572223e-01 6.586829e-01 1.569826e-01 1.569724e-01 1.581402e-01
52 2.397787e+00 2.397856e+00 2.388067e+00 5.365077e-01 5.363696e-01 5.357792e-01 4.634992e-01 6.211255e-01 6.225380e-01 1.529649e-01 1.529517e-01 1.540207e-01
53 3.716216e+00 3.718970e+00 3.709494e+00 4.080846e-01 4.079429e-01 4.075868e-01 5.919245e-01 7.514908e-01 7.523612e-01 1.283137e-01 1.282785e-01 1.291322e-01
54 2.753107e+00 2.755026e+00 2.755240e+00 4.952002e-01 4.950229e-01 4.951020e-01 5.048526e-01 6.660626e-01 6.659205e-01 1.450193e-01 1.449843e-01 1.448475e-01
55 5.220283e-01 5.223270e-01 5.249758e-01 8.139951e-01 8.139038e-01 8.132866e-01 1.860196e-01 2.967855e-01 2.975840e-01 1.377205e-01 1.377569e-01 1.380226e-01
56 4.178659e-02 4.180666e-02 4.165143e-02 9.796777e-01 9.796681e-01 9.797397e-01 2.032262e-02 3.958822e-02 3.945597e-02 3.563086e-02 3.564633e-02 3.555212e-02
57 1.033713e-02 1.034371e-02 1.033241e-02 9.948817e-01 9.948784e-01 9.948840e-01 5.119082e-03 1.014470e-02 1.013388e-02 9.757092e-03 9.763146e-03 9.753177e-03
58 4.537720e-03 4.540231e-03 4.528305e-03 9.977412e-01 9.977399e-01 9.977458e-01 2.258841e-03 4.500260e-03 4.488673e-03 4.419485e-03 4.421896e-03 4.410962e-03
59 1.661198e-03 1.662015e-03 1.663563e-03 9.991705e-01 9.991701e-01 9.991693e-01 8.294605e-04 1.657527e-03 1.659088e-03 1.647807e-03 1.648614e-03 1.650198e-03
60 4.243234e-04 4.245975e-04 4.231784e-04 9.997879e-01 9.997878e-01 9.997885e-01 2.120919e-04 4.242628e-04 4.228521e-04 4.233216e-04 4.235949e-04 4.222008e-04
61 1.440661e-04 1.441437e-04 1.450506e-04 9.999280e-01 9.999279e-01 9.999275e-01 7.203290e-05 1.441205e-04 1.450268e-04 1.439966e-04 1.440742e-04 1.449794e-04
62 2.571187e-04 2.572232e-04 2.575989e-04 9.998715e-01 9.998714e-01 9.998712e-01 1.285412e-04 2.571558e-04 2.575314e-04 2.569165e-04 2.570209e-04 2.573964e-04
63 9.259648e-04 9.263199e-04 9.263619e-04 9.995373e-01 9.995371e-01 9.995371e-01 4.626650e-04 9.252712e-04 9.253148e-04 9.228273e-04 9.231804e-04 9.232268e-04
64 4.039972e-03 4.041634e-03 4.038422e-03 9.979840e-01 9.979831e-01 9.979847e-01 2.015958e-03 4.025860e-03 4.022846e-03 3.992930e-03 3.994558e-03 3.991927e-03
65 2.118346e-02 2.119380e-02 2.125666e-02 9.895313e-01 9.895262e-01 9.894934e-01 1.046852e-02 2.070898e-02 2.077671e-02 1.978786e-02 1.979712e-02 1.987012e-02
66 1.074860e-01 1.075325e-01 1.076397e-01 9.498126e-01 9.497920e-01 9.497228e-01 5.018465e-02 9.432860e-02 9.448466e-02 7.456914e-02 7.459291e-02 7.478252e-02
67 1.688521e-01 1.689274e-01 1.690192e-01 9.222620e-01 9.222290e-01 9.221667e-01 7.774137e-02 1.442539e-01 1.443852e-01 1.082215e-01 1.082577e-01 1.083551e-01
68 3.310883e-01 3.312060e-01 3.322369e-01 8.595650e-01 8.595224e-01 8.592077e-01 1.404222e-01 2.450005e-01 2.454301e-01 1.482335e-01 1.482551e-01 1.483779e-01
69 9.253284e-01 9.257889e-01 9.291519e-01 6.916503e-01 6.915329e-01 6.909698e-01 3.083597e-01 4.742199e-01 4.750198e-01 1.815548e-01 1.815602e-01 1.820924e-01
70 1.698710e+00 1.699446e+00 1.707875e+00 5.785853e-01 5.784755e-01 5.779287e-01 4.214038e-01 5.940646e-01 5.951533e-01 1.696071e-01 1.695977e-01 1.703872e-01
71 2.385135e+00 2.386276e+00 2.393779e+00 4.925294e-01 4.923815e-01 4.910936e-01 5.074949e-01 6.736128e-01 6.753068e-01 1.475383e-01 1.475138e-01 1.481685e-01
72 2.315150e+00 2.316045e+00 2.320749e+00 4.762597e-01 4.761507e-01 4.748494e-01 5.237199e-01 7.087438e-01 7.107748e-01 1.558844e-01 1.558582e-01 1.571034e-01
73 1.665693e+00 1.666681e+00 1.668464e+00 5.911121e-01 5.909560e-01 5.907018e-01 4.089149e-01 5.656125e-01 5.660366e-01 1.501471e-01 1.501278e-01 1.507267e-01
74 6.572151e-02 6.580979e-02 6.591019e-02 9.687373e-01 9.687006e-01 9.686474e-01 3.128342e-02 5.982916e-02 5.993143e-02 5.065753e-02 5.069130e-02 5.075437e-02
75 1.659868e-02 1.660597e-02 1.655860e-02 9.917758e-01 9.917722e-01 9.917950e-01 8.224326e-03 1.630805e-02 1.626410e-02 1.572768e-02 1.573439e-02 1.569673e-02
76 8.644786e-03 8.649013e-03 8.673880e-03 9.957017e-01 9.956996e-01 9.956874e-01 4.298344e-03 8.553208e-03 8.576988e-03 8.362442e-03 8.366464e-03 8.388195e-03
77 1.231468e-03 1.232128e-03 1.235405e-03 9.993848e-01 9.993845e-01 9.993828e-01 6.152372e-04 1.230062e-03 1.233309e-03 1.225290e-03 1.225945e-03 1.229133e-03
78 2.840245e-04 2.841789e-04 2.852165e-04 9.998580e-01 9.998579e-01 9.998574e-01 1.419928e-04 2.840556e-04 2.850914e-04 2.836550e-04 2.838091e-04 2.848415e-04
79 3.019090e-04 3.020559e-04 3.023794e-04 9.998491e-01 9.998490e-01 9.998488e-01 1.509276e-04 3.019413e-04 3.022645e-04 3.015658e-04 3.017124e-04 3.020351e-04
80 1.182689e-03 1.183166e-03 1.182345e-03 9.994091e-01 9.994089e-01 9.994093e-01 5.908594e-04 1.181421e-03 1.180603e-03 1.177471e-03 1.177943e-03 1.177132e-03
81 3.162392e-03 3.163739e-03 3.148406e-03 9.984218e-01 9.984211e-01 9.984287e-01 1.578165e-03 3.151716e-03 3.136712e-03 3.126562e-03 3.127884e-03 3.113525e-03
82 4.552820e-03 4.554577e-03 4.563512e-03 9.977296e-01 9.977287e-01 9.977243e-01 2.270379e-03 4.530638e-03 4.539413e-03 4.481630e-03 4.483341e-03 4.491806e-03
83 6.666274e-03 6.669363e-03 6.692466e-03 9.966804e-01 9.966789e-01 9.966677e-01 3.319629e-03 6.615436e-03 6.637160e-03 6.507195e-03 6.510167e-03 6.529327e-03
84 2.050716e-02 2.051116e-02 2.040709e-02 9.898589e-01 9.898569e-01 9.899059e-01 1.013882e-02 2.006675e-02 1.997443e-02 1.921702e-02 1.922083e-02 1.914906e-02
85 8.092046e-02 8.096288e-02 8.089633e-02 9.618650e-01 9.618455e-01 9.618687e-01 3.813709e-02 7.229056e-02 7.225848e-02 5.907568e-02 5.910255e-02 5.910654e-02
86 1.276654e-01 1.277181e-01 1.275709e-01 9.420398e-01 9.420173e-01 9.420663e-01 5.795882e-02 1.065062e-01 1.064400e-01 7.796739e-02 7.798979e-02 7.799135e-02
87 1.666545e-01 1.667415e-01 1.681026e-01 9.273396e-01 9.273048e-01 9.268639e-01 7.266276e-02 1.294112e-01 1.300072e-01 8.502683e-02 8.505654e-02 8.506557e-02
88 2.030552e-01 2.031380e-01 2.027460e-01 9.100979e-01 9.100645e-01 9.101419e-01 8.989995e-02 1.616638e-01 1.616426e-01 1.085520e-01 1.085768e-01 1.087970e-01
89 5.029734e-02 5.032801e-02 5.026247e-02 9.756832e-01 9.756686e-01 9.756992e-01 2.432013e-02 4.711863e-02 4.706081e-02 4.154909e-02 4.157183e-02 4.152299e-02
90 4.659557e-03 4.662275e-03 4.671273e-03 9.976753e-01 9.976740e-01 9.976695e-01 2.325029e-03 4.641945e-03 4.650691e-03 4.598992e-03 4.601647e-03 4.609897e-03
91 1.398014e-03 1.398745e-03 1.403695e-03 9.993017e-01 9.993013e-01 9.992989e-01 6.983152e-04 1.395927e-03 1.400803e-03 1.389595e-03 1.390319e-03 1.395049e-03
92 7.324622e-04 7.328624e-04 7.305753e-04 9.996341e-01 9.996339e-01 9.996350e-01 3.659429e-04 7.316949e-04 7.294133e-04 7.289729e-04 7.293703e-04 7.270999e-04
93 1.726265e-04 1.727237e-04 1.721750e-04 9.999137e-01 9.999137e-01 9.999139e-01 8.630109e-05 1.726723e-04 1.721247e-04 1.724725e-04 1.725695e-04 1.720241e-04
94 4.676145e-05 4.678215e-05 4.677083e-05 9.999766e-01 9.999766e-01 9.999766e-01 2.338076e-05 4.677998e-05 4.676867e-05 4.675496e-05 4.677566e-05 4.676433e-05
95 3.323013e-05 3.324872e-05 3.331627e-05 9.999834e-01 9.999834e-01 9.999833e-01 1.661449e-05 3.324672e-05 3.331426e-05 3.322413e-05 3.324272e-05 3.331024e-05
96 1.084807e-04 1.085258e-04 1.086941e-04 9.999458e-01 9.999457e-01 9.999457e-01 5.423607e-05 1.085088e-04 1.086771e-04 1.084298e-04 1.084749e-04 1.086431e-04
97 1.209716e-04 1.210170e-04 1.206592e-04 9.999395e-01 9.999395e-01 9.999397e-01 6.047857e-05 1.210015e-04 1.206439e-04 1.209252e-04 1.209705e-04 1.206132e-04
98 3.254809e-04 3.256212e-04 3.265380e-04 9.998373e-01 9.998372e-01 9.998368e-01 1.627134e-04 3.255170e-04 3.264316e-04 3.251684e-04 3.253086e-04 3.262190e-04
99 9.855659e-04 9.859747e-04 9.838410e-04 9.995075e-01 9.995073e-01 9.995084e-01 4.924801e-04 9.848394e-04 9.827412e-04 9.821692e-04 9.825756e-04 9.805477e-04
100 4.392696e-03 4.394209e-03 4.402369e-03 9.978092e-01 9.978084e-01 9.978043e-01 2.190574e-03 4.372090e-03 4.380336e-03 4.326903e-03 4.328375e-03 4.336780e-03
101 1.124892e-02 1.125350e-02 1.125886e-02 9.944066e-01 9.944043e-01 9.944016e-01 5.593554e-03 1.112997e-02 1.113549e-02 1.088396e-02 1.088831e-02 1.089410e-02
102 2.086544e-02 2.087245e-02 2.087117e-02 9.897029e-01 9.896995e-01 9.896993e-01 1.029573e-02 2.033806e-02 2.033980e-02 1.932796e-02 1.933404e-02 1.934073e-02
103 6.033579e-02 6.036488e-02 6.015288e-02 9.709258e-01 9.709121e-01 9.710001e-01 2.907532e-02 5.618643e-02 5.603965e-02 4.918888e-02 4.921008e-02 4.915109e-02
104 7.550378e-02 7.552802e-02 7.559702e-02 9.639910e-01 9.639799e-01 9.639479e-01 3.600600e-02 6.889514e-02 6.895479e-02 5.799978e-02 5.801444e-02 5.805973e-02
105 7.200371e-02 7.203340e-02 7.238082e-02 9.657789e-01 9.657653e-01 9.656016e-01 3.422000e-02 6.528020e-02 6.559028e-02 5.434090e-02 5.435934e-02 5.461225e-02
106 9.858026e-02 9.863558e-02 9.839212e-02 9.534125e-01 9.533872e-01 9.534837e-01 4.659205e-02 8.841752e-02 8.826317e-02 7.205876e-02 7.209205e-02 7.204362e-02
107 7.175840e-03 7.179647e-03 7.173915e-03 9.964254e-01 9.964235e-01 9.964263e-01 3.574939e-03 7.126475e-03 7.121173e-03 7.018394e-03 7.022065e-03 7.017604e-03
108 1.093595e-02 1.094047e-02 1.097028e-02 9.945655e-01 9.945633e-01 9.945485e-01 5.434423e-03 1.080719e-02 1.083645e-02 1.054331e-02 1.054755e-02 1.057574e-02
109 6.883748e-03 6.887551e-03 6.898877e-03 9.965778e-01 9.965759e-01 9.965703e-01 3.422213e-03 6.809264e-03 6.820385e-03 6.653814e-03 6.657415e-03 6.668109e-03
110 1.206953e-02 1.207454e-02 1.207410e-02 9.940087e-01 9.940062e-01 9.940063e-01 5.991308e-03 1.190182e-02 1.190186e-02 1.156154e-02 1.156620e-02 1.156716e-02
111 1.021702e-03 1.022397e-03 1.017159e-03 9.994899e-01 9.994895e-01 9.994921e-01 5.101799e-04 1.019570e-03 1.014374e-03 1.013272e-03 1.013958e-03 1.008845e-03
112 1.363592e-04 1.364682e-04 1.365463e-04 9.999318e-01 9.999318e-01 9.999317e-01 6.819511e-05 1.364406e-04 1.365186e-04 1.362765e-04 1.363854e-04 1.364632e-04
113 4.035692e-05 4.037836e-05 4.048116e-05 9.999798e-01 9.999798e-01 9.999798e-01 2.017859e-05 4.037605e-05 4.047881e-05 4.034999e-05 4.037143e-05 4.047412e-05
114 2.714687e-05 2.715557e-05 2.726364e-05 9.999864e-01 9.999864e-01 9.999864e-01 1.357142e-05 2.715467e-05 2.726273e-05 2.714416e-05 2.715286e-05 2.726090e-05
115 1.067127e-04 1.067524e-04 1.071063e-04 9.999466e-01 9.999466e-01 9.999465e-01 5.334783e-05 1.067392e-04 1.070930e-04 1.066729e-04 1.067127e-04 1.070662e-04
116 2.158667e-04 2.159519e-04 2.157993e-04 9.998921e-01 9.998920e-01 9.998921e-01 1.079222e-04 2.159071e-04 2.157550e-04 2.157323e-04 2.158175e-04 2.156665e-04
117 7.258889e-04 7.262404e-04 7.265625e-04 9.996372e-01 9.996371e-01 9.996369e-01 3.627628e-04 7.255186e-04 7.258434e-04 7.237288e-04 7.240786e-04 7.244088e-04
118 2.761077e-03 2.762507e-03 2.769268e-03 9.986222e-01 9.986215e-01 9.986182e-01 1.377750e-03 2.751405e-03 2.757967e-03 2.728031e-03 2.729433e-03 2.735607e-03
