0 3.135834e+01 3.138040e+01 3.143037e+01 2.892794e-01 2.892106e-01 2.864123e-01 7.106739e-01 7.635999e-01 7.666342e-01 4.587187e-02 4.586523e-02 4.747531e-02
1 1.470198e+02 1.470680e+02 1.473619e+02 4.551092e-04 4.538208e-04 2.288178e-05 9.995449e-01 9.999915e-01 1.000000e+00 8.517528e-06 8.472465e-06 5.172551e-09
2 1.964926e+02 1.964082e+02 1.975393e+02 2.298359e-03 2.289922e-03 2.160395e-03 9.977021e-01 9.999298e-01 9.999542e-01 7.055545e-05 7.006975e-05 4.573227e-05
3 1.368769e+02 1.372064e+02 1.365355e+02 2.177647e-02 2.172837e-02 2.229647e-02 9.782286e-01 9.952481e-01 9.958967e-01 4.373208e-03 4.358694e-03 3.932688e-03
4 5.404211e+01 5.407770e+01 5.358929e+01 5.704646e-02 5.694747e-02 5.575722e-02 9.429613e-01 9.864322e-01 9.876705e-01 1.219160e-02 1.215985e-02 1.140108e-02
5 1.449404e+01 1.450462e+01 1.451125e+01 1.617102e-01 1.615261e-01 1.600508e-01 8.383212e-01 9.402373e-01 9.423465e-01 4.684652e-02 4.677682e-02 4.641661e-02
6 2.961416e+00 2.963150e+00 2.950726e+00 5.070738e-01 5.068769e-01 5.075018e-01 4.929790e-01 6.451973e-01 6.443769e-01 1.419690e-01 1.419381e-01 1.420554e-01
7 8.392557e-01 8.397759e-01 8.356833e-01 7.641881e-01 7.640698e-01 7.643449e-01 2.358272e-01 3.535152e-01 3.534460e-01 1.417793e-01 1.418070e-01 1.421050e-01
8 3.132278e-01 3.134496e-01 3.128905e-01 8.912943e-01 8.912210e-01 8.914916e-01 1.087218e-01 1.767292e-01 1.764827e-01 9.165532e-02 9.169123e-02 9.184550e-02
9 1.326030e-01 1.326992e-01 1.329655e-01 9.434864e-01 9.434439e-01 9.434124e-01 5.652246e-02 1.007823e-01 1.007726e-01 6.940622e-02 6.944687e-02 6.949082e-02
10 1.126611e-01 1.127280e-01 1.125545e-01 9.493119e-01 9.492824e-01 9.493488e-01 5.069189e-02 9.274104e-02 9.264243e-02 6.753697e-02 6.757079e-02 6.757347e-02
11 2.627738e-01 2.628982e-01 2.631403e-01 8.920565e-01 8.920117e-01 8.919471e-01 1.079393e-01 1.860081e-01 1.861221e-01 1.121218e-01 1.121489e-01 1.122570e-01
12 2.811448e+00 2.813007e+00 2.815506e+00 5.317997e-01 5.316593e-01 5.324791e-01 4.682018e-01 6.108499e-01 6.098884e-01 1.361876e-01 1.361766e-01 1.363054e-01
13 1.564130e+01 1.564917e+01 1.561533e+01 1.279861e-01 1.278852e-01 1.242474e-01 8.720063e-01 9.530722e-01 9.577146e-01 3.538465e-02 3.535029e-02 3.435443e-02
14 3.020591e+01 3.021952e+01 3.017480e+01 3.794887e-02 3.790079e-02 3.499516e-02 9.620544e-01 9.931615e-01 9.949573e-01 6.353099e-03 6.341179e-03 4.882439e-03
15 2.406988e+01 2.408459e+01 2.406820e+01 2.008412e-01 2.007055e-01 1.986558e-01 7.991895e-01 8.836233e-01 8.855247e-01 6.170376e-02 6.166532e-02 6.175299e-02
16 2.083565e+01 2.084503e+01 2.091301e+01 8.440409e-02 8.434535e-02 7.955708e-02 9.155746e-01 9.724720e-01 9.779709e-01 2.114986e-02 2.113353e-02 1.921376e-02
17 2.243798e+01 2.245015e+01 2.243206e+01 5.895618e-02 5.887839e-02 5.841841e-02 9.410600e-01 9.874921e-01 9.881418e-01 1.149768e-02 1.147561e-02 1.106347e-02
18 8.004800e+00 8.009288e+00 8.009267e+00 3.151647e-01 3.149943e-01 3.142927e-01 6.848612e-01 8.172359e-01 8.183938e-01 9.949735e-02 9.944950e-02 9.983951e-02
19 2.924160e+00 2.925633e+00 2.855649e+00 5.912226e-01 5.910741e-01 5.907408e-01 4.087691e-01 5.524328e-01 5.528881e-01 1.487361e-01 1.487453e-01 1.488251e-01
20 9.152910e-01 9.163457e-01 9.025971e-01 7.869748e-01 7.868198e-01 7.865239e-01 2.130805e-01 3.184143e-01 3.188331e-01 1.368122e-01 1.368510e-01 1.371284e-01
21 2.759453e-01 2.761290e-01 2.736369e-01 9.018330e-01 9.017706e-01 9.013431e-01 9.817074e-02 1.657555e-01 1.663441e-01 1.011600e-01 1.012020e-01 1.013029e-01
22 1.198884e-01 1.199630e-01 1.198896e-01 9.442949e-01 9.442602e-01 9.441964e-01 5.571147e-02 1.046180e-01 1.047795e-01 8.304883e-02 8.309290e-02 8.320881e-02
23 3.580122e-02 3.582556e-02 3.586204e-02 9.826363e-01 9.826246e-01 9.826030e-01 1.736475e-02 3.376371e-02 3.380890e-02 3.023388e-02 3.025334e-02 3.028979e-02
24 7.753888e-03 7.758886e-03 7.669701e-03 9.965176e-01 9.965152e-01 9.964643e-01 3.482053e-03 6.395439e-03 6.577530e-03 4.866262e-03 4.869292e-03 5.071834e-03
25 5.217797e-03 5.223199e-03 5.225518e-03 9.975357e-01 9.975331e-01 9.974979e-01 2.465088e-03 4.692421e-03 4.805974e-03 3.934086e-03 3.938654e-03 4.130174e-03
26 8.547519e-04 8.551680e-04 8.580664e-04 9.995729e-01 9.995726e-01 9.995712e-01 4.271389e-04 8.542522e-04 8.571621e-04 8.520121e-04 8.524263e-04 8.553583e-04
27 3.616315e-03 3.618496e-03 3.585330e-03 9.982014e-01 9.982003e-01 9.982158e-01 1.798443e-03 3.580646e-03 3.551643e-03 3.505988e-03 3.508108e-03 3.486313e-03
28 3.279666e-02 3.281494e-02 3.254762e-02 9.840430e-01 9.840342e-01 9.841419e-01 1.595618e-02 3.111949e-02 3.094408e-02 2.821199e-02 2.822653e-02 2.816054e-02
29 2.154446e-01 2.155347e-01 2.154807e-01 9.050976e-01 9.050604e-01 9.052057e-01 9.490090e-02 1.705790e-01 1.702942e-01 1.155157e-01 1.155466e-01 1.154990e-01
30 2.804220e-01 2.805437e-01 2.809740e-01 8.772196e-01 8.771710e-01 8.771051e-01 1.227786e-01 2.185362e-01 2.185533e-01 1.398320e-01 1.398648e-01 1.398008e-01
31 2.358831e-01 2.360045e-01 2.364729e-01 8.956012e-01 8.955497e-01 8.953314e-01 1.044024e-01 1.881619e-01 1.885390e-01 1.279781e-01 1.280212e-01 1.282564e-01
32 6.184723e-01 6.187352e-01 6.179190e-01 7.677768e-01 7.676937e-01 7.674076e-01 2.322219e-01 3.785168e-01 3.789788e-01 1.820880e-01 1.821095e-01 1.822823e-01
33 1.629304e+00 1.630041e+00 1.623809e+00 5.589095e-01 5.587702e-01 5.583628e-01 4.411102e-01 6.216315e-01 6.224738e-01 1.699755e-01 1.699576e-01 1.706119e-01
34 7.251525e+00 7.254801e+00 7.264126e+00 2.567995e-01 2.566978e-01 2.549980e-01 7.431748e-01 8.728506e-01 8.754749e-01 8.141458e-02 8.137859e-02 8.194520e-02
35 1.928797e+01 1.929655e+01 1.928755e+01 1.028879e-01 1.027969e-01 1.005620e-01 8.971147e-01 9.673672e-01 9.697053e-01 2.677128e-02 2.673899e-02 2.571118e-02
36 1.766306e+01 1.767222e+01 1.760642e+01 9.494129e-02 9.485694e-02 9.474449e-02 9.050641e-01 9.694873e-01 9.702807e-01 2.480631e-02 2.477792e-02 2.483110e-02
37 1.717304e+01 1.718266e+01 1.717779e+01 1.553790e-01 1.552560e-01 1.533795e-01 8.446257e-01 9.307410e-01 9.342389e-01 4.640441e-02 4.636311e-02 4.717480e-02
38 2.229960e+01 2.230900e+01 2.229074e+01 6.604375e-02 6.597804e-02 6.198094e-02 9.339596e-01 9.834882e-01 9.866471e-01 1.449702e-02 1.447637e-02 1.238316e-02
39 6.030842e+00 6.035997e+00 6.034808e+00 3.288975e-01 3.287040e-01 3.270355e-01 6.711418e-01 8.102209e-01 8.129413e-01 9.972729e-02 9.967235e-02 1.010621e-01
40 3.890705e-01 3.893040e-01 3.912640e-01 8.479224e-01 8.478440e-01 8.476227e-01 1.520906e-01 2.531643e-01 2.532901e-01 1.323372e-01 1.323643e-01 1.323112e-01
41 9.263575e-02 9.271772e-02 9.244868e-02 9.567199e-01 9.566841e-01 9.567771e-01 4.329529e-02 8.143826e-02 8.130718e-02 6.460256e-02 6.464091e-02 6.463186e-02
42 3.682235e-02 3.684329e-02 3.676724e-02 9.821821e-01 9.821721e-01 9.822048e-01 1.781810e-02 3.456234e-02 3.450499e-02 3.065178e-02 3.066771e-02 3.063118e-02
43 9.891330e-03 9.896063e-03 9.922442e-03 9.950908e-01 9.950885e-01 9.950759e-01 4.909087e-03 9.751249e-03 9.775091e-03 9.467064e-03 9.471520e-03 9.490727e-03
44 3.359250e-03 3.361400e-03 3.357684e-03 9.983253e-01 9.983243e-01 9.983262e-01 1.674841e-03 3.341619e-03 3.337741e-03 3.300656e-03 3.302762e-03 3.298577e-03
45 1.850338e-03 1.851055e-03 1.853459e-03 9.990758e-01 9.990755e-01 9.990743e-01 9.241046e-04 1.847026e-03 1.849431e-03 1.838296e-03 1.839006e-03 1.841411e-03
46 1.788106e-03 1.788951e-03 1.788520e-03 9.991068e-01 9.991064e-01 9.991066e-01 8.931736e-04 1.785373e-03 1.784974e-03 1.777415e-03 1.778252e-03 1.777913e-03
47 4.851909e-03 4.853968e-03 4.855199e-03 9.975813e-01 9.975802e-01 9.975796e-01 2.418705e-03 4.825227e-03 4.826689e-03 4.766517e-03 4.768521e-03 4.770424e-03
48 1.612114e-02 1.612991e-02 1.596960e-02 9.920285e-01 9.920242e-01 9.920988e-01 7.971460e-03 1.577816e-02 1.563903e-02 1.510270e-02 1.511067e-02 1.500757e-02
49 9.938070e-02 9.944059e-02 9.853667e-02 9.541202e-01 9.540930e-01 9.542391e-01 4.587946e-02 8.597407e-02 8.589969e-02 6.848833e-02 6.852286e-02 6.865034e-02
50 7.781033e-01 7.785027e-01 7.793242e-01 7.534752e-01 7.533759e-01 7.535160e-01 2.465218e-01 3.838987e-01 3.841479e-01 1.656681e-01 1.656817e-01 1.662746e-01
51 1.932349e+00 1.933059e+00 1.949320e+00 5.638433e-01 5.637369e-01 5.642809e-01 4.361386e-01 6.009913e-01 6.004072e-01 1.621125e-01 1.621124e-01 1.622819e-01
52 1.543458e+00 1.543428e+00 1.541523e+00 6.238901e-01 6.237560e-01 6.230199e-01 3.761165e-01 5.326520e-01 5.339373e-01 1.655483e-01 1.655489e-01 1.662797e-01
53 2.640013e+00 2.642109e+00 2.643738e+00 4.807499e-01 4.805922e-01 4.793896e-01 5.192653e-01 6.913614e-01 6.936615e-01 1.484137e-01 1.483792e-01 1.497975e-01
54 2.180102e+00 2.181534e+00 2.180414e+00 5.490468e-01 5.488687e-01 5.491197e-01 4.510096e-01 6.122493e-01 6.119632e-01 1.550147e-01 1.549867e-01 1.550840e-01
55 6.390234e-01 6.393654e-01 6.379216e-01 7.798076e-01 7.797064e-01 7.796450e-01 2.202102e-01 3.448521e-01 3.450694e-01 1.489223e-01 1.489543e-01 1.490322e-01
56 7.076186e-02 7.079834e-02 7.067212e-02 9.663201e-01 9.663031e-01 9.663540e-01 3.368066e-02 6.436409e-02 6.428306e-02 5.401872e-02 5.404288e-02 5.402717e-02
57 1.181328e-02 1.182075e-02 1.179821e-02 9.941516e-01 9.941479e-01 9.941583e-01 5.849203e-03 1.159029e-02 1.157095e-02 1.114308e-02 1.114996e-02 1.113627e-02
58 5.644646e-03 5.647629e-03 5.643429e-03 9.971919e-01 9.971904e-01 9.971925e-01 2.808095e-03 5.590929e-03 5.586878e-03 5.477239e-03 5.480094e-03 5.476335e-03
59 2.613675e-03 2.614921e-03 2.615754e-03 9.986960e-01 9.986954e-01 9.986950e-01 1.303894e-03 2.603405e-03 2.604362e-03 2.579403e-03 2.580626e-03 2.581822e-03
60 8.418010e-04 8.423816e-04 8.358380e-04 9.995795e-01 9.995792e-01 9.995824e-01 4.205887e-04 8.409440e-04 8.344753e-04 8.375041e-04 8.380816e-04 8.317610e-04
61 3.122608e-04 3.124439e-04 3.125068e-04 9.998439e-01 9.998438e-01 9.998438e-01 1.561160e-04 3.123219e-04 3.123854e-04 3.118951e-04 3.120779e-04 3.121430e-04
62 5.073745e-04 5.076049e-04 5.068205e-04 9.997464e-01 9.997463e-01 9.997467e-01 2.536172e-04 5.073354e-04 5.065545e-04 5.065673e-04 5.067971e-04 5.060231e-04
63 2.005217e-03 2.006147e-03 2.025540e-03 9.989988e-01 9.989984e-01 9.989887e-01 1.001046e-03 2.000338e-03 2.019544e-03 1.987939e-03 1.988856e-03 2.007681e-03
64 7.393955e-03 7.397326e-03 7.360862e-03 9.963157e-01 9.963141e-01 9.963319e-01 3.684176e-03 7.346631e-03 7.311779e-03 7.243437e-03 7.246699e-03 7.214907e-03
65 3.085435e-02 3.086895e-02 3.077049e-02 9.848222e-01 9.848151e-01 9.848533e-01 1.517748e-02 2.989183e-02 2.983431e-02 2.808157e-02 2.809418e-02 2.809609e-02
66 1.090578e-01 1.091031e-01 1.095119e-01 9.486765e-01 9.486560e-01 9.484673e-01 5.132169e-02 9.708439e-02 9.743787e-02 7.841114e-02 7.843672e-02 7.872337e-02
67 1.550344e-01 1.550989e-01 1.550143e-01 9.274722e-01 9.274431e-01 9.274369e-01 7.253049e-02 1.363458e-01 1.364169e-01 1.069635e-01 1.069990e-01 1.071796e-01
68 3.494606e-01 3.495874e-01 3.489620e-01 8.517552e-01 8.517087e-01 8.518348e-01 1.482343e-01 2.585685e-01 2.585159e-01 1.556058e-01 1.556285e-01 1.558837e-01
69 9.055716e-01 9.060296e-01 9.079995e-01 7.015614e-01 7.014434e-01 7.008166e-01 2.984490e-01 4.599671e-01 4.610081e-01 1.810653e-01 1.810756e-01 1.817242e-01
70 1.303783e+00 1.304350e+00 1.312065e+00 6.356850e-01 6.355755e-01 6.350169e-01 3.643132e-01 5.351993e-01 5.360555e-01 1.803699e-01 1.803663e-01 1.806873e-01
71 1.661190e+00 1.661982e+00 1.664612e+00 5.785156e-01 5.783759e-01 5.777890e-01 4.215074e-01 5.891360e-01 5.901531e-01 1.630599e-01 1.630509e-01 1.638900e-01
72 1.510856e+00 1.511446e+00 1.509285e+00 5.835875e-01 5.834827e-01 5.826867e-01 4.163973e-01 6.023145e-01 6.039399e-01 1.826260e-01 1.826113e-01 1.837537e-01
73 1.483881e+00 1.484642e+00 1.485882e+00 6.064110e-01 6.062738e-01 6.055513e-01 3.936050e-01 5.547793e-01 5.560169e-01 1.593663e-01 1.593565e-01 1.602081e-01
74 1.093101e-01 1.094651e-01 1.103184e-01 9.548608e-01 9.548030e-01 9.543008e-01 4.516757e-02 8.144414e-02 8.182845e-02 6.024487e-02 6.028709e-02 6.006455e-02
75 1.438835e-02 1.439548e-02 1.436123e-02 9.928656e-01 9.928620e-01 9.928776e-01 7.134568e-03 1.415865e-02 1.413045e-02 1.369617e-02 1.370281e-02 1.368493e-02
76 9.496802e-03 9.501299e-03 9.479371e-03 9.952778e-01 9.952755e-01 9.952862e-01 4.722260e-03 9.397137e-03 9.376386e-03 9.189504e-03 9.193803e-03 9.175293e-03
77 1.976791e-03 1.977841e-03 1.969605e-03 9.990128e-01 9.990123e-01 9.990164e-01 9.872003e-04 1.972938e-03 1.964793e-03 1.962150e-03 1.963189e-03 1.955221e-03
78 4.489827e-04 4.492258e-04 4.484780e-04 9.997756e-01 9.997755e-01 9.997758e-01 2.244301e-04 4.489464e-04 4.482073e-04 4.481459e-04 4.483884e-04 4.476666e-04
79 4.918773e-04 4.920872e-04 4.913498e-04 9.997541e-01 9.997540e-01 9.997544e-01 2.458757e-04 4.918333e-04 4.910983e-04 4.911166e-04 4.913260e-04 4.905959e-04
80 1.301346e-03 1.301877e-03 1.301153e-03 9.993498e-01 9.993495e-01 9.993499e-01 6.501537e-04 1.299954e-03 1.299239e-03 1.295594e-03 1.296121e-03 1.295423e-03
81 2.805328e-03 2.806482e-03 2.807800e-03 9.985996e-01 9.985990e-01 9.985983e-01 1.400394e-03 2.797487e-03 2.798828e-03 2.778490e-03 2.779628e-03 2.781013e-03
82 3.759720e-03 3.761045e-03 3.761175e-03 9.981238e-01 9.981231e-01 9.981231e-01 1.876138e-03 3.746472e-03 3.746632e-03 3.716278e-03 3.717578e-03 3.717797e-03
83 7.178111e-03 7.181521e-03 7.172437e-03 9.964254e-01 9.964237e-01 9.964277e-01 3.574675e-03 7.124059e-03 7.117130e-03 7.008474e-03 7.011767e-03 7.008772e-03
84 2.714265e-02 2.714884e-02 2.719379e-02 9.866286e-01 9.866255e-01 9.866041e-01 1.336895e-02 2.636230e-02 2.640338e-02 2.488490e-02 2.489053e-02 2.492466e-02
85 7.624069e-02 7.627921e-02 7.637769e-02 9.638822e-01 9.638642e-01 9.638329e-01 3.612029e-02 6.876171e-02 6.880077e-02 5.702056e-02 5.704644e-02 5.703644e-02
86 8.952429e-02 8.956216e-02 8.932582e-02 9.582967e-01 9.582798e-01 9.583531e-01 4.170242e-02 7.826216e-02 7.818071e-02 6.170017e-02 6.172097e-02 6.180419e-02
87 1.225375e-01 1.226008e-01 1.225903e-01 9.445093e-01 9.444823e-01 9.444449e-01 5.549232e-02 1.016867e-01 1.018044e-01 7.341609e-02 7.344416e-02 7.361582e-02
88 1.444598e-01 1.445137e-01 1.448502e-01 9.341576e-01 9.341346e-01 9.340221e-01 6.583911e-02 1.212065e-01 1.213597e-01 8.866166e-02 8.868357e-02 8.868717e-02
89 5.425189e-02 5.428594e-02 5.431219e-02 9.737922e-01 9.737761e-01 9.737613e-01 2.621194e-02 5.074518e-02 5.077714e-02 4.461195e-02 4.463703e-02 4.467452e-02
90 5.580256e-03 5.583538e-03 5.559545e-03 9.972181e-01 9.972165e-01 9.972283e-01 2.782221e-03 5.550759e-03 5.527208e-03 5.482946e-03 5.486136e-03 5.463440e-03
91 1.229234e-03 1.229842e-03 1.232433e-03 9.993859e-01 9.993856e-01 9.993843e-01 6.141531e-04 1.227926e-03 1.230507e-03 1.223504e-03 1.224108e-03 1.226671e-03
92 7.511388e-04 7.515504e-04 7.486562e-04 9.996247e-01 9.996245e-01 9.996259e-01 3.753130e-04 7.505084e-04 7.476256e-04 7.480230e-04 7.484322e-04 7.455722e-04
93 2.534966e-04 2.536288e-04 2.534578e-04 9.998733e-01 9.998732e-01 9.998733e-01 1.267234e-04 2.535289e-04 2.533577e-04 2.531975e-04 2.533295e-04 2.531576e-04
94 8.096559e-05 8.100475e-05 8.111071e-05 9.999595e-01 9.999595e-01 9.999594e-01 4.048277e-05 8.099801e-05 8.110389e-05 8.094538e-05 8.098453e-05 8.109025e-05
95 4.172663e-05 4.174895e-05 4.169695e-05 9.999791e-01 9.999791e-01 9.999792e-01 2.086278e-05 4.174655e-05 4.169464e-05 4.171945e-05 4.174177e-05 4.169002e-05
96 1.001318e-04 1.001743e-04 1.001595e-04 9.999499e-01 9.999499e-01 9.999499e-01 5.006285e-05 1.001620e-04 1.001473e-04 1.000950e-04 1.001375e-04 1.001229e-04
97 1.458577e-04 1.459161e-04 1.458868e-04 9.999271e-01 9.999270e-01 9.999271e-01 7.292131e-05 1.458976e-04 1.458685e-04 1.458025e-04 1.458608e-04 1.458318e-04
98 4.325924e-04 4.327749e-04 4.332956e-04 9.997837e-01 9.997837e-01 9.997834e-01 2.162487e-04 4.326033e-04 4.331257e-04 4.320781e-04 4.322603e-04 4.327861e-04
99 1.540840e-03 1.541434e-03 1.542436e-03 9.992302e-01 9.992299e-01 9.992294e-01 7.697647e-04 1.538924e-03 1.539934e-03 1.533336e-03 1.533925e-03 1.534952e-03
100 5.086084e-03 5.087739e-03 5.094702e-03 9.974631e-01 9.974622e-01 9.974587e-01 2.536692e-03 5.063328e-03 5.070442e-03 5.013398e-03 5.015013e-03 5.022419e-03
101 1.107921e-02 1.108404e-02 1.108077e-02 9.944912e-01 9.944888e-01 9.944902e-01 5.508894e-03 1.096159e-02 1.095928e-02 1.071814e-02 1.072272e-02 1.072217e-02
102 2.094358e-02 2.095164e-02 2.083902e-02 9.896786e-01 9.896747e-01 9.897267e-01 1.032034e-02 2.036109e-02 2.026481e-02 1.925859e-02 1.926553e-02 1.919659e-02
103 4.970895e-02 4.973211e-02 4.985191e-02 9.758860e-01 9.758749e-01 9.758233e-01 2.411503e-02 4.687818e-02 4.696833e-02 4.193351e-02 4.195159e-02 4.200609e-02
104 5.480763e-02 5.482525e-02 5.485286e-02 9.735434e-01 9.735351e-01 9.735307e-01 2.645423e-02 5.117986e-02 5.117408e-02 4.491873e-02 4.493121e-02 4.488589e-02
105 4.673955e-02 4.675960e-02 4.683382e-02 9.773763e-01 9.773668e-01 9.773314e-01 2.262357e-02 4.388162e-02 4.394902e-02 3.889248e-02 3.890737e-02 3.896110e-02
106 7.870846e-02 7.874795e-02 7.897373e-02 9.622413e-01 9.622228e-01 9.621154e-01 3.776130e-02 7.262380e-02 7.282921e-02 6.221888e-02 6.224617e-02 6.242049e-02
107 6.511756e-03 6.515388e-03 6.511730e-03 9.967549e-01 9.967531e-01 9.967549e-01 3.245562e-03 6.472439e-03 6.468940e-03 6.384365e-03 6.387880e-03 6.384698e-03
108 7.953391e-03 7.956826e-03 7.965572e-03 9.960413e-01 9.960396e-01 9.960351e-01 3.958685e-03 7.885141e-03 7.894261e-03 7.741352e-03 7.744637e-03 7.754463e-03
109 4.476721e-03 4.479241e-03 4.501228e-03 9.977701e-01 9.977689e-01 9.977580e-01 2.229911e-03 4.445487e-03 4.466959e-03 4.377014e-03 4.379449e-03 4.399905e-03
110 9.147743e-03 9.151561e-03 9.152244e-03 9.954510e-01 9.954491e-01 9.954487e-01 4.548971e-03 9.052502e-03 9.053383e-03 8.855011e-03 8.858635e-03 8.859887e-03
111 1.196644e-03 1.197480e-03 1.197846e-03 9.994027e-01 9.994022e-01 9.994021e-01 5.973820e-04 1.193572e-03 1.193919e-03 1.184997e-03 1.185821e-03 1.186131e-03
112 1.217569e-04 1.218592e-04 1.215668e-04 9.999391e-01 9.999391e-01 9.999392e-01 6.089388e-05 1.218356e-04 1.215433e-04 1.216860e-04 1.217882e-04 1.214963e-04
113 4.751979e-05 4.754504e-05 4.741051e-05 9.999762e-01 9.999762e-01 9.999763e-01 2.375970e-05 4.754181e-05 4.740729e-05 4.751009e-05 4.753533e-05 4.740086e-05
114 3.346861e-05 3.348020e-05 3.341840e-05 9.999833e-01 9.999833e-01 9.999833e-01 1.673229e-05 3.347888e-05 3.341710e-05 3.346468e-05 3.347626e-05 3.341449e-05
115 1.004244e-04 1.004595e-04 1.003087e-04 9.999498e-01 9.999498e-01 9.999498e-01 5.020445e-05 1.004480e-04 1.002972e-04 1.003899e-04 1.004249e-04 1.002742e-04
116 2.487558e-04 2.488714e-04 2.466741e-04 9.998756e-01 9.998756e-01 9.998767e-01 1.243574e-04 2.488001e-04 2.466055e-04 2.485423e-04 2.486577e-04 2.464685e-04
117 9.259485e-04 9.264143e-04 9.262794e-04 9.995373e-01 9.995371e-01 9.995372e-01 4.626766e-04 9.252211e-04 9.251042e-04 9.223796e-04 9.228426e-04 9.227612e-04
118 2.550546e-03 2.551824e-03 2.547215e-03 9.987270e-01 9.987264e-01 9.987287e-01 1.272986e-03 2.542702e-03 2.538164e-03 2.523363e-03 2.524619e-03 2.520222e-03
