0 1.687790e+01 1.688997e+01 1.685650e+01 3.556250e-01 3.555440e-01 3.535011e-01 6.443302e-01 7.048412e-01 7.088322e-01 5.310039e-02 5.309274e-02 5.296019e-02
1 9.335068e+01 9.338619e+01 9.330191e+01 2.502864e-03 2.497772e-03 4.608513e-04 9.974973e-01 9.998031e-01 9.999980e-01 1.955336e-04 1.948720e-04 1.956655e-06
2 1.400083e+02 1.399378e+02 1.397614e+02 3.772531e-03 3.760751e-03 3.183211e-03 9.962285e-01 9.997995e-01 9.999025e-01 2.006903e-04 1.995704e-04 9.740871e-05
3 1.165648e+02 1.168140e+02 1.172756e+02 2.017078e-02 2.012605e-02 1.522164e-02 9.798340e-01 9.954725e-01 9.983354e-01 3.951733e-03 3.940693e-03 1.637570e-03
4 6.258926e+01 6.262979e+01 6.259241e+01 3.163528e-02 3.156676e-02 3.060969e-02 9.683706e-01 9.949551e-01 9.956704e-01 4.815483e-03 4.798564e-03 4.201981e-03
5 2.369513e+01 2.371239e+01 2.371017e+01 8.974455e-02 8.960991e-02 8.752297e-02 9.102709e-01 9.751506e-01 9.776267e-01 2.106996e-02 2.102705e-02 1.998871e-02
6 5.559689e+00 5.563438e+00 5.484846e+00 3.486761e-01 3.484413e-01 3.479487e-01 6.513823e-01 7.962526e-01 7.972611e-01 1.076019e-01 1.075327e-01 1.081311e-01
7 1.363194e+00 1.364017e+00 1.356138e+00 6.707031e-01 6.705514e-01 6.705416e-01 3.293198e-01 4.709760e-01 4.710066e-01 1.553934e-01 1.554057e-01 1.555477e-01
8 6.389179e-01 6.393527e-01 6.348951e-01 8.214810e-01 8.213704e-01 8.217800e-01 1.785462e-01 2.716959e-01 2.712582e-01 1.149298e-01 1.149578e-01 1.149836e-01
9 3.127563e-01 3.129959e-01 3.101296e-01 8.910058e-01 8.909205e-01 8.905533e-01 1.090134e-01 1.803310e-01 1.806669e-01 1.017015e-01 1.017501e-01 1.017851e-01
10 2.076743e-01 2.078135e-01 2.081093e-01 9.140519e-01 9.139947e-01 9.139425e-01 8.596054e-02 1.498251e-01 1.498198e-01 9.480693e-02 9.485503e-02 9.477834e-02
11 5.066674e-01 5.069027e-01 5.061796e-01 8.099834e-01 8.099095e-01 8.098253e-01 1.900139e-01 3.086660e-01 3.089043e-01 1.495972e-01 1.496172e-01 1.497123e-01
12 4.190476e+00 4.192823e+00 4.218556e+00 4.208950e-01 4.207298e-01 4.204111e-01 5.791196e-01 7.282741e-01 7.287473e-01 1.261772e-01 1.261421e-01 1.266932e-01
13 1.467921e+01 1.468647e+01 1.469131e+01 1.128304e-01 1.127366e-01 1.107270e-01 8.871651e-01 9.610280e-01 9.636062e-01 3.039530e-02 3.036420e-02 2.974561e-02
14 2.395154e+01 2.396178e+01 2.394425e+01 4.406313e-02 4.401273e-02 4.218515e-02 9.559423e-01 9.917060e-01 9.928540e-01 7.764609e-03 7.751048e-03 6.822515e-03
15 1.671964e+01 1.672976e+01 1.676624e+01 2.412621e-01 2.411100e-01 2.412705e-01 7.587755e-01 8.561564e-01 8.560097e-01 7.466982e-02 7.462799e-02 7.559435e-02
16 1.336403e+01 1.336979e+01 1.342956e+01 1.361340e-01 1.360486e-01 1.330870e-01 8.638449e-01 9.445056e-01 9.495421e-01 3.685202e-02 3.682749e-02 3.773357e-02
17 1.670557e+01 1.671515e+01 1.666317e+01 8.549863e-02 8.540195e-02 8.379364e-02 9.145184e-01 9.786377e-01 9.802239e-01 1.912845e-02 1.909750e-02 1.812467e-02
18 7.409226e+00 7.413575e+00 7.385631e+00 3.092605e-01 3.090703e-01 3.089555e-01 6.907745e-01 8.281184e-01 8.286152e-01 9.826478e-02 9.820518e-02 9.898849e-02
19 2.701455e+00 2.702817e+00 2.688247e+00 5.604214e-01 5.602653e-01 5.602275e-01 4.395798e-01 5.918864e-01 5.919215e-01 1.502328e-01 1.502295e-01 1.504092e-01
20 9.658043e-01 9.667630e-01 9.575744e-01 7.636491e-01 7.634820e-01 7.634578e-01 2.364082e-01 3.564421e-01 3.564932e-01 1.521032e-01 1.521398e-01 1.523559e-01
21 3.536367e-01 3.538685e-01 3.456570e-01 8.771117e-01 8.770351e-01 8.774218e-01 1.228931e-01 2.054756e-01 2.051925e-01 1.200215e-01 1.200655e-01 1.203112e-01
22 1.969660e-01 1.970808e-01 1.968343e-01 9.117682e-01 9.117164e-01 9.116337e-01 8.824216e-02 1.612364e-01 1.613672e-01 1.162791e-01 1.163307e-01 1.162300e-01
23 7.894994e-02 7.900145e-02 7.858550e-02 9.626830e-01 9.626589e-01 9.627878e-01 3.731939e-02 7.093989e-02 7.077376e-02 5.850144e-02 5.853602e-02 5.853696e-02
24 2.362466e-02 2.364070e-02 2.290646e-02 9.916287e-01 9.916229e-01 9.912505e-01 8.370687e-03 1.404236e-02 1.453138e-02 9.283217e-03 9.287718e-03 8.787704e-03
25 1.372103e-02 1.373661e-02 1.342111e-02 9.942145e-01 9.942074e-01 9.940773e-01 5.788267e-03 1.029237e-02 1.068088e-02 7.367801e-03 7.377508e-03 7.579255e-03
26 1.864666e-03 1.865574e-03 1.863896e-03 9.990689e-01 9.990684e-01 9.990692e-01 9.311029e-04 1.860848e-03 1.859404e-03 1.850575e-03 1.851475e-03 1.850480e-03
27 8.340648e-03 8.345800e-03 8.391528e-03 9.958756e-01 9.958731e-01 9.958483e-01 4.124024e-03 8.165566e-03 8.218218e-03 7.828244e-03 7.833062e-03 7.893469e-03
28 5.474258e-02 5.477025e-02 5.469268e-02 9.735482e-01 9.735350e-01 9.735624e-01 2.645062e-02 5.125141e-02 5.121046e-02 4.530615e-02 4.532703e-02 4.531120e-02
29 2.221015e-01 2.221927e-01 2.225635e-01 9.007890e-01 9.007497e-01 9.006335e-01 9.921164e-02 1.800049e-01 1.801631e-01 1.253587e-01 1.253961e-01 1.254269e-01
30 2.597945e-01 2.599117e-01 2.587716e-01 8.846190e-01 8.845696e-01 8.847982e-01 1.153809e-01 2.078802e-01 2.077193e-01 1.395267e-01 1.395663e-01 1.397937e-01
31 2.881557e-01 2.883143e-01 2.866968e-01 8.776932e-01 8.776271e-01 8.777099e-01 1.223150e-01 2.157199e-01 2.158953e-01 1.389828e-01 1.390306e-01 1.394775e-01
32 7.745441e-01 7.748675e-01 7.750085e-01 7.245022e-01 7.244048e-01 7.243120e-01 2.754992e-01 4.366692e-01 4.369066e-01 1.898822e-01 1.898962e-01 1.902480e-01
33 2.271511e+00 2.272621e+00 2.280540e+00 4.816167e-01 4.814515e-01 4.808753e-01 5.184097e-01 6.973741e-01 6.984254e-01 1.540148e-01 1.539785e-01 1.545654e-01
34 8.015455e+00 8.019069e+00 7.999130e+00 2.387037e-01 2.385999e-01 2.376661e-01 7.612774e-01 8.876718e-01 8.893067e-01 7.646981e-02 7.643220e-02 7.658247e-02
35 1.503847e+01 1.504539e+01 1.503642e+01 1.359838e-01 1.358750e-01 1.338765e-01 8.640211e-01 9.517702e-01 9.537663e-01 3.793149e-02 3.789127e-02 3.710930e-02
36 1.326861e+01 1.327544e+01 1.322027e+01 1.221028e-01 1.220013e-01 1.207324e-01 8.779071e-01 9.556962e-01 9.578838e-01 3.319207e-02 3.315879e-02 3.309156e-02
37 1.093540e+01 1.094148e+01 1.100378e+01 2.195492e-01 2.193971e-01 2.162044e-01 7.804595e-01 8.945595e-01 8.994214e-01 6.830146e-02 6.824969e-02 6.921300e-02
38 1.559530e+01 1.560171e+01 1.560302e+01 1.011114e-01 1.010235e-01 9.848708e-02 8.988960e-01 9.701699e-01 9.728634e-01 2.514991e-02 2.511956e-02 2.385903e-02
39 6.179021e+00 6.183813e+00 6.133921e+00 3.053915e-01 3.052013e-01 3.042053e-01 6.946461e-01 8.325103e-01 8.346335e-01 9.344648e-02 9.338874e-02 9.489418e-02
40 5.750030e-01 5.753947e-01 5.717228e-01 7.963530e-01 7.962359e-01 7.962653e-01 2.036715e-01 3.244641e-01 3.245682e-01 1.463278e-01 1.463501e-01 1.466787e-01
41 9.738380e-02 9.746257e-02 9.734198e-02 9.543821e-01 9.543471e-01 9.543829e-01 4.563123e-02 8.602043e-02 8.597926e-02 6.874364e-02 6.878399e-02 6.880776e-02
42 4.644875e-02 4.647529e-02 4.666272e-02 9.776272e-01 9.776146e-01 9.775372e-01 2.237311e-02 4.321790e-02 4.334707e-02 3.774116e-02 3.776087e-02 3.781710e-02
43 1.644906e-02 1.645558e-02 1.647381e-02 9.918627e-01 9.918595e-01 9.918504e-01 8.136814e-03 1.611044e-02 1.612841e-02 1.544532e-02 1.545133e-02 1.546864e-02
44 5.477862e-03 5.482219e-03 5.509167e-03 9.972741e-01 9.972719e-01 9.972587e-01 2.726554e-03 5.430534e-03 5.456314e-03 5.325728e-03 5.329927e-03 5.353476e-03
45 2.446639e-03 2.447463e-03 2.446535e-03 9.987786e-01 9.987782e-01 9.987786e-01 1.221220e-03 2.439913e-03 2.439036e-03 2.424100e-03 2.424922e-03 2.424145e-03
46 2.857317e-03 2.858992e-03 2.860500e-03 9.985738e-01 9.985729e-01 9.985722e-01 1.426403e-03 2.849283e-03 2.850752e-03 2.828371e-03 2.830020e-03 2.831413e-03
47 6.969401e-03 6.972547e-03 6.978797e-03 9.965296e-01 9.965280e-01 9.965249e-01 3.470417e-03 6.915621e-03 6.921865e-03 6.800813e-03 6.803856e-03 6.810088e-03
48 2.713078e-02 2.714719e-02 2.709280e-02 9.867293e-01 9.867213e-01 9.867346e-01 1.327074e-02 2.600605e-02 2.599942e-02 2.398097e-02 2.399515e-02 2.403614e-02
49 1.738764e-01 1.739793e-01 1.723831e-01 9.232015e-01 9.231571e-01 9.234356e-01 7.679872e-02 1.394901e-01 1.392144e-01 1.000148e-01 1.000586e-01 1.001358e-01
50 8.775616e-01 8.779929e-01 8.817054e-01 7.219382e-01 7.218272e-01 7.219560e-01 2.780669e-01 4.292868e-01 4.293148e-01 1.770384e-01 1.770494e-01 1.774430e-01
51 1.471822e+00 1.472421e+00 1.483506e+00 6.225373e-01 6.224310e-01 6.220389e-01 3.774504e-01 5.367664e-01 5.374297e-01 1.645508e-01 1.645587e-01 1.651326e-01
52 1.049740e+00 1.049694e+00 1.047503e+00 6.892805e-01 6.891595e-01 6.888894e-01 3.107223e-01 4.632512e-01 4.636660e-01 1.712986e-01 1.713123e-01 1.717042e-01
53 1.931394e+00 1.932951e+00 1.931033e+00 5.440529e-01 5.438877e-01 5.433269e-01 4.559718e-01 6.346592e-01 6.358379e-01 1.658519e-01 1.658238e-01 1.668310e-01
54 1.665038e+00 1.666070e+00 1.662090e+00 6.046976e-01 6.045243e-01 6.045460e-01 3.953597e-01 5.542504e-01 5.541855e-01 1.618260e-01 1.618075e-01 1.617528e-01
55 6.871861e-01 6.875312e-01 6.862484e-01 7.633445e-01 7.632391e-01 7.632150e-01 2.366763e-01 3.691551e-01 3.694110e-01 1.557720e-01 1.558021e-01 1.560593e-01
56 1.109627e-01 1.110198e-01 1.106012e-01 9.486096e-01 9.485839e-01 9.487095e-01 5.139173e-02 9.599047e-02 9.583639e-02 7.432814e-02 7.436047e-02 7.438449e-02
57 1.440554e-02 1.441505e-02 1.437411e-02 9.928687e-01 9.928641e-01 9.928832e-01 7.132293e-03 1.413201e-02 1.409627e-02 1.358264e-02 1.359139e-02 1.356463e-02
58 6.221682e-03 6.225053e-03 6.215930e-03 9.969049e-01 9.969033e-01 9.969077e-01 3.095084e-03 6.162266e-03 6.153533e-03 6.036348e-03 6.039578e-03 6.031593e-03
59 3.465018e-03 3.466537e-03 3.460208e-03 9.982725e-01 9.982717e-01 9.982748e-01 1.727391e-03 3.446693e-03 3.440610e-03 3.406083e-03 3.407568e-03 3.401963e-03
60 1.368765e-03 1.369787e-03 1.365352e-03 9.993166e-01 9.993161e-01 9.993182e-01 6.835541e-04 1.366010e-03 1.361660e-03 1.357496e-03 1.358510e-03 1.354327e-03
61 5.937514e-04 5.941040e-04 5.952939e-04 9.997032e-01 9.997031e-01 9.997025e-01 2.967850e-04 5.936154e-04 5.947989e-04 5.922887e-04 5.926403e-04 5.938107e-04
62 9.625685e-04 9.630460e-04 9.617515e-04 9.995190e-01 9.995187e-01 9.995194e-01 4.810240e-04 9.620221e-04 9.607387e-04 9.595039e-04 9.599792e-04 9.587180e-04
63 3.678216e-03 3.680133e-03 3.713291e-03 9.981664e-01 9.981655e-01 9.981490e-01 1.833409e-03 3.658092e-03 3.690899e-03 3.613318e-03 3.615186e-03 3.647165e-03
64 1.249276e-02 1.249869e-02 1.250758e-02 9.937913e-01 9.937884e-01 9.937837e-01 6.208587e-03 1.234882e-02 1.235846e-02 1.205132e-02 1.205694e-02 1.206782e-02
65 4.204273e-02 4.206134e-02 4.197324e-02 9.794033e-01 9.793943e-01 9.794262e-01 2.059608e-02 4.040160e-02 4.035800e-02 3.736259e-02 3.737810e-02 3.739605e-02
66 1.108285e-01 1.108726e-01 1.112507e-01 9.474693e-01 9.474490e-01 9.472816e-01 5.252962e-02 9.995334e-02 1.002564e-01 8.232919e-02 8.235617e-02 8.257703e-02
67 1.621038e-01 1.621707e-01 1.623988e-01 9.241085e-01 9.240781e-01 9.239612e-01 7.589393e-02 1.427291e-01 1.429647e-01 1.120102e-01 1.120479e-01 1.122808e-01
68 3.750754e-01 3.752090e-01 3.739690e-01 8.422891e-01 8.422395e-01 8.424789e-01 1.577033e-01 2.734769e-01 2.732511e-01 1.613894e-01 1.614131e-01 1.615305e-01
69 8.196770e-01 8.200896e-01 8.236270e-01 7.227678e-01 7.226546e-01 7.218856e-01 2.772429e-01 4.338314e-01 4.350841e-01 1.831689e-01 1.831861e-01 1.843109e-01
70 9.833938e-01 9.838150e-01 9.837513e-01 6.900312e-01 6.899285e-01 6.896511e-01 3.099735e-01 4.748609e-01 4.752568e-01 1.876312e-01 1.876393e-01 1.877624e-01
71 1.155766e+00 1.156305e+00 1.152557e+00 6.592916e-01 6.591665e-01 6.590334e-01 3.407298e-01 5.023951e-01 5.027141e-01 1.726118e-01 1.726180e-01 1.729455e-01
72 1.004294e+00 1.004689e+00 1.004420e+00 6.745274e-01 6.744324e-01 6.739771e-01 3.254632e-01 5.005576e-01 5.013149e-01 1.959561e-01 1.959568e-01 1.965613e-01
73 1.256445e+00 1.257023e+00 1.252469e+00 6.384316e-01 6.383102e-01 6.381259e-01 3.615756e-01 5.229733e-01 5.236726e-01 1.668440e-01 1.668463e-01 1.677033e-01
74 2.181350e-01 2.184072e-01 2.237345e-01 9.367944e-01 9.367142e-01 9.363242e-01 6.323755e-02 1.088534e-01 1.092176e-01 7.147709e-02 7.152963e-02 7.154878e-02
75 1.220492e-02 1.221144e-02 1.217253e-02 9.939428e-01 9.939395e-01 9.939574e-01 6.057399e-03 1.203218e-02 1.199934e-02 1.168126e-02 1.168744e-02 1.166483e-02
76 9.534097e-03 9.538553e-03 9.530097e-03 9.952573e-01 9.952551e-01 9.952592e-01 4.742716e-03 9.441503e-03 9.433493e-03 9.247263e-03 9.251552e-03 9.244390e-03
77 2.747988e-03 2.749441e-03 2.751471e-03 9.986282e-01 9.986275e-01 9.986265e-01 1.371819e-03 2.740596e-03 2.742627e-03 2.721598e-03 2.723032e-03 2.725064e-03
78 6.448160e-04 6.451803e-04 6.477695e-04 9.996777e-01 9.996776e-01 9.996763e-01 3.222675e-04 6.445931e-04 6.471877e-04 6.430588e-04 6.434218e-04 6.460267e-04
79 6.849530e-04 6.852214e-04 6.846370e-04 9.996576e-01 9.996575e-01 9.996578e-01 3.423631e-04 6.847730e-04 6.841907e-04 6.836099e-04 6.838775e-04 6.832994e-04
80 1.398531e-03 1.399102e-03 1.402711e-03 9.993012e-01 9.993010e-01 9.992992e-01 6.987213e-04 1.397050e-03 1.400637e-03 1.392392e-03 1.392959e-03 1.396504e-03
81 2.469567e-03 2.470549e-03 2.477288e-03 9.987668e-01 9.987663e-01 9.987630e-01 1.233158e-03 2.464115e-03 2.470820e-03 2.450352e-03 2.451322e-03 2.457959e-03
82 3.524913e-03 3.526317e-03 3.504637e-03 9.982406e-01 9.982399e-01 9.982505e-01 1.759340e-03 3.514249e-03 3.493191e-03 3.488920e-03 3.490303e-03 3.470455e-03
83 9.233764e-03 9.238456e-03 9.155025e-03 9.954088e-01 9.954065e-01 9.954465e-01 4.591220e-03 9.136384e-03 9.059752e-03 8.934348e-03 8.938844e-03 8.874448e-03
84 3.269322e-02 3.270204e-02 3.266283e-02 9.839418e-01 9.839375e-01 9.839552e-01 1.605596e-02 3.157099e-02 3.153895e-02 2.947480e-02 2.948251e-02 2.946240e-02
85 6.628113e-02 6.631390e-02 6.625291e-02 9.683282e-01 9.683127e-01 9.683442e-01 3.167410e-02 6.074325e-02 6.068121e-02 5.169154e-02 5.171542e-02 5.166609e-02
86 6.457712e-02 6.460421e-02 6.446719e-02 9.692688e-01 9.692562e-01 9.693124e-01 3.073070e-02 5.872765e-02 5.863641e-02 4.937403e-02 4.939223e-02 4.936867e-02
87 9.283918e-02 9.288411e-02 9.276627e-02 9.567910e-01 9.567708e-01 9.568142e-01 4.321015e-02 8.097644e-02 8.091601e-02 6.327801e-02 6.330313e-02 6.332220e-02
88 1.020404e-01 1.020780e-01 1.021400e-01 9.523487e-01 9.523319e-01 9.523112e-01 4.764758e-02 8.953947e-02 8.956376e-02 7.063059e-02 7.065046e-02 7.062655e-02
89 5.283008e-02 5.286340e-02 5.272270e-02 9.744187e-01 9.744028e-01 9.744626e-01 2.558564e-02 4.963855e-02 4.953730e-02 4.398427e-02 4.400941e-02 4.396717e-02
90 6.972464e-03 6.976509e-03 6.945218e-03 9.965281e-01 9.965261e-01 9.965413e-01 3.472229e-03 6.919566e-03 6.889785e-03 6.804122e-03 6.808025e-03 6.781069e-03
91 1.093216e-03 1.093720e-03 1.094587e-03 9.994537e-01 9.994535e-01 9.994530e-01 5.462876e-04 1.092379e-03 1.093247e-03 1.089204e-03 1.089705e-03 1.090574e-03
92 7.121729e-04 7.125654e-04 7.105958e-04 9.996441e-01 9.996439e-01 9.996449e-01 3.558911e-04 7.117599e-04 7.098075e-04 7.097629e-04 7.101538e-04 7.082356e-04
93 3.097202e-04 3.098759e-04 3.094102e-04 9.998452e-01 9.998451e-01 9.998453e-01 1.548251e-04 3.097388e-04 3.092734e-04 3.093094e-04 3.094648e-04 3.090002e-04
94 1.153550e-04 1.154134e-04 1.153833e-04 9.999423e-01 9.999423e-01 9.999423e-01 5.767675e-05 1.153989e-04 1.153686e-04 1.153114e-04 1.153698e-04 1.153393e-04
95 4.967565e-05 4.970142e-05 4.978532e-05 9.999752e-01 9.999751e-01 9.999751e-01 2.483728e-05 4.969858e-05 4.978247e-05 4.966713e-05 4.969290e-05 4.977678e-05
96 9.856458e-05 9.861038e-05 9.874723e-05 9.999507e-01 9.999507e-01 9.999506e-01 4.927956e-05 9.859973e-05 9.873664e-05 9.853267e-05 9.857844e-05 9.871547e-05
97 1.940233e-04 1.941110e-04 1.941729e-04 9.999030e-01 9.999030e-01 9.999029e-01 9.699984e-05 1.940755e-04 1.941379e-04 1.939169e-04 1.940045e-04 1.940680e-04
98 6.048611e-04 6.051174e-04 6.040655e-04 9.996977e-01 9.996975e-01 9.996981e-01 3.023305e-04 6.047645e-04 6.037182e-04 6.038041e-04 6.040597e-04 6.030244e-04
99 2.139610e-03 2.140396e-03 2.136344e-03 9.989313e-01 9.989309e-01 9.989329e-01 1.068660e-03 2.135943e-03 2.131949e-03 2.126301e-03 2.127080e-03 2.123201e-03
100 5.608083e-03 5.609835e-03 5.616258e-03 9.972024e-01 9.972015e-01 9.971983e-01 2.797394e-03 5.584137e-03 5.590575e-03 5.531490e-03 5.533204e-03 5.539673e-03
101 1.114014e-02 1.114513e-02 1.119577e-02 9.944643e-01 9.944619e-01 9.944371e-01 5.535642e-03 1.100850e-02 1.105701e-02 1.073940e-02 1.074412e-02 1.078858e-02
102 1.990961e-02 1.991793e-02 1.987544e-02 9.901863e-01 9.901823e-01 9.902010e-01 9.812874e-03 1.936375e-02 1.933085e-02 1.832954e-02 1.833678e-02 1.831981e-02
103 3.928155e-02 3.929975e-02 3.952236e-02 9.808110e-01 9.808022e-01 9.807024e-01 1.918980e-02 3.754261e-02 3.772189e-02 3.438687e-02 3.440208e-02 3.451535e-02
104 3.914231e-02 3.915506e-02 3.935298e-02 9.809213e-01 9.809151e-01 9.808241e-01 1.907692e-02 3.724164e-02 3.740921e-02 3.382570e-02 3.383581e-02 3.395351e-02
105 3.166364e-02 3.167817e-02 3.165343e-02 9.844867e-01 9.844796e-01 9.844880e-01 1.551374e-02 3.043404e-02 3.042408e-02 2.816300e-02 2.817504e-02 2.818629e-02
106 6.124740e-02 6.127521e-02 6.118876e-02 9.702908e-01 9.702775e-01 9.703118e-01 2.971064e-02 5.772451e-02 5.767107e-02 5.140749e-02 5.142891e-02 5.142256e-02
107 5.777881e-03 5.781130e-03 5.778500e-03 9.971193e-01 9.971177e-01 9.971190e-01 2.881123e-03 5.748123e-03 5.745619e-03 5.679789e-03 5.682946e-03 5.680685e-03
108 5.674155e-03 5.676741e-03 5.663923e-03 9.971722e-01 9.971709e-01 9.971771e-01 2.827843e-03 5.639887e-03 5.627646e-03 5.564778e-03 5.567287e-03 5.556160e-03
109 2.967929e-03 2.969640e-03 2.965685e-03 9.985196e-01 9.985188e-01 9.985207e-01 1.480367e-03 2.955245e-03 2.951440e-03 2.925212e-03 2.926887e-03 2.923362e-03
110 6.693377e-03 6.696292e-03 6.699643e-03 9.966670e-01 9.966655e-01 9.966638e-01 3.333022e-03 6.641902e-03 6.645212e-03 6.532087e-03 6.534896e-03 6.538120e-03
111 1.239385e-03 1.240256e-03 1.230792e-03 9.993814e-01 9.993809e-01 9.993856e-01 6.186723e-04 1.236043e-03 1.226702e-03 1.226827e-03 1.227685e-03 1.218585e-03
112 9.928540e-05 9.937320e-05 9.882912e-05 9.999504e-01 9.999503e-01 9.999506e-01 4.965700e-05 9.935639e-05 9.881269e-05 9.923508e-05 9.932280e-05 9.877985e-05
113 4.832420e-05 4.834945e-05 4.825900e-05 9.999758e-01 9.999758e-01 9.999759e-01 2.416165e-05 4.834596e-05 4.825556e-05 4.831374e-05 4.833898e-05 4.824868e-05
114 3.588468e-05 3.589781e-05 3.592477e-05 9.999821e-01 9.999821e-01 9.999820e-01 1.794052e-05 3.589634e-05 3.592330e-05 3.588025e-05 3.589338e-05 3.592036e-05
115 8.883361e-05 8.886602e-05 8.912222e-05 9.999556e-01 9.999556e-01 9.999554e-01 4.441045e-05 8.885685e-05 8.911300e-05 8.880613e-05 8.883853e-05 8.909456e-05
116 3.029491e-04 3.031032e-04 3.046774e-04 9.998486e-01 9.998485e-01 9.998477e-01 1.514355e-04 3.029683e-04 3.045392e-04 3.025452e-04 3.026990e-04 3.042631e-04
117 1.052877e-03 1.053423e-03 1.050102e-03 9.994739e-01 9.994737e-01 9.994753e-01 5.260616e-04 1.051904e-03 1.048615e-03 1.048335e-03 1.048877e-03 1.045651e-03
118 2.157400e-03 2.158481e-03 2.154220e-03 9.989229e-01 9.989223e-01 9.989244e-01 1.077126e-03 2.152192e-03 2.148090e-03 2.138636e-03 2.139703e-03 2.135912e-03
