0 5.084486e+01 5.087944e+01 5.098302e+01 2.405929e-01 2.405365e-01 2.372351e-01 7.593594e-01 8.059785e-01 8.113283e-01 4.139785e-02 4.139054e-02 4.633806e-02
1 2.068011e+02 2.068554e+02 2.072716e+02 4.426604e-05 4.408713e-05 5.773887e-07 9.999557e-01 9.999999e-01 1.000000e+00 9.614516e-08 9.539691e-08 3.399194e-12
2 2.500613e+02 2.499848e+02 2.501782e+02 8.842012e-04 8.802219e-04 7.681305e-04 9.991159e-01 9.999901e-01 9.999944e-01 9.992413e-06 9.908764e-06 5.576940e-06
3 1.451824e+02 1.455629e+02 1.443949e+02 2.040588e-02 2.035743e-02 2.120374e-02 9.795996e-01 9.960109e-01 9.961798e-01 3.765669e-03 3.751952e-03 3.671619e-03
4 4.220143e+01 4.222825e+01 4.279081e+01 8.789158e-02 8.776866e-02 8.815900e-02 9.121156e-01 9.737059e-01 9.738953e-01 2.220418e-02 2.215976e-02 2.238699e-02
5 8.928231e+00 8.934453e+00 8.930989e+00 2.518089e-01 2.516009e-01 2.501649e-01 7.482363e-01 8.798464e-01 8.815707e-01 8.141955e-02 8.134391e-02 8.117014e-02
6 1.881572e+00 1.882647e+00 1.880922e+00 6.128736e-01 6.127095e-01 6.125656e-01 3.871649e-01 5.279836e-01 5.282617e-01 1.446323e-01 1.446270e-01 1.448594e-01
7 5.217804e-01 5.221246e-01 5.144145e-01 8.295116e-01 8.294151e-01 8.293344e-01 1.705028e-01 2.679043e-01 2.680441e-01 1.235406e-01 1.235761e-01 1.235934e-01
8 1.561292e-01 1.562384e-01 1.584641e-01 9.375080e-01 9.374656e-01 9.369995e-01 6.249923e-02 1.077184e-01 1.082530e-01 6.708491e-02 6.711939e-02 6.711550e-02
9 5.843336e-02 5.847411e-02 5.871709e-02 9.725545e-01 9.725353e-01 9.724706e-01 2.744876e-02 5.193902e-02 5.199826e-02 4.232131e-02 4.234917e-02 4.227812e-02
10 6.691125e-02 6.695064e-02 6.658206e-02 9.688562e-01 9.688383e-01 9.689595e-01 3.114481e-02 5.848987e-02 5.832654e-02 4.645264e-02 4.647633e-02 4.648334e-02
11 1.605400e-01 1.606195e-01 1.609308e-01 9.321648e-01 9.321347e-01 9.321677e-01 6.783182e-02 1.195194e-01 1.193922e-01 7.889282e-02 7.891708e-02 7.886557e-02
12 1.840585e+00 1.841576e+00 1.843691e+00 6.253902e-01 6.252732e-01 6.249666e-01 3.746042e-01 5.080815e-01 5.080732e-01 1.353602e-01 1.353606e-01 1.348018e-01
13 1.544197e+01 1.545002e+01 1.539945e+01 1.547906e-01 1.546813e-01 1.515547e-01 8.451978e-01 9.369795e-01 9.404925e-01 4.521710e-02 4.517945e-02 4.471754e-02
14 3.578278e+01 3.579904e+01 3.579191e+01 3.353188e-02 3.348721e-02 3.012270e-02 9.664702e-01 9.939495e-01 9.959728e-01 5.559930e-03 5.549487e-03 3.907656e-03
15 3.175126e+01 3.177054e+01 3.175625e+01 1.695872e-01 1.694697e-01 1.721816e-01 8.304348e-01 9.042507e-01 9.016383e-01 5.172385e-02 5.169125e-02 5.243546e-02
16 2.962451e+01 2.963741e+01 2.969446e+01 4.773105e-02 4.769205e-02 4.345533e-02 9.522528e-01 9.892964e-01 9.925681e-01 9.438321e-03 9.428603e-03 7.076393e-03
17 2.758857e+01 2.760361e+01 2.757294e+01 4.543445e-02 4.536506e-02 4.363762e-02 9.545844e-01 9.906673e-01 9.919240e-01 8.556304e-03 8.537008e-03 7.617559e-03
18 8.348294e+00 8.352978e+00 8.336973e+00 3.224731e-01 3.223085e-01 3.221277e-01 6.775445e-01 8.083112e-01 8.087608e-01 1.006834e-01 1.006411e-01 1.008944e-01
19 3.101916e+00 3.103515e+00 3.055606e+00 6.141835e-01 6.140405e-01 6.140220e-01 3.858041e-01 5.206246e-01 5.206185e-01 1.449610e-01 1.449794e-01 1.451887e-01
20 8.123639e-01 8.134149e-01 7.948629e-01 8.093104e-01 8.091670e-01 8.093655e-01 1.907439e-01 2.841205e-01 2.842227e-01 1.224577e-01 1.224963e-01 1.229105e-01
21 1.983938e-01 1.985294e-01 1.963196e-01 9.259057e-01 9.258569e-01 9.257873e-01 7.409721e-02 1.270786e-01 1.269803e-01 8.163002e-02 8.166846e-02 8.152544e-02
22 6.873549e-02 6.878040e-02 6.872351e-02 9.671438e-01 9.671224e-01 9.671037e-01 3.286002e-02 6.311534e-02 6.319303e-02 5.418177e-02 5.421422e-02 5.432243e-02
23 1.540712e-02 1.541783e-02 1.547153e-02 9.924119e-01 9.924066e-01 9.923800e-01 7.588641e-03 1.496582e-02 1.501811e-02 1.412746e-02 1.413700e-02 1.418437e-02
24 2.498029e-03 2.499627e-03 2.521028e-03 9.987796e-01 9.987788e-01 9.987620e-01 1.220278e-03 2.389770e-03 2.433150e-03 2.201043e-03 2.202486e-03 2.274174e-03
25 1.819291e-03 1.821057e-03 1.843855e-03 9.991042e-01 9.991033e-01 9.990893e-01 8.960152e-04 1.767146e-03 1.799603e-03 1.668417e-03 1.670084e-03 1.716947e-03
26 4.076647e-04 4.078664e-04 4.072197e-04 9.997962e-01 9.997961e-01 9.997964e-01 2.037794e-04 4.076410e-04 4.069945e-04 4.069896e-04 4.071908e-04 4.065448e-04
27 1.735244e-03 1.736265e-03 1.708099e-03 9.991346e-01 9.991341e-01 9.991478e-01 8.653237e-04 1.727383e-03 1.700680e-03 1.708937e-03 1.709939e-03 1.686017e-03
28 1.983022e-02 1.984202e-02 1.975913e-02 9.902901e-01 9.902843e-01 9.903163e-01 9.709465e-03 1.904743e-02 1.899862e-02 1.764067e-02 1.765051e-02 1.764537e-02
29 2.112486e-01 2.113420e-01 2.125203e-01 9.078699e-01 9.078329e-01 9.075712e-01 9.212632e-02 1.644982e-01 1.647694e-01 1.090314e-01 1.090586e-01 1.090304e-01
30 3.243734e-01 3.245151e-01 3.258934e-01 8.618494e-01 8.617964e-01 8.614317e-01 1.381481e-01 2.407546e-01 2.411790e-01 1.425131e-01 1.425401e-01 1.424629e-01
31 2.095130e-01 2.096094e-01 2.095597e-01 9.060701e-01 9.060294e-01 9.060335e-01 9.393155e-02 1.705659e-01 1.705920e-01 1.184232e-01 1.184593e-01 1.185911e-01
32 5.507726e-01 5.510052e-01 5.497241e-01 7.851850e-01 7.851080e-01 7.849171e-01 2.148141e-01 3.553272e-01 3.558049e-01 1.772119e-01 1.772345e-01 1.775536e-01
33 1.251944e+00 1.252502e+00 1.250429e+00 6.243544e-01 6.242323e-01 6.241513e-01 3.756595e-01 5.504482e-01 5.507625e-01 1.782906e-01 1.782861e-01 1.785998e-01
34 6.170905e+00 6.173548e+00 6.182312e+00 2.865656e-01 2.864659e-01 2.855986e-01 7.134060e-01 8.511654e-01 8.527824e-01 9.012277e-02 9.008917e-02 9.072405e-02
35 2.233485e+01 2.234467e+01 2.238055e+01 8.537633e-02 8.529553e-02 8.291001e-02 9.146253e-01 9.744435e-01 9.769352e-01 2.134967e-02 2.132209e-02 2.009554e-02
36 2.241131e+01 2.242279e+01 2.240195e+01 7.038967e-02 7.031991e-02 6.808423e-02 9.296133e-01 9.814987e-01 9.836287e-01 1.621530e-02 1.619257e-02 1.486675e-02
37 2.427402e+01 2.428727e+01 2.439630e+01 1.120816e-01 1.119857e-01 1.121896e-01 8.879211e-01 9.536558e-01 9.549360e-01 3.261355e-02 3.258181e-02 3.350332e-02
38 2.892627e+01 2.893922e+01 2.890645e+01 4.660182e-02 4.655076e-02 4.172932e-02 9.533999e-01 9.892663e-01 9.925538e-01 9.554344e-03 9.539593e-03 7.080957e-03
39 5.469841e+00 5.474853e+00 5.487145e+00 3.620461e-01 3.618500e-01 3.595626e-01 6.379966e-01 7.811834e-01 7.850857e-01 1.086589e-01 1.086080e-01 1.103233e-01
40 2.939220e-01 2.940793e-01 2.918342e-01 8.798965e-01 8.798400e-01 8.801732e-01 1.201082e-01 2.051668e-01 2.050112e-01 1.174174e-01 1.174468e-01 1.177675e-01
41 8.703665e-02 8.711676e-02 8.759871e-02 9.592528e-01 9.592180e-01 9.590338e-01 4.076284e-02 7.679426e-02 7.707906e-02 6.122638e-02 6.126294e-02 6.133045e-02
42 2.760965e-02 2.762512e-02 2.749145e-02 9.865622e-01 9.865548e-01 9.866112e-01 1.343786e-02 2.620381e-02 2.610825e-02 2.369864e-02 2.371090e-02 2.366706e-02
43 5.790169e-03 5.793346e-03 5.802592e-03 9.971200e-01 9.971184e-01 9.971138e-01 2.880012e-03 5.733372e-03 5.742735e-03 5.613590e-03 5.616633e-03 5.626181e-03
44 2.281902e-03 2.283206e-03 2.274493e-03 9.988613e-01 9.988607e-01 9.988650e-01 1.138701e-03 2.274089e-03 2.265726e-03 2.254771e-03 2.256055e-03 2.248368e-03
45 1.712425e-03 1.713206e-03 1.706846e-03 9.991448e-01 9.991444e-01 9.991475e-01 8.552305e-04 1.709297e-03 1.702999e-03 1.700747e-03 1.701520e-03 1.695346e-03
46 1.253553e-03 1.254040e-03 1.253902e-03 9.993736e-01 9.993734e-01 9.993735e-01 6.263312e-04 1.252368e-03 1.252223e-03 1.248549e-03 1.249034e-03 1.248874e-03
47 3.402635e-03 3.403967e-03 3.399949e-03 9.983022e-01 9.983015e-01 9.983035e-01 1.697749e-03 3.389980e-03 3.386045e-03 3.360955e-03 3.362261e-03 3.358488e-03
48 1.107301e-02 1.107826e-02 1.108232e-02 9.945066e-01 9.945040e-01 9.945021e-01 5.493324e-03 1.090722e-02 1.091101e-02 1.057220e-02 1.057707e-02 1.058039e-02
49 6.169469e-02 6.173061e-02 6.115355e-02 9.706267e-01 9.706098e-01 9.707721e-01 2.937296e-02 5.628539e-02 5.609699e-02 4.812007e-02 4.814496e-02 4.818471e-02
50 6.530855e-01 6.534282e-01 6.577018e-01 7.880174e-01 7.879296e-01 7.877248e-01 2.119743e-01 3.352244e-01 3.356391e-01 1.535582e-01 1.535763e-01 1.540455e-01
51 2.310019e+00 2.310844e+00 2.332179e+00 5.224585e-01 5.223460e-01 5.215471e-01 4.775208e-01 6.451171e-01 6.465443e-01 1.584382e-01 1.584302e-01 1.591556e-01
52 2.157718e+00 2.157768e+00 2.150276e+00 5.588263e-01 5.586877e-01 5.580043e-01 4.411808e-01 5.989891e-01 6.004027e-01 1.566999e-01 1.566896e-01 1.575539e-01
53 3.423269e+00 3.425861e+00 3.419528e+00 4.260240e-01 4.258773e-01 4.247593e-01 5.739863e-01 7.368697e-01 7.387270e-01 1.331756e-01 1.331402e-01 1.340798e-01
54 2.619613e+00 2.621403e+00 2.628080e+00 5.070330e-01 5.068556e-01 5.065738e-01 4.930207e-01 6.544975e-01 6.547428e-01 1.475292e-01 1.474957e-01 1.473966e-01
55 5.543239e-01 5.546344e-01 5.539205e-01 8.045999e-01 8.045062e-01 8.047242e-01 1.954155e-01 3.100204e-01 3.097978e-01 1.408929e-01 1.409283e-01 1.411853e-01
56 4.708322e-02 4.710637e-02 4.719030e-02 9.771855e-01 9.771745e-01 9.771364e-01 2.281488e-02 4.429365e-02 4.436286e-02 3.936247e-02 3.937984e-02 3.942552e-02
57 1.065025e-02 1.065689e-02 1.067562e-02 9.947273e-01 9.947240e-01 9.947149e-01 5.273429e-03 1.044920e-02 1.046704e-02 1.004532e-02 1.005143e-02 1.006760e-02
58 4.834228e-03 4.836888e-03 4.832796e-03 9.975941e-01 9.975927e-01 9.975948e-01 2.405966e-03 4.792426e-03 4.788427e-03 4.702784e-03 4.705334e-03 4.701511e-03
59 1.875520e-03 1.876446e-03 1.873393e-03 9.990637e-01 9.990632e-01 9.990647e-01 9.362840e-04 1.870639e-03 1.867677e-03 1.858202e-03 1.859116e-03 1.856332e-03
60 5.042437e-04 5.045733e-04 5.027617e-04 9.997480e-01 9.997478e-01 9.997487e-01 2.520185e-04 5.040836e-04 5.022875e-04 5.027783e-04 5.031068e-04 5.013415e-04
61 1.722040e-04 1.722999e-04 1.730136e-04 9.999139e-01 9.999139e-01 9.999135e-01 8.610103e-05 1.722660e-04 1.729792e-04 1.721026e-04 1.721984e-04 1.729103e-04
62 2.977967e-04 2.979202e-04 2.979378e-04 9.998511e-01 9.998511e-01 9.998511e-01 1.488742e-04 2.978297e-04 2.978475e-04 2.975255e-04 2.976488e-04 2.976670e-04
63 1.120718e-03 1.121171e-03 1.126361e-03 9.994400e-01 9.994398e-01 9.994372e-01 5.598945e-04 1.119579e-03 1.124740e-03 1.115959e-03 1.116409e-03 1.121510e-03
64 4.659937e-03 4.661922e-03 4.640243e-03 9.976752e-01 9.976742e-01 9.976849e-01 2.324738e-03 4.641357e-03 4.620239e-03 4.598647e-03 4.600589e-03 4.580566e-03
65 2.314589e-02 2.315712e-02 2.319088e-02 9.885734e-01 9.885679e-01 9.885482e-01 1.142637e-02 2.258122e-02 2.262515e-02 2.149467e-02 2.150466e-02 2.156173e-02
66 1.079378e-01 1.079843e-01 1.082219e-01 9.495118e-01 9.494911e-01 9.493613e-01 5.048569e-02 9.503135e-02 9.529980e-02 7.548861e-02 7.551284e-02 7.578094e-02
67 1.634232e-01 1.634951e-01 1.631532e-01 9.243897e-01 9.243579e-01 9.244571e-01 7.561347e-02 1.408687e-01 1.407583e-01 1.071671e-01 1.072030e-01 1.072676e-01
68 3.329016e-01 3.330209e-01 3.325897e-01 8.585055e-01 8.584619e-01 8.584765e-01 1.414822e-01 2.471553e-01 2.472733e-01 1.499012e-01 1.499234e-01 1.501914e-01
69 9.277229e-01 9.281902e-01 9.304645e-01 6.926910e-01 6.925722e-01 6.922484e-01 3.073192e-01 4.722317e-01 4.728048e-01 1.810697e-01 1.810758e-01 1.816639e-01
70 1.601657e+00 1.602360e+00 1.610891e+00 5.919276e-01 5.918167e-01 5.912668e-01 4.080638e-01 5.806422e-01 5.815960e-01 1.722431e-01 1.722342e-01 1.727059e-01
71 2.192529e+00 2.193575e+00 2.195875e+00 5.128425e-01 5.126964e-01 5.119170e-01 4.871815e-01 6.542906e-01 6.555676e-01 1.515458e-01 1.515250e-01 1.522452e-01
72 2.094388e+00 2.095201e+00 2.098849e+00 5.023845e-01 5.022762e-01 5.011088e-01 4.975960e-01 6.840644e-01 6.858892e-01 1.631397e-01 1.631162e-01 1.642812e-01
73 1.630188e+00 1.631124e+00 1.632146e+00 5.928510e-01 5.926988e-01 5.920601e-01 4.071733e-01 5.653251e-01 5.663893e-01 1.524466e-01 1.524293e-01 1.531064e-01
74 7.174682e-02 7.184633e-02 7.163338e-02 9.663204e-01 9.662798e-01 9.663558e-01 3.370217e-02 6.383963e-02 6.372108e-02 5.256926e-02 5.260423e-02 5.255267e-02
75 1.608572e-02 1.609301e-02 1.605101e-02 9.920285e-01 9.920249e-01 9.920451e-01 7.971660e-03 1.581020e-02 1.577128e-02 1.525876e-02 1.526549e-02 1.523219e-02
76 8.912840e-03 8.917170e-03 8.930554e-03 9.955685e-01 9.955664e-01 9.955598e-01 4.431539e-03 8.818052e-03 8.830886e-03 8.620688e-03 8.624808e-03 8.636591e-03
77 1.390399e-03 1.391139e-03 1.396604e-03 9.993054e-01 9.993051e-01 9.993024e-01 6.945771e-04 1.388558e-03 1.393975e-03 1.382685e-03 1.383419e-03 1.388741e-03
78 3.178136e-04 3.179811e-04 3.183987e-04 9.998411e-01 9.998410e-01 9.998408e-01 1.588804e-04 3.178324e-04 3.182489e-04 3.173680e-04 3.175352e-04 3.179498e-04
79 3.427614e-04 3.429235e-04 3.418089e-04 9.998287e-01 9.998286e-01 9.998291e-01 1.713470e-04 3.427828e-04 3.416702e-04 3.423399e-04 3.425017e-04 3.413930e-04
80 1.209631e-03 1.210116e-03 1.211289e-03 9.993956e-01 9.993954e-01 9.993948e-01 6.043233e-04 1.208332e-03 1.209492e-03 1.204297e-03 1.204778e-03 1.205910e-03
81 3.076469e-03 3.077768e-03 3.063387e-03 9.984646e-01 9.984639e-01 9.984711e-01 1.535389e-03 3.066479e-03 3.052360e-03 3.042820e-03 3.044096e-03 3.030488e-03
82 4.313569e-03 4.315187e-03 4.320487e-03 9.978485e-01 9.978477e-01 9.978450e-01 2.151473e-03 4.294157e-03 4.299443e-03 4.250987e-03 4.252567e-03 4.257827e-03
83 6.615691e-03 6.618692e-03 6.630579e-03 9.967050e-01 9.967035e-01 9.966977e-01 3.295055e-03 6.567582e-03 6.578789e-03 6.464768e-03 6.467662e-03 6.477617e-03
84 2.200307e-02 2.200756e-02 2.193190e-02 9.891288e-01 9.891266e-01 9.891619e-01 1.086879e-02 2.149296e-02 2.142710e-02 2.051332e-02 2.051755e-02 2.046886e-02
85 8.047494e-02 8.051691e-02 8.045968e-02 9.620445e-01 9.620251e-01 9.620608e-01 3.795777e-02 7.199656e-02 7.191759e-02 5.895946e-02 5.898628e-02 5.889960e-02
86 1.173747e-01 1.174234e-01 1.171229e-01 9.463760e-01 9.463550e-01 9.464504e-01 5.362271e-02 9.903643e-02 9.892066e-02 7.379657e-02 7.381873e-02 7.387763e-02
87 1.546471e-01 1.547285e-01 1.558115e-01 9.319190e-01 9.318858e-01 9.315019e-01 6.808324e-02 1.221110e-01 1.226848e-01 8.208149e-02 8.211101e-02 8.227345e-02
88 1.878975e-01 1.879722e-01 1.875952e-01 9.162021e-01 9.161715e-01 9.162852e-01 8.379550e-02 1.515530e-01 1.514198e-01 1.038970e-01 1.039211e-01 1.039955e-01
89 5.169662e-02 5.172863e-02 5.168133e-02 9.750195e-01 9.750043e-01 9.750222e-01 2.498409e-02 4.838214e-02 4.835547e-02 4.258540e-02 4.260900e-02 4.260954e-02
90 4.801881e-03 4.804683e-03 4.817899e-03 9.976046e-01 9.976032e-01 9.975966e-01 2.395766e-03 4.782699e-03 4.795612e-03 4.736422e-03 4.739159e-03 4.751480e-03
91 1.355621e-03 1.356325e-03 1.359703e-03 9.993228e-01 9.993225e-01 9.993208e-01 6.771807e-04 1.353753e-03 1.357090e-03 1.347934e-03 1.348632e-03 1.351891e-03
92 7.426377e-04 7.430508e-04 7.416854e-04 9.996290e-01 9.996288e-01 9.996294e-01 3.710341e-04 7.418971e-04 7.405328e-04 7.391892e-04 7.395995e-04 7.382374e-04
93 1.921125e-04 1.922177e-04 1.915447e-04 9.999040e-01 9.999039e-01 9.999042e-01 9.604133e-05 1.921556e-04 1.914840e-04 1.919266e-04 1.920316e-04 1.913628e-04
94 5.401123e-05 5.403562e-05 5.417479e-05 9.999730e-01 9.999730e-01 9.999729e-01 2.700568e-05 5.403272e-05 5.417186e-05 5.400255e-05 5.402693e-05 5.416600e-05
95 3.512013e-05 3.513951e-05 3.517385e-05 9.999824e-01 9.999824e-01 9.999824e-01 1.755950e-05 3.513741e-05 3.517176e-05 3.511384e-05 3.513322e-05 3.516758e-05
96 1.057043e-04 1.057478e-04 1.055378e-04 9.999472e-01 9.999471e-01 9.999472e-01 5.284828e-05 1.057323e-04 1.055224e-04 1.056578e-04 1.057012e-04 1.054916e-04
97 1.238918e-04 1.239380e-04 1.243252e-04 9.999381e-01 9.999380e-01 9.999378e-01 6.193886e-05 1.239229e-04 1.243100e-04 1.238464e-04 1.238926e-04 1.242796e-04
98 3.421091e-04 3.422534e-04 3.424701e-04 9.998290e-01 9.998289e-01 9.998288e-01 1.710252e-04 3.421423e-04 3.423588e-04 3.417761e-04 3.419202e-04 3.421364e-04
99 1.102563e-03 1.103012e-03 1.104365e-03 9.994491e-01 9.994488e-01 9.994482e-01 5.509132e-04 1.101625e-03 1.102985e-03 1.098413e-03 1.098860e-03 1.100234e-03
100 4.564126e-03 4.565672e-03 4.571153e-03 9.977236e-01 9.977229e-01 9.977201e-01 2.276119e-03 4.542889e-03 4.548527e-03 4.496344e-03 4.497849e-03 4.503783e-03
101 1.114572e-02 1.115035e-02 1.113867e-02 9.944574e-01 9.944551e-01 9.944607e-01 5.542711e-03 1.102987e-02 1.101909e-02 1.078970e-02 1.079411e-02 1.078501e-02
102 2.095075e-02 2.095819e-02 2.103869e-02 9.896649e-01 9.896613e-01 9.896213e-01 1.033382e-02 2.040607e-02 2.048519e-02 1.936611e-02 1.937254e-02 1.944820e-02
103 5.792502e-02 5.795259e-02 5.783389e-02 9.720465e-01 9.720335e-01 9.720823e-01 2.795455e-02 5.408981e-02 5.401043e-02 4.757185e-02 4.759226e-02 4.757185e-02
104 7.018691e-02 7.020960e-02 7.032655e-02 9.664238e-01 9.664133e-01 9.663653e-01 3.357333e-02 6.441904e-02 6.449866e-02 5.480095e-02 5.481518e-02 5.484810e-02
105 6.489485e-02 6.492177e-02 6.517457e-02 9.690060e-01 9.689936e-01 9.688733e-01 3.099316e-02 5.938543e-02 5.961509e-02 5.025892e-02 5.027643e-02 5.046887e-02
106 9.378262e-02 9.383379e-02 9.384416e-02 9.555059e-01 9.554823e-01 9.554704e-01 4.449812e-02 8.473517e-02 8.476946e-02 6.994457e-02 6.997657e-02 7.004034e-02
107 7.025518e-03 7.029280e-03 7.007669e-03 9.965000e-01 9.964981e-01 9.965088e-01 3.500392e-03 6.978430e-03 6.957440e-03 6.874897e-03 6.878529e-03 6.858753e-03
108 1.017236e-02 1.017660e-02 1.019452e-02 9.949429e-01 9.949408e-01 9.949319e-01 5.057048e-03 1.006083e-02 1.007879e-02 9.830949e-03 9.834948e-03 9.852974e-03
109 6.218017e-03 6.221438e-03 6.230551e-03 9.969072e-01 9.969055e-01 9.969010e-01 3.092842e-03 6.157014e-03 6.165743e-03 6.028518e-03 6.031778e-03 6.039747e-03
110 1.135118e-02 1.135579e-02 1.135369e-02 9.943627e-01 9.943604e-01 9.943614e-01 5.637320e-03 1.120363e-02 1.120184e-02 1.090312e-02 1.090742e-02 1.090621e-02
111 1.070375e-03 1.071096e-03 1.069232e-03 9.994656e-01 9.994652e-01 9.994662e-01 5.344459e-04 1.067983e-03 1.066113e-03 1.061095e-03 1.061806e-03 1.059923e-03
112 1.340298e-04 1.341375e-04 1.343096e-04 9.999330e-01 9.999329e-01 9.999329e-01 6.703045e-05 1.341104e-04 1.342824e-04 1.339486e-04 1.340561e-04 1.342279e-04
113 4.252437e-05 4.254693e-05 4.269872e-05 9.999787e-01 9.999787e-01 9.999787e-01 2.126225e-05 4.254438e-05 4.269612e-05 4.251670e-05 4.253926e-05 4.269092e-05
114 2.887505e-05 2.888446e-05 2.892791e-05 9.999856e-01 9.999856e-01 9.999855e-01 1.443549e-05 2.888345e-05 2.892689e-05 2.887202e-05 2.888143e-05 2.892487e-05
115 1.057787e-04 1.058169e-04 1.060749e-04 9.999471e-01 9.999471e-01 9.999470e-01 5.288090e-05 1.058040e-04 1.060619e-04 1.057399e-04 1.057781e-04 1.060359e-04
116 2.200184e-04 2.201103e-04 2.203462e-04 9.998900e-01 9.998900e-01 9.998898e-01 1.099969e-04 2.200628e-04 2.202991e-04 2.198762e-04 2.199680e-04 2.202048e-04
117 7.738778e-04 7.742571e-04 7.722976e-04 9.996133e-01 9.996131e-01 9.996141e-01 3.867314e-04 7.734304e-04 7.714789e-04 7.714043e-04 7.717816e-04 7.698458e-04
118 2.734953e-03 2.736342e-03 2.745296e-03 9.986352e-01 9.986345e-01 9.986301e-01 1.364767e-03 2.725552e-03 2.734319e-03 2.702827e-03 2.704191e-03 2.712594e-03
