0 1.163647e+01 1.164496e+01 1.165516e+01 3.979301e-01 3.978380e-01 3.972160e-01 6.020273e-01 6.677806e-01 6.704513e-01 5.704173e-02 5.703510e-02 5.826795e-02
1 7.054641e+01 7.057535e+01 7.068021e+01 4.734379e-03 4.725915e-03 1.327806e-03 9.952661e-01 9.994261e-01 9.999847e-01 5.591879e-04 5.576781e-04 1.525506e-05
2 1.125826e+02 1.125267e+02 1.116505e+02 3.922386e-03 3.910337e-03 2.620894e-03 9.960791e-01 9.997649e-01 9.999347e-01 2.346863e-04 2.334545e-04 6.524566e-05
3 1.022863e+02 1.024895e+02 1.029709e+02 1.750024e-02 1.745869e-02 1.075370e-02 9.825047e-01 9.962035e-01 9.992972e-01 3.252074e-03 3.243106e-03 6.983032e-04
4 6.332042e+01 6.336028e+01 6.326574e+01 2.226967e-02 2.221639e-02 2.121131e-02 9.777361e-01 9.972966e-01 9.977468e-01 2.640438e-03 2.629565e-03 2.216492e-03
5 2.895221e+01 2.897311e+01 2.890140e+01 6.648830e-02 6.637769e-02 6.169299e-02 9.335222e-01 9.838492e-01 9.878376e-01 1.395137e-02 1.391954e-02 1.140101e-02
6 8.005627e+00 8.011453e+00 7.878866e+00 2.654633e-01 2.652310e-01 2.645386e-01 7.345891e-01 8.609442e-01 8.620895e-01 8.229772e-02 8.222387e-02 8.255837e-02
7 1.754691e+00 1.755723e+00 1.745852e+00 6.137177e-01 6.135467e-01 6.134448e-01 3.863198e-01 5.335783e-01 5.340425e-01 1.525651e-01 1.525609e-01 1.532726e-01
8 8.955838e-01 8.962355e-01 8.868457e-01 7.824301e-01 7.822925e-01 7.822105e-01 2.176013e-01 3.216321e-01 3.215920e-01 1.233803e-01 1.234061e-01 1.233979e-01
9 4.653385e-01 4.656995e-01 4.515877e-01 8.579669e-01 8.578568e-01 8.584006e-01 1.420580e-01 2.273617e-01 2.268974e-01 1.164108e-01 1.164610e-01 1.168412e-01
10 2.861973e-01 2.863987e-01 2.845592e-01 8.902529e-01 8.901758e-01 8.901915e-01 1.097669e-01 1.852306e-01 1.854190e-01 1.076129e-01 1.076671e-01 1.079045e-01
11 7.182616e-01 7.186134e-01 7.183101e-01 7.513233e-01 7.512248e-01 7.512323e-01 2.486779e-01 3.870840e-01 3.871104e-01 1.603772e-01 1.603881e-01 1.605343e-01
12 4.928755e+00 4.931491e+00 4.928842e+00 3.648255e-01 3.646478e-01 3.642362e-01 6.351979e-01 7.835698e-01 7.843277e-01 1.143593e-01 1.143106e-01 1.150600e-01
13 1.358743e+01 1.359417e+01 1.361454e+01 1.111066e-01 1.110126e-01 1.100246e-01 8.888907e-01 9.623185e-01 9.640297e-01 2.977115e-02 2.974060e-02 2.952503e-02
14 2.067268e+01 2.068163e+01 2.071351e+01 4.776752e-02 4.771382e-02 4.538852e-02 9.522398e-01 9.904787e-01 9.920132e-01 8.784318e-03 8.769763e-03 7.594407e-03
15 1.336982e+01 1.337777e+01 1.337874e+01 2.650454e-01 2.648854e-01 2.644879e-01 7.349951e-01 8.400049e-01 8.404936e-01 8.160192e-02 8.155941e-02 8.196922e-02
16 1.029146e+01 1.029570e+01 1.036831e+01 1.689678e-01 1.688623e-01 1.650509e-01 8.310146e-01 9.266135e-01 9.325127e-01 4.622777e-02 4.619539e-02 4.763095e-02
17 1.379740e+01 1.380559e+01 1.378899e+01 1.060782e-01 1.059682e-01 1.045402e-01 8.939420e-01 9.698886e-01 9.713425e-01 2.616635e-02 2.612864e-02 2.538556e-02
18 6.911357e+00 6.915467e+00 6.876736e+00 3.108350e-01 3.106359e-01 3.095268e-01 6.892063e-01 8.300410e-01 8.322225e-01 9.879208e-02 9.872698e-02 9.966891e-02
19 2.580236e+00 2.581557e+00 2.564544e+00 5.463454e-01 5.461841e-01 5.456499e-01 4.536633e-01 6.093799e-01 6.102203e-01 1.500560e-01 1.500469e-01 1.504875e-01
20 9.576969e-01 9.585603e-01 9.528651e-01 7.540043e-01 7.538317e-01 7.538114e-01 2.460545e-01 3.728156e-01 3.731269e-01 1.580006e-01 1.580339e-01 1.586150e-01
21 3.782665e-01 3.785118e-01 3.704972e-01 8.679170e-01 8.678345e-01 8.678481e-01 1.320888e-01 2.205667e-01 2.208996e-01 1.272657e-01 1.273098e-01 1.276834e-01
22 2.397960e-01 2.399306e-01 2.388960e-01 8.947328e-01 8.946727e-01 8.947137e-01 1.052800e-01 1.896983e-01 1.897540e-01 1.305132e-01 1.305661e-01 1.305893e-01
23 1.105541e-01 1.106247e-01 1.100205e-01 9.485627e-01 9.485304e-01 9.486887e-01 5.144073e-02 9.648026e-02 9.631806e-02 7.577042e-02 7.581255e-02 7.591413e-02
24 3.842432e-02 3.845165e-02 3.676102e-02 9.883936e-01 9.883858e-01 9.878211e-01 1.160521e-02 1.913610e-02 1.942532e-02 1.250254e-02 1.250885e-02 1.179350e-02
25 2.045966e-02 2.048375e-02 1.969912e-02 9.920855e-01 9.920750e-01 9.918288e-01 7.919062e-03 1.365505e-02 1.419542e-02 9.351770e-03 9.364860e-03 9.314355e-03
26 2.652652e-03 2.653966e-03 2.634219e-03 9.986762e-01 9.986756e-01 9.986852e-01 1.323681e-03 2.643743e-03 2.624886e-03 2.622255e-03 2.623553e-03 2.606401e-03
27 1.236211e-02 1.236952e-02 1.239777e-02 9.939128e-01 9.939092e-01 9.938908e-01 6.086738e-03 1.200345e-02 1.204650e-02 1.133463e-02 1.134140e-02 1.140034e-02
28 6.886574e-02 6.889849e-02 6.881261e-02 9.668464e-01 9.668308e-01 9.668643e-01 3.315228e-02 6.400170e-02 6.394683e-02 5.573078e-02 5.575481e-02 5.572531e-02
29 2.274993e-01 2.275941e-01 2.275211e-01 8.977450e-01 8.977031e-01 8.976912e-01 1.022568e-01 1.862468e-01 1.863009e-01 1.309119e-01 1.309538e-01 1.310163e-01
30 2.591758e-01 2.592960e-01 2.595853e-01 8.852613e-01 8.852092e-01 8.850066e-01 1.147404e-01 2.066166e-01 2.069834e-01 1.392958e-01 1.393379e-01 1.395302e-01
31 3.174237e-01 3.176034e-01 3.155405e-01 8.682521e-01 8.681776e-01 8.684432e-01 1.317593e-01 2.299137e-01 2.297821e-01 1.439632e-01 1.440134e-01 1.443359e-01
32 9.128725e-01 9.132430e-01 9.141284e-01 6.902553e-01 6.901477e-01 6.899294e-01 3.097507e-01 4.792912e-01 4.797888e-01 1.901530e-01 1.901577e-01 1.907420e-01
33 2.674928e+00 2.676283e+00 2.680065e+00 4.450349e-01 4.448597e-01 4.440210e-01 5.549939e-01 7.316916e-01 7.333664e-01 1.451065e-01 1.450610e-01 1.459816e-01
34 8.047568e+00 8.051132e+00 8.051285e+00 2.363526e-01 2.362453e-01 2.355708e-01 7.636347e-01 8.910579e-01 8.920700e-01 7.614049e-02 7.610137e-02 7.617004e-02
35 1.259464e+01 1.260059e+01 1.262197e+01 1.614729e-01 1.613514e-01 1.596948e-01 8.385340e-01 9.386688e-01 9.408636e-01 4.664261e-02 4.659703e-02 4.613366e-02
36 1.124710e+01 1.125291e+01 1.127057e+01 1.372135e-01 1.370999e-01 1.345498e-01 8.628000e-01 9.485032e-01 9.518529e-01 3.736135e-02 3.732418e-02 3.717978e-02
37 8.306645e+00 8.311235e+00 8.349275e+00 2.626393e-01 2.624704e-01 2.600940e-01 7.373726e-01 8.688323e-01 8.727239e-01 8.326246e-02 8.320529e-02 8.433682e-02
38 1.244486e+01 1.245014e+01 1.244182e+01 1.278729e-01 1.277674e-01 1.248526e-01 8.721383e-01 9.582318e-01 9.616336e-01 3.402205e-02 3.398422e-02 3.268994e-02
39 5.972882e+00 5.977257e+00 5.955622e+00 3.005229e-01 3.003326e-01 2.982839e-01 6.995160e-01 8.389479e-01 8.423000e-01 9.236403e-02 9.230472e-02 9.354876e-02
40 7.033927e-01 7.038810e-01 7.010230e-01 7.657328e-01 7.655956e-01 7.656062e-01 2.342985e-01 3.640381e-01 3.641224e-01 1.506318e-01 1.506500e-01 1.507620e-01
41 1.000917e-01 1.001684e-01 1.002324e-01 9.530054e-01 9.529709e-01 9.529219e-01 4.700647e-02 8.876861e-02 8.888397e-02 7.130431e-02 7.134612e-02 7.148344e-02
42 4.995314e-02 4.998111e-02 5.035945e-02 9.759628e-01 9.759495e-01 9.757935e-01 2.403766e-02 4.639033e-02 4.664960e-02 4.036681e-02 4.038766e-02 4.049496e-02
43 2.036937e-02 2.037663e-02 2.034153e-02 9.899432e-01 9.899396e-01 9.899569e-01 1.005596e-02 1.987181e-02 1.983754e-02 1.890789e-02 1.891454e-02 1.888206e-02
44 7.030299e-03 7.036546e-03 7.041800e-03 9.965062e-01 9.965031e-01 9.965005e-01 3.494809e-03 6.951611e-03 6.956709e-03 6.781211e-03 6.787137e-03 6.791875e-03
45 2.963050e-03 2.963892e-03 2.965575e-03 9.985216e-01 9.985212e-01 9.985203e-01 1.478058e-03 2.951443e-03 2.953070e-03 2.925951e-03 2.926802e-03 2.928322e-03
46 3.582455e-03 3.584791e-03 3.587320e-03 9.982127e-01 9.982116e-01 9.982103e-01 1.787619e-03 3.569047e-03 3.571540e-03 3.535596e-03 3.537880e-03 3.540304e-03
47 8.096509e-03 8.100340e-03 8.120019e-03 9.959705e-01 9.959686e-01 9.959588e-01 4.029546e-03 8.025679e-03 8.045244e-03 7.875696e-03 7.879391e-03 7.898718e-03
48 3.681100e-02 3.683450e-02 3.675178e-02 9.822148e-01 9.822034e-01 9.822195e-01 1.778541e-02 3.447659e-02 3.447484e-02 3.057709e-02 3.059625e-02 3.064797e-02
49 2.271830e-01 2.273166e-01 2.271850e-01 9.020221e-01 9.019662e-01 9.018983e-01 9.797876e-02 1.748956e-01 1.749924e-01 1.177435e-01 1.177904e-01 1.178352e-01
50 8.954181e-01 8.958571e-01 9.014749e-01 7.121547e-01 7.120377e-01 7.116917e-01 2.878554e-01 4.443847e-01 4.448687e-01 1.813514e-01 1.813619e-01 1.817158e-01
51 1.223465e+00 1.223984e+00 1.225837e+00 6.599381e-01 6.598332e-01 6.600169e-01 3.400542e-01 4.945637e-01 4.946783e-01 1.649759e-01 1.649874e-01 1.652518e-01
52 8.595955e-01 8.595565e-01 8.568391e-01 7.204365e-01 7.203287e-01 7.200804e-01 2.795620e-01 4.291353e-01 4.297798e-01 1.732386e-01 1.732606e-01 1.738167e-01
53 1.613281e+00 1.614562e+00 1.615034e+00 5.801416e-01 5.799730e-01 5.796953e-01 4.198908e-01 5.994791e-01 6.002731e-01 1.746041e-01 1.745821e-01 1.756662e-01
54 1.398495e+00 1.399341e+00 1.392902e+00 6.378150e-01 6.376472e-01 6.378434e-01 3.622405e-01 5.186733e-01 5.183632e-01 1.643108e-01 1.642994e-01 1.641326e-01
55 6.819358e-01 6.822723e-01 6.832492e-01 7.618978e-01 7.617911e-01 7.613831e-01 2.381248e-01 3.730067e-01 3.735324e-01 1.588658e-01 1.588962e-01 1.590425e-01
56 1.351081e-01 1.351767e-01 1.352416e-01 9.382961e-01 9.382656e-01 9.382364e-01 6.170575e-02 1.139470e-01 1.139916e-01 8.470144e-02 8.473769e-02 8.473317e-02
57 1.683574e-02 1.684696e-02 1.684110e-02 9.916766e-01 9.916711e-01 9.916742e-01 8.324683e-03 1.647352e-02 1.646702e-02 1.575320e-02 1.576347e-02 1.575588e-02
58 6.284535e-03 6.287980e-03 6.269880e-03 9.968730e-01 9.968713e-01 9.968802e-01 3.127052e-03 6.227329e-03 6.209796e-03 6.105379e-03 6.108691e-03 6.092243e-03
59 3.817156e-03 3.818751e-03 3.838856e-03 9.980973e-01 9.980965e-01 9.980865e-01 1.902467e-03 3.795223e-03 3.815050e-03 3.747322e-03 3.748877e-03 3.768157e-03
60 1.660757e-03 1.662062e-03 1.661648e-03 9.991710e-01 9.991703e-01 9.991705e-01 8.291757e-04 1.656563e-03 1.656207e-03 1.644364e-03 1.645656e-03 1.645414e-03
61 7.888787e-04 7.893530e-04 7.880668e-04 9.996058e-01 9.996056e-01 9.996062e-01 3.942522e-04 7.884431e-04 7.871613e-04 7.861554e-04 7.866279e-04 7.853552e-04
62 1.302002e-03 1.302664e-03 1.299378e-03 9.993495e-01 9.993492e-01 9.993508e-01 6.505091e-04 1.300717e-03 1.297447e-03 1.296177e-03 1.296835e-03 1.293598e-03
63 4.844158e-03 4.846774e-03 4.874390e-03 9.975880e-01 9.975867e-01 9.975728e-01 2.411817e-03 4.806772e-03 4.834571e-03 4.727114e-03 4.729645e-03 4.757415e-03
64 1.603944e-02 1.604713e-02 1.600757e-02 9.920445e-01 9.920407e-01 9.920596e-01 7.955395e-03 1.579233e-02 1.575632e-02 1.529322e-02 1.530040e-02 1.527074e-02
65 4.797193e-02 4.799229e-02 4.789082e-02 9.765429e-01 9.765331e-01 9.765725e-01 2.345619e-02 4.592609e-02 4.586625e-02 4.215317e-02 4.216989e-02 4.216765e-02
66 1.122257e-01 1.122692e-01 1.124698e-01 9.466381e-01 9.466179e-01 9.465254e-01 5.336119e-02 1.018014e-01 1.019727e-01 8.458605e-02 8.461393e-02 8.474147e-02
67 1.717394e-01 1.718159e-01 1.720599e-01 9.200795e-01 9.200447e-01 9.199099e-01 7.992308e-02 1.496126e-01 1.498923e-01 1.156557e-01 1.156976e-01 1.159849e-01
68 3.819491e-01 3.820891e-01 3.809438e-01 8.396930e-01 8.396404e-01 8.398159e-01 1.603011e-01 2.776613e-01 2.775875e-01 1.633279e-01 1.633535e-01 1.636119e-01
69 7.467422e-01 7.471164e-01 7.500434e-01 7.397343e-01 7.396259e-01 7.388403e-01 2.602764e-01 4.130594e-01 4.143330e-01 1.842147e-01 1.842372e-01 1.851167e-01
70 8.249308e-01 8.252843e-01 8.226108e-01 7.215602e-01 7.214622e-01 7.215777e-01 2.784473e-01 4.374238e-01 4.375250e-01 1.891407e-01 1.891570e-01 1.895999e-01
71 9.229353e-01 9.233644e-01 9.216209e-01 7.053360e-01 7.052205e-01 7.053569e-01 2.946842e-01 4.490245e-01 4.489227e-01 1.746633e-01 1.746787e-01 1.748632e-01
72 7.908499e-01 7.911563e-01 7.909177e-01 7.218579e-01 7.217712e-01 7.212440e-01 2.781354e-01 4.426666e-01 4.436679e-01 1.972392e-01 1.972500e-01 1.978869e-01
73 1.112334e+00 1.112833e+00 1.118823e+00 6.638480e-01 6.637332e-01 6.629710e-01 3.361553e-01 4.956652e-01 4.967356e-01 1.703804e-01 1.703900e-01 1.711329e-01
74 3.211248e-01 3.214893e-01 3.235267e-01 9.264453e-01 9.263524e-01 9.266755e-01 7.358746e-02 1.242514e-01 1.243211e-01 7.681198e-02 7.686975e-02 7.716941e-02
75 1.089371e-02 1.089976e-02 1.088446e-02 9.945897e-01 9.945867e-01 9.945932e-01 5.410456e-03 1.075469e-02 1.074394e-02 1.046962e-02 1.047538e-02 1.047217e-02
76 9.177408e-03 9.181706e-03 9.208724e-03 9.954331e-01 9.954309e-01 9.954175e-01 4.566967e-03 9.094939e-03 9.121542e-03 8.920630e-03 8.924787e-03 8.950589e-03
77 3.119330e-03 3.120967e-03 3.125637e-03 9.984431e-01 9.984423e-01 9.984400e-01 1.556934e-03 3.109896e-03 3.114510e-03 3.086312e-03 3.087925e-03 3.092427e-03
78 7.546851e-04 7.551191e-04 7.559114e-04 9.996229e-01 9.996226e-01 9.996222e-01 3.771386e-04 7.542820e-04 7.551028e-04 7.521808e-04 7.526131e-04 7.534898e-04
79 7.759084e-04 7.762234e-04 7.764468e-04 9.996122e-01 9.996120e-01 9.996119e-01 3.878106e-04 7.756577e-04 7.758820e-04 7.742140e-04 7.745280e-04 7.747541e-04
80 1.420987e-03 1.421552e-03 1.423847e-03 9.992900e-01 9.992897e-01 9.992886e-01 7.099542e-04 1.419504e-03 1.421796e-03 1.414858e-03 1.415420e-03 1.417707e-03
81 2.262149e-03 2.263019e-03 2.268897e-03 9.988702e-01 9.988698e-01 9.988668e-01 1.129772e-03 2.257870e-03 2.263734e-03 2.246761e-03 2.247622e-03 2.253458e-03
82 3.581434e-03 3.583026e-03 3.559899e-03 9.982127e-01 9.982119e-01 9.982233e-01 1.787177e-03 3.569288e-03 3.546974e-03 3.540527e-03 3.542098e-03 3.521348e-03
83 1.077765e-02 1.078320e-02 1.071716e-02 9.946474e-01 9.946446e-01 9.946759e-01 5.352649e-03 1.063963e-02 1.058050e-02 1.035802e-02 1.036330e-02 1.031624e-02
84 3.455714e-02 3.456823e-02 3.466428e-02 9.830439e-01 9.830385e-01 9.829930e-01 1.695410e-02 3.330548e-02 3.339154e-02 3.097882e-02 3.098841e-02 3.105535e-02
85 5.889357e-02 5.892261e-02 5.903033e-02 9.716930e-01 9.716792e-01 9.716329e-01 2.830907e-02 5.456946e-02 5.465059e-02 4.730126e-02 4.732345e-02 4.737420e-02
86 5.369073e-02 5.371371e-02 5.370464e-02 9.741905e-01 9.741797e-01 9.741822e-01 2.580911e-02 4.976000e-02 4.975789e-02 4.317986e-02 4.319667e-02 4.320223e-02
87 7.885132e-02 7.889204e-02 7.815525e-02 9.628629e-01 9.628442e-01 9.631278e-01 3.713805e-02 7.033472e-02 6.989149e-02 5.716613e-02 5.719133e-02 5.707518e-02
88 8.258830e-02 8.261781e-02 8.264500e-02 9.609409e-01 9.609274e-01 9.609045e-01 3.905547e-02 7.420562e-02 7.426080e-02 6.095090e-02 6.096887e-02 6.103244e-02
89 4.974728e-02 4.977871e-02 4.982317e-02 9.758514e-01 9.758363e-01 9.758117e-01 2.415273e-02 4.696611e-02 4.701903e-02 4.197622e-02 4.200045e-02 4.206313e-02
90 7.740066e-03 7.744496e-03 7.717871e-03 9.961482e-01 9.961460e-01 9.961588e-01 3.852100e-03 7.671994e-03 7.647371e-03 7.526092e-03 7.530346e-03 7.509440e-03
91 1.016798e-03 1.017260e-03 1.017648e-03 9.994919e-01 9.994916e-01 9.994914e-01 5.081384e-04 1.016161e-03 1.016553e-03 1.013511e-03 1.013970e-03 1.014369e-03
92 6.659736e-04 6.663394e-04 6.624098e-04 9.996672e-01 9.996670e-01 9.996690e-01 3.328316e-04 6.656884e-04 6.617791e-04 6.640250e-04 6.643896e-04 6.605208e-04
93 3.235847e-04 3.237440e-04 3.238664e-04 9.998382e-01 9.998382e-01 9.998381e-01 1.617551e-04 3.235995e-04 3.237212e-04 3.231518e-04 3.233108e-04 3.234313e-04
94 1.305225e-04 1.305897e-04 1.309971e-04 9.999347e-01 9.999347e-01 9.999345e-01 6.525988e-05 1.305703e-04 1.309775e-04 1.304645e-04 1.305316e-04 1.309382e-04
95 5.289707e-05 5.292348e-05 5.276852e-05 9.999736e-01 9.999735e-01 9.999736e-01 2.644795e-05 5.292031e-05 5.276539e-05 5.288757e-05 5.291397e-05 5.275914e-05
96 9.808824e-05 9.813578e-05 9.824481e-05 9.999510e-01 9.999509e-01 9.999509e-01 4.904135e-05 9.812527e-05 9.823435e-05 9.805673e-05 9.810425e-05 9.821343e-05
97 2.248166e-04 2.249251e-04 2.247465e-04 9.998876e-01 9.998876e-01 9.998876e-01 1.123919e-04 2.248715e-04 2.246944e-04 2.246559e-04 2.247643e-04 2.245904e-04
98 7.096435e-04 7.099366e-04 7.091883e-04 9.996453e-01 9.996452e-01 9.996455e-01 3.546781e-04 7.094318e-04 7.086883e-04 7.081318e-04 7.084239e-04 7.076898e-04
99 2.445017e-03 2.445947e-03 2.439065e-03 9.987789e-01 9.987784e-01 9.987819e-01 1.221070e-03 2.440309e-03 2.433517e-03 2.428170e-03 2.429091e-03 2.422478e-03
100 5.772535e-03 5.774300e-03 5.783722e-03 9.971203e-01 9.971194e-01 9.971147e-01 2.879547e-03 5.748228e-03 5.757606e-03 5.694803e-03 5.696532e-03 5.705823e-03
101 1.097499e-02 1.097996e-02 1.105442e-02 9.945479e-01 9.945455e-01 9.945093e-01 5.452020e-03 1.083953e-02 1.090989e-02 1.056410e-02 1.056881e-02 1.063144e-02
102 1.867737e-02 1.868541e-02 1.866650e-02 9.907853e-01 9.907813e-01 9.907901e-01 9.214116e-03 1.819820e-02 1.818210e-02 1.728405e-02 1.729116e-02 1.728015e-02
103 3.338212e-02 3.339739e-02 3.351438e-02 9.836294e-01 9.836219e-01 9.835711e-01 1.637131e-02 3.214485e-02 3.223274e-02 2.984860e-02 2.986189e-02 2.990452e-02
104 3.157411e-02 3.158436e-02 3.167066e-02 9.845349e-01 9.845300e-01 9.844889e-01 1.546355e-02 3.032680e-02 3.040485e-02 2.803448e-02 2.804310e-02 2.810582e-02
105 2.538649e-02 2.539840e-02 2.535778e-02 9.874990e-01 9.874931e-01 9.875096e-01 1.250160e-02 2.464324e-02 2.461716e-02 2.323017e-02 2.324051e-02 2.323707e-02
106 5.186052e-02 5.188272e-02 5.178624e-02 9.747113e-01 9.747006e-01 9.747452e-01 2.528963e-02 4.937797e-02 4.929548e-02 4.482154e-02 4.483954e-02 4.478034e-02
107 5.276281e-03 5.279236e-03 5.291259e-03 9.973687e-01 9.973673e-01 9.973613e-01 2.631683e-03 5.251792e-03 5.263722e-03 5.194637e-03 5.197516e-03 5.209263e-03
108 4.565209e-03 4.567370e-03 4.573437e-03 9.977234e-01 9.977223e-01 9.977193e-01 2.276622e-03 4.543441e-03 4.549586e-03 4.494064e-03 4.496176e-03 4.502468e-03
109 2.321819e-03 2.323139e-03 2.324534e-03 9.988412e-01 9.988406e-01 9.988398e-01 1.158781e-03 2.314622e-03 2.316180e-03 2.296488e-03 2.297788e-03 2.299653e-03
110 5.431319e-03 5.433712e-03 5.437773e-03 9.972935e-01 9.972923e-01 9.972904e-01 2.706457e-03 5.397088e-03 5.400945e-03 5.322521e-03 5.324845e-03 5.328306e-03
111 1.191391e-03 1.192242e-03 1.188398e-03 9.994053e-01 9.994049e-01 9.994068e-01 5.947432e-04 1.188318e-03 1.184560e-03 1.179691e-03 1.180530e-03 1.176938e-03
112 8.440568e-05 8.448269e-05 8.412005e-05 9.999578e-01 9.999578e-01 9.999579e-01 4.221594e-05 8.447010e-05 8.410771e-05 8.436796e-05 8.444491e-05 8.408305e-05
113 4.590224e-05 4.592624e-05 4.602472e-05 9.999770e-01 9.999770e-01 9.999770e-01 2.295061e-05 4.592298e-05 4.602145e-05 4.589249e-05 4.591648e-05 4.601493e-05
114 3.518319e-05 3.519646e-05 3.520533e-05 9.999824e-01 9.999824e-01 9.999824e-01 1.758999e-05 3.519505e-05 3.520391e-05 3.517895e-05 3.519221e-05 3.520107e-05
115 7.982941e-05 7.986117e-05 7.988690e-05 9.999601e-01 9.999601e-01 9.999601e-01 3.990935e-05 7.985356e-05 7.987935e-05 7.980660e-05 7.983834e-05 7.986425e-05
116 3.310193e-04 3.311947e-04 3.328804e-04 9.998345e-01 9.998344e-01 9.998336e-01 1.654586e-04 3.310158e-04 3.326942e-04 3.304836e-04 3.306586e-04 3.323226e-04
117 1.068821e-03 1.069373e-03 1.068502e-03 9.994660e-01 9.994657e-01 9.994661e-01 5.340273e-04 1.067825e-03 1.066978e-03 1.064194e-03 1.064742e-03 1.063940e-03
118 1.877993e-03 1.878935e-03 1.874799e-03 9.990622e-01 9.990617e-01 9.990637e-01 9.378291e-04 1.874266e-03 1.870243e-03 1.864050e-03 1.864982e-03 1.861184e-03
