0 1.804003e+01 1.805294e+01 1.803058e+01 3.482881e-01 3.482086e-01 3.459922e-01 6.516669e-01 7.113600e-01 7.154198e-01 5.233647e-02 5.232902e-02 5.216889e-02
1 9.809889e+01 9.813569e+01 9.803539e+01 2.184913e-03 2.180216e-03 3.610994e-04 9.978152e-01 9.998449e-01 9.999988e-01 1.543893e-04 1.538184e-04 1.217980e-06
2 1.454207e+02 1.453485e+02 1.452002e+02 3.699807e-03 3.688048e-03 3.271458e-03 9.963012e-01 9.998088e-01 9.998968e-01 1.914446e-04 1.903500e-04 1.030410e-04
3 1.190328e+02 1.192908e+02 1.197774e+02 2.060452e-02 2.055795e-02 1.600763e-02 9.794003e-01 9.953793e-01 9.981128e-01 4.056351e-03 4.044444e-03 1.852150e-03
4 6.211156e+01 6.215122e+01 6.217643e+01 3.377056e-02 3.369886e-02 3.246058e-02 9.662354e-01 9.943511e-01 9.951994e-01 5.363582e-03 5.345284e-03 4.645445e-03
5 2.268165e+01 2.269837e+01 2.270828e+01 9.523639e-02 9.509568e-02 9.308582e-02 9.047804e-01 9.729045e-01 9.752631e-01 2.286171e-02 2.281585e-02 2.188592e-02
6 5.193000e+00 5.196474e+00 5.132592e+00 3.653808e-01 3.651470e-01 3.646583e-01 6.346778e-01 7.820973e-01 7.831020e-01 1.123002e-01 1.122335e-01 1.131132e-01
7 1.299883e+00 1.300662e+00 1.291708e+00 6.812924e-01 6.811457e-01 6.811010e-01 3.187287e-01 4.584996e-01 4.585997e-01 1.551941e-01 1.552096e-01 1.552983e-01
8 5.971326e-01 5.975353e-01 5.954222e-01 8.289506e-01 8.288451e-01 8.289021e-01 1.710756e-01 2.618904e-01 2.618176e-01 1.129397e-01 1.129684e-01 1.129616e-01
9 2.884953e-01 2.887162e-01 2.865539e-01 8.970383e-01 8.969573e-01 8.965768e-01 1.029799e-01 1.715591e-01 1.719529e-01 9.859828e-02 9.864601e-02 9.870630e-02
10 1.951841e-01 1.953123e-01 1.964178e-01 9.182601e-01 9.182065e-01 9.179452e-01 8.175118e-02 1.433170e-01 1.435425e-01 9.214133e-02 9.218794e-02 9.202838e-02
11 4.734799e-01 4.736977e-01 4.729629e-01 8.201324e-01 8.200629e-01 8.201527e-01 1.798645e-01 2.943697e-01 2.942859e-01 1.465974e-01 1.466186e-01 1.465684e-01
12 4.045631e+00 4.047888e+00 4.067134e+00 4.319811e-01 4.318177e-01 4.313933e-01 5.680320e-01 7.169318e-01 7.176247e-01 1.279257e-01 1.278930e-01 1.286092e-01
13 1.483901e+01 1.484638e+01 1.484886e+01 1.136444e-01 1.135511e-01 1.114018e-01 8.863508e-01 9.605829e-01 9.632933e-01 3.065396e-02 3.062286e-02 2.997254e-02
14 2.457496e+01 2.458550e+01 2.457166e+01 4.340742e-02 4.335759e-02 4.145833e-02 9.565977e-01 9.918934e-01 9.930942e-01 7.594758e-03 7.581453e-03 6.605696e-03
15 1.739600e+01 1.740658e+01 1.744990e+01 2.370179e-01 2.368659e-01 2.366389e-01 7.630191e-01 8.590343e-01 8.595492e-01 7.335095e-02 7.330895e-02 7.444495e-02
16 1.401034e+01 1.401644e+01 1.406231e+01 1.304476e-01 1.303651e-01 1.271500e-01 8.695309e-01 9.476039e-01 9.528142e-01 3.523259e-02 3.520900e-02 3.579378e-02
17 1.726912e+01 1.727891e+01 1.724707e+01 8.217842e-02 8.208396e-02 8.052950e-02 9.178383e-01 9.799008e-01 9.813413e-01 1.806964e-02 1.803970e-02 1.713334e-02
18 7.486371e+00 7.490786e+00 7.454598e+00 3.095017e-01 3.093135e-01 3.091836e-01 6.905322e-01 8.272974e-01 8.277832e-01 9.833407e-02 9.827530e-02 9.903683e-02
19 2.723787e+00 2.725174e+00 2.704783e+00 5.634533e-01 5.632976e-01 5.633335e-01 4.365467e-01 5.881114e-01 5.882877e-01 1.502192e-01 1.502168e-01 1.505025e-01
20 9.644151e-01 9.653811e-01 9.568506e-01 7.657962e-01 7.656300e-01 7.656219e-01 2.342609e-01 3.528643e-01 3.527423e-01 1.507530e-01 1.507899e-01 1.508752e-01
21 3.472530e-01 3.474783e-01 3.393314e-01 8.792668e-01 8.791916e-01 8.795686e-01 1.207378e-01 2.019900e-01 2.016849e-01 1.183865e-01 1.184301e-01 1.186008e-01
22 1.886896e-01 1.888006e-01 1.886333e-01 9.151554e-01 9.151052e-01 9.149735e-01 8.485457e-02 1.554749e-01 1.557149e-01 1.132088e-01 1.132602e-01 1.132462e-01
23 7.355452e-02 7.360295e-02 7.333532e-02 9.651321e-01 9.651095e-01 9.651811e-01 3.487011e-02 6.644986e-02 6.637744e-02 5.529777e-02 5.533061e-02 5.537962e-02
24 2.135140e-02 2.136587e-02 2.075817e-02 9.922075e-01 9.922022e-01 9.918713e-01 7.791944e-03 1.314954e-02 1.364823e-02 8.734580e-03 8.738735e-03 8.338076e-03
25 1.260182e-02 1.261610e-02 1.235513e-02 9.946072e-01 9.946007e-01 9.944893e-01 5.395279e-03 9.659787e-03 1.001073e-02 6.997461e-03 7.006578e-03 7.238056e-03
26 1.733953e-03 1.734802e-03 1.736011e-03 9.991340e-01 9.991336e-01 9.991330e-01 8.659242e-04 1.730763e-03 1.732146e-03 1.721904e-03 1.722745e-03 1.724463e-03
27 7.700631e-03 7.705332e-03 7.742146e-03 9.961894e-01 9.961871e-01 9.961666e-01 3.810291e-03 7.549460e-03 7.593669e-03 7.256344e-03 7.260769e-03 7.314221e-03
28 5.220428e-02 5.223102e-02 5.217621e-02 9.747573e-01 9.747446e-01 9.747603e-01 2.524152e-02 4.894151e-02 4.892429e-02 4.338100e-02 4.340125e-02 4.340831e-02
29 2.212132e-01 2.213042e-01 2.216492e-01 9.013210e-01 9.012819e-01 9.011956e-01 9.867946e-02 1.788801e-01 1.789786e-01 1.242735e-01 1.243104e-01 1.243279e-01
30 2.605445e-01 2.606631e-01 2.603515e-01 8.843141e-01 8.842645e-01 8.842416e-01 1.156856e-01 2.083407e-01 2.085188e-01 1.395081e-01 1.395471e-01 1.398297e-01
31 2.824004e-01 2.825552e-01 2.815071e-01 8.795841e-01 8.795194e-01 8.794668e-01 1.204235e-01 2.128590e-01 2.132047e-01 1.379171e-01 1.379646e-01 1.384481e-01
32 7.532183e-01 7.535314e-01 7.543812e-01 7.302171e-01 7.301225e-01 7.299768e-01 2.697838e-01 4.292471e-01 4.293626e-01 1.893863e-01 1.894013e-01 1.894366e-01
33 2.197752e+00 2.198843e+00 2.204928e+00 4.890694e-01 4.889049e-01 4.884860e-01 5.109564e-01 6.903106e-01 6.910563e-01 1.557212e-01 1.556861e-01 1.562614e-01
34 7.974819e+00 7.978417e+00 7.957617e+00 2.397665e-01 2.396627e-01 2.384123e-01 7.602136e-01 8.866418e-01 8.887863e-01 7.673316e-02 7.669545e-02 7.680994e-02
35 1.549135e+01 1.549840e+01 1.549311e+01 1.318875e-01 1.317819e-01 1.297248e-01 8.681170e-01 9.537735e-01 9.557035e-01 3.653477e-02 3.649587e-02 3.570183e-02
36 1.367185e+01 1.367893e+01 1.362391e+01 1.193547e-01 1.192550e-01 1.180169e-01 8.806546e-01 9.570746e-01 9.591699e-01 3.241762e-02 3.238495e-02 3.223687e-02
37 1.148383e+01 1.149023e+01 1.153516e+01 2.122091e-01 2.120608e-01 2.090229e-01 7.877991e-01 8.988275e-01 9.037851e-01 6.576053e-02 6.570991e-02 6.672223e-02
38 1.622496e+01 1.623159e+01 1.623364e+01 9.678824e-02 9.670334e-02 9.414886e-02 9.032186e-01 9.719702e-01 9.746099e-01 2.375886e-02 2.372985e-02 2.246229e-02
39 6.193704e+00 6.198548e+00 6.156991e+00 3.070079e-01 3.068163e-01 3.057765e-01 6.930297e-01 8.307995e-01 8.327621e-01 9.385998e-02 9.380215e-02 9.528200e-02
40 5.525206e-01 5.528928e-01 5.514495e-01 8.020739e-01 8.019609e-01 8.016158e-01 1.979494e-01 3.168521e-01 3.173300e-01 1.452275e-01 1.452508e-01 1.454273e-01
41 9.690183e-02 9.698146e-02 9.687413e-02 9.546279e-01 9.545926e-01 9.546174e-01 4.538568e-02 8.552787e-02 8.551365e-02 6.827453e-02 6.831468e-02 6.837059e-02
42 4.561286e-02 4.563887e-02 4.586466e-02 9.780229e-01 9.780105e-01 9.779138e-01 2.197746e-02 4.246584e-02 4.263294e-02 3.712494e-02 3.714428e-02 3.723401e-02
43 1.571859e-02 1.572499e-02 1.575833e-02 9.922213e-01 9.922181e-01 9.922018e-01 7.778317e-03 1.540615e-02 1.543799e-02 1.479059e-02 1.479650e-02 1.482553e-02
44 5.214623e-03 5.218698e-03 5.239030e-03 9.974045e-01 9.974025e-01 9.973926e-01 2.596069e-03 5.171770e-03 5.190965e-03 5.076399e-03 5.080337e-03 5.097358e-03
45 2.362967e-03 2.363775e-03 2.359724e-03 9.988202e-01 9.988198e-01 9.988219e-01 1.179564e-03 2.356858e-03 2.352880e-03 2.342316e-03 2.343120e-03 2.339285e-03
46 2.728721e-03 2.730289e-03 2.732118e-03 9.986378e-01 9.986371e-01 9.986362e-01 1.362307e-03 2.721484e-03 2.723277e-03 2.702462e-03 2.704008e-03 2.705730e-03
47 6.746668e-03 6.749706e-03 6.756602e-03 9.966401e-01 9.966386e-01 9.966351e-01 3.359872e-03 6.696069e-03 6.703068e-03 6.587778e-03 6.590717e-03 6.597908e-03
48 2.563727e-02 2.565304e-02 2.560240e-02 9.874382e-01 9.874305e-01 9.874446e-01 1.256183e-02 2.465549e-02 2.464349e-02 2.286435e-02 2.287803e-02 2.290624e-02
49 1.647225e-01 1.648217e-01 1.635507e-01 9.269083e-01 9.268655e-01 9.270724e-01 7.309184e-02 1.331953e-01 1.330038e-01 9.661092e-02 9.665422e-02 9.672981e-02
50 8.708737e-01 8.713051e-01 8.742808e-01 7.244754e-01 7.243656e-01 7.246061e-01 2.755287e-01 4.255423e-01 4.254166e-01 1.760716e-01 1.760824e-01 1.764171e-01
51 1.518821e+00 1.519432e+00 1.530912e+00 6.159909e-01 6.158848e-01 6.155366e-01 3.839960e-01 5.440367e-01 5.445236e-01 1.643824e-01 1.643896e-01 1.647950e-01
52 1.090829e+00 1.090782e+00 1.090541e+00 6.831314e-01 6.830087e-01 6.822514e-01 3.168720e-01 4.698892e-01 4.709454e-01 1.708674e-01 1.708796e-01 1.712964e-01
53 1.995580e+00 1.997195e+00 1.995721e+00 5.374923e-01 5.373261e-01 5.369900e-01 4.625311e-01 6.408169e-01 6.416449e-01 1.641205e-01 1.640909e-01 1.651147e-01
54 1.716370e+00 1.717440e+00 1.713847e+00 5.987331e-01 5.985594e-01 5.988540e-01 4.013244e-01 5.605744e-01 5.601705e-01 1.612635e-01 1.612442e-01 1.611725e-01
55 6.854696e-01 6.858165e-01 6.847720e-01 7.642690e-01 7.641640e-01 7.641097e-01 2.357516e-01 3.676211e-01 3.679147e-01 1.551437e-01 1.551735e-01 1.554583e-01
56 1.064452e-01 1.065000e-01 1.060123e-01 9.505632e-01 9.505384e-01 9.506941e-01 4.943808e-02 9.255428e-02 9.235080e-02 7.225261e-02 7.228408e-02 7.229810e-02
57 1.403958e-02 1.404877e-02 1.406395e-02 9.930493e-01 9.930447e-01 9.930369e-01 6.951743e-03 1.377549e-02 1.379135e-02 1.324497e-02 1.325344e-02 1.327002e-02
58 6.187339e-03 6.190689e-03 6.184680e-03 9.969221e-01 9.969204e-01 9.969234e-01 3.077927e-03 6.127963e-03 6.122247e-03 6.002197e-03 6.005406e-03 6.000245e-03
59 3.386417e-03 3.387913e-03 3.378462e-03 9.983116e-01 9.983108e-01 9.983155e-01 1.688307e-03 3.368889e-03 3.359733e-03 3.329910e-03 3.331371e-03 3.322788e-03
60 1.311984e-03 1.312951e-03 1.309081e-03 9.993449e-01 9.993444e-01 9.993463e-01 6.552294e-04 1.309474e-03 1.305689e-03 1.301608e-03 1.302568e-03 1.298948e-03
61 5.595349e-04 5.598686e-04 5.620026e-04 9.997203e-01 9.997202e-01 9.997191e-01 2.796898e-04 5.594391e-04 5.615652e-04 5.582487e-04 5.585815e-04 5.606922e-04
62 9.050431e-04 9.054889e-04 9.036842e-04 9.995477e-01 9.995475e-01 9.995484e-01 4.522926e-04 9.045896e-04 9.027962e-04 9.023510e-04 9.027949e-04 9.010241e-04
63 3.475806e-03 3.477582e-03 3.509277e-03 9.982670e-01 9.982661e-01 9.982504e-01 1.732852e-03 3.458092e-03 3.489428e-03 3.418350e-03 3.420084e-03 3.450601e-03
64 1.187659e-02 1.188225e-02 1.188888e-02 9.940956e-01 9.940928e-01 9.940892e-01 5.904320e-03 1.174750e-02 1.175515e-02 1.147930e-02 1.148468e-02 1.149406e-02
65 4.086765e-02 4.088589e-02 4.078093e-02 9.799711e-01 9.799622e-01 9.800028e-01 2.002833e-02 3.930314e-02 3.924167e-02 3.640281e-02 3.641812e-02 3.641706e-02
66 1.105923e-01 1.106364e-01 1.110496e-01 9.476167e-01 9.475965e-01 9.474114e-01 5.238210e-02 9.961697e-02 9.995535e-02 8.189916e-02 8.192593e-02 8.218058e-02
67 1.606372e-01 1.607034e-01 1.607319e-01 9.247465e-01 9.247163e-01 9.246674e-01 7.525600e-02 1.416048e-01 1.417482e-01 1.113338e-01 1.113713e-01 1.116128e-01
68 3.728982e-01 3.730316e-01 3.720217e-01 8.430850e-01 8.430357e-01 8.432082e-01 1.569071e-01 2.722318e-01 2.720761e-01 1.609064e-01 1.609297e-01 1.610003e-01
69 8.313572e-01 8.317737e-01 8.336348e-01 7.200412e-01 7.199276e-01 7.194924e-01 2.799696e-01 4.371509e-01 4.380124e-01 1.829230e-01 1.829396e-01 1.840605e-01
70 1.014350e+00 1.014788e+00 1.014687e+00 6.843095e-01 6.842053e-01 6.841758e-01 3.156946e-01 4.814475e-01 4.813608e-01 1.871001e-01 1.871065e-01 1.870451e-01
71 1.202473e+00 1.203036e+00 1.199769e+00 6.508281e-01 6.507011e-01 6.506809e-01 3.491936e-01 5.118709e-01 5.120198e-01 1.719255e-01 1.719301e-01 1.722716e-01
72 1.048690e+00 1.049101e+00 1.049001e+00 6.654937e-01 6.653978e-01 6.648462e-01 3.344964e-01 5.112004e-01 5.121041e-01 1.951952e-01 1.951942e-01 1.958455e-01
73 1.281987e+00 1.282584e+00 1.278226e+00 6.343231e-01 6.342000e-01 6.341413e-01 3.656849e-01 5.272564e-01 5.278839e-01 1.661254e-01 1.661265e-01 1.671056e-01
74 2.025381e-01 2.027914e-01 2.080250e-01 9.387621e-01 9.386842e-01 9.382218e-01 6.126972e-02 1.058876e-01 1.062085e-01 7.035608e-02 7.040753e-02 7.034874e-02
75 1.243965e-02 1.244629e-02 1.240875e-02 9.938270e-01 9.938237e-01 9.938409e-01 6.173197e-03 1.226084e-02 1.222921e-02 1.189793e-02 1.190419e-02 1.188250e-02
76 9.568689e-03 9.573146e-03 9.562008e-03 9.952404e-01 9.952382e-01 9.952437e-01 4.759652e-03 9.474672e-03 9.463874e-03 9.277711e-03 9.281997e-03 9.271849e-03
77 2.671014e-03 2.672413e-03 2.675510e-03 9.986666e-01 9.986659e-01 9.986644e-01 1.333440e-03 2.664004e-03 2.667099e-03 2.645920e-03 2.647302e-03 2.650395e-03
78 6.236768e-04 6.240260e-04 6.265859e-04 9.996883e-01 9.996881e-01 9.996868e-01 3.117083e-04 6.234796e-04 6.260436e-04 6.220416e-04 6.223897e-04 6.249614e-04
79 6.658717e-04 6.661322e-04 6.653916e-04 9.996672e-01 9.996670e-01 9.996674e-01 3.328282e-04 6.657060e-04 6.649678e-04 6.645949e-04 6.648546e-04 6.641213e-04
80 1.390882e-03 1.391452e-03 1.397512e-03 9.993051e-01 9.993048e-01 9.993018e-01 6.948979e-04 1.389407e-03 1.395432e-03 1.384765e-03 1.385331e-03 1.391287e-03
81 2.505853e-03 2.506846e-03 2.512850e-03 9.987487e-01 9.987483e-01 9.987453e-01 1.251238e-03 2.500163e-03 2.506153e-03 2.485892e-03 2.486874e-03 2.492838e-03
82 3.527792e-03 3.529159e-03 3.505932e-03 9.982391e-01 9.982384e-01 9.982499e-01 1.760791e-03 3.517128e-03 3.494413e-03 3.491906e-03 3.493252e-03 3.471535e-03
83 8.965792e-03 8.970349e-03 8.904313e-03 9.955412e-01 9.955389e-01 9.955704e-01 4.458903e-03 8.874866e-03 8.814683e-03 8.685503e-03 8.689870e-03 8.640219e-03
84 3.222005e-02 3.222848e-02 3.222731e-02 9.841702e-01 9.841661e-01 9.841658e-01 1.582750e-02 3.112913e-02 3.113128e-02 2.908919e-02 2.909661e-02 2.910439e-02
85 6.752123e-02 6.755485e-02 6.755874e-02 9.677686e-01 9.677527e-01 9.677541e-01 3.223381e-02 6.176215e-02 6.175608e-02 5.239383e-02 5.241800e-02 5.241117e-02
86 6.680171e-02 6.683004e-02 6.670126e-02 9.682748e-01 9.682617e-01 9.683090e-01 3.172463e-02 6.052065e-02 6.045386e-02 5.056331e-02 5.058188e-02 5.059760e-02
87 9.559342e-02 9.564044e-02 9.543674e-02 9.556186e-01 9.555976e-01 9.556688e-01 4.438267e-02 8.299886e-02 8.290059e-02 6.436039e-02 6.438586e-02 6.440084e-02
88 1.059595e-01 1.059983e-01 1.060723e-01 9.506383e-01 9.506211e-01 9.506006e-01 4.935794e-02 9.255991e-02 9.257647e-02 7.245670e-02 7.247661e-02 7.243286e-02
89 5.322011e-02 5.325372e-02 5.312373e-02 9.742395e-01 9.742234e-01 9.742781e-01 2.576489e-02 4.996931e-02 4.987799e-02 4.422099e-02 4.424626e-02 4.421282e-02
90 6.820310e-03 6.824287e-03 6.808150e-03 9.966034e-01 9.966014e-01 9.966092e-01 3.396884e-03 6.770243e-03 6.755231e-03 6.660480e-03 6.664319e-03 6.651395e-03
91 1.106965e-03 1.107481e-03 1.108468e-03 9.994469e-01 9.994466e-01 9.994461e-01 5.531501e-04 1.106090e-03 1.107078e-03 1.102803e-03 1.103316e-03 1.104306e-03
92 7.187633e-04 7.191578e-04 7.164403e-04 9.996408e-01 9.996406e-01 9.996420e-01 3.591791e-04 7.183247e-04 7.156263e-04 7.162709e-04 7.166637e-04 7.140030e-04
93 3.055066e-04 3.056590e-04 3.056201e-04 9.998473e-01 9.998472e-01 9.998472e-01 1.527191e-04 3.055246e-04 3.054858e-04 3.051039e-04 3.052560e-04 3.052176e-04
94 1.120491e-04 1.121059e-04 1.120696e-04 9.999440e-01 9.999440e-01 9.999440e-01 5.602393e-05 1.120922e-04 1.120559e-04 1.120083e-04 1.120650e-04 1.120285e-04
95 4.893522e-05 4.896049e-05 4.903058e-05 9.999755e-01 9.999755e-01 9.999755e-01 2.446707e-05 4.895770e-05 4.902779e-05 4.892687e-05 4.895213e-05 4.902222e-05
96 9.860042e-05 9.864574e-05 9.881525e-05 9.999507e-01 9.999507e-01 9.999506e-01 4.929747e-05 9.863502e-05 9.880458e-05 9.856829e-05 9.861359e-05 9.878326e-05
97 1.883311e-04 1.884153e-04 1.885478e-04 9.999058e-01 9.999058e-01 9.999057e-01 9.415442e-05 1.883825e-04 1.885153e-04 1.882327e-04 1.883168e-04 1.884504e-04
98 5.851484e-04 5.853953e-04 5.855724e-04 9.997075e-01 9.997074e-01 9.997073e-01 2.924813e-04 5.850672e-04 5.852468e-04 5.841658e-04 5.844120e-04 5.845963e-04
99 2.078186e-03 2.078949e-03 2.075335e-03 9.989620e-01 9.989616e-01 9.989634e-01 1.038004e-03 2.074717e-03 2.071147e-03 2.065538e-03 2.066294e-03 2.062812e-03
100 5.564272e-03 5.566017e-03 5.572512e-03 9.972243e-01 9.972234e-01 9.972201e-01 2.775512e-03 5.540427e-03 5.546952e-03 5.488006e-03 5.489713e-03 5.496299e-03
101 1.114657e-02 1.115150e-02 1.118791e-02 9.944608e-01 9.944583e-01 9.944405e-01 5.539215e-03 1.101624e-02 1.105102e-02 1.074961e-02 1.075430e-02 1.078601e-02
102 2.008284e-02 2.009113e-02 2.006616e-02 9.901020e-01 9.900979e-01 9.901075e-01 9.897187e-03 1.952810e-02 1.951414e-02 1.847796e-02 1.848518e-02 1.848918e-02
103 4.037286e-02 4.039163e-02 4.063195e-02 9.802923e-01 9.802832e-01 9.801753e-01 1.970852e-02 3.853142e-02 3.872576e-02 3.520331e-02 3.521887e-02 3.534364e-02
104 4.063360e-02 4.064666e-02 4.085997e-02 9.802131e-01 9.802069e-01 9.801091e-01 1.978500e-02 3.858951e-02 3.876891e-02 3.493148e-02 3.494174e-02 3.506650e-02
105 3.296814e-02 3.298321e-02 3.294526e-02 9.838648e-01 9.838575e-01 9.838720e-01 1.613561e-02 3.162212e-02 3.160073e-02 2.914973e-02 2.916209e-02 2.916497e-02
106 6.301624e-02 6.304495e-02 6.305177e-02 9.694647e-01 9.694510e-01 9.694411e-01 3.053687e-02 5.927208e-02 5.930225e-02 5.258946e-02 5.261135e-02 5.267191e-02
107 5.862379e-03 5.865691e-03 5.863526e-03 9.970773e-01 9.970757e-01 9.970767e-01 2.923117e-03 5.831653e-03 5.829642e-03 5.761243e-03 5.764458e-03 5.762748e-03
108 5.892061e-03 5.894729e-03 5.882166e-03 9.970639e-01 9.970626e-01 9.970687e-01 2.936077e-03 5.855020e-03 5.843012e-03 5.774250e-03 5.776836e-03 5.765897e-03
109 3.101110e-03 3.102886e-03 3.098997e-03 9.984534e-01 9.984525e-01 9.984544e-01 1.546607e-03 3.087089e-03 3.083317e-03 3.054254e-03 3.055990e-03 3.052433e-03
110 6.936403e-03 6.939428e-03 6.939803e-03 9.965464e-01 9.965449e-01 9.965447e-01 3.453577e-03 6.881225e-03 6.881689e-03 6.763864e-03 6.766774e-03 6.767403e-03
111 1.242230e-03 1.243109e-03 1.231780e-03 9.993799e-01 9.993795e-01 9.993851e-01 6.200912e-04 1.238881e-03 1.227687e-03 1.229626e-03 1.230493e-03 1.219565e-03
112 1.019018e-04 1.019916e-04 1.015714e-04 9.999491e-01 9.999490e-01 9.999492e-01 5.096535e-05 1.019740e-04 1.015542e-04 1.018491e-04 1.019389e-04 1.015197e-04
113 4.854227e-05 4.856773e-05 4.841987e-05 9.999757e-01 9.999757e-01 9.999758e-01 2.427071e-05 4.856423e-05 4.841643e-05 4.853177e-05 4.855722e-05 4.840955e-05
114 3.583970e-05 3.585283e-05 3.582828e-05 9.999821e-01 9.999821e-01 9.999821e-01 1.791800e-05 3.585135e-05 3.582681e-05 3.583528e-05 3.584840e-05 3.582389e-05
115 9.030368e-05 9.033599e-05 9.048287e-05 9.999549e-01 9.999548e-01 9.999548e-01 4.514531e-05 9.032656e-05 9.047339e-05 9.027539e-05 9.030768e-05 9.045446e-05
116 2.971396e-04 2.972899e-04 2.983073e-04 9.998515e-01 9.998514e-01 9.998509e-01 1.485330e-04 2.971631e-04 2.981783e-04 2.967597e-04 2.969098e-04 2.979206e-04
117 1.044827e-03 1.045367e-03 1.042221e-03 9.994780e-01 9.994777e-01 9.994793e-01 5.220416e-04 1.043868e-03 1.040752e-03 1.040345e-03 1.040881e-03 1.037824e-03
118 2.205154e-03 2.206251e-03 2.200473e-03 9.988991e-01 9.988985e-01 9.989014e-01 1.100926e-03 2.199655e-03 2.194035e-03 2.185476e-03 2.186560e-03 2.181250e-03
