5.091706e+01 0.000000e+00 0.000000e+00 0.000000e+00 0.000000e+00 0.000000e+00 0.000000e+00
1.517521e+02 6.188783e-12 6.193520e-12 6.603990e-12 7.958231e-12 7.947855e-12 7.060192e-11
2.525821e+02 4.100090e-11 4.100196e-11 4.100900e-11 9.844976e-11 9.834238e-11 9.837542e-11
3.534121e+02 5.101712e-11 5.101725e-11 5.101814e-11 1.659319e-10 1.657598e-10 1.658416e-10
4.542421e+02 5.195289e-11 5.195305e-11 5.195353e-11 1.580029e-10 1.578423e-10 1.579159e-10
5.550721e+02 5.690474e-11 5.690498e-11 5.690727e-11 1.545050e-10 1.543512e-10 1.544274e-10
6.559021e+02 5.887233e-11 5.887238e-11 5.887284e-11 1.560429e-10 1.558919e-10 1.559691e-10
7.567321e+02 5.882045e-11 5.882050e-11 5.882005e-11 1.512625e-10 1.511100e-10 1.511838e-10
8.575621e+02 6.001212e-11 6.001217e-11 6.001317e-11 1.492612e-10 1.490982e-10 1.491736e-10
9.583921e+02 6.003822e-11 6.003828e-11 6.003841e-11 1.482810e-10 1.481303e-10 1.482031e-10
1.059222e+03 6.000966e-11 6.000969e-11 6.000990e-11 1.458737e-10 1.457259e-10 1.457980e-10
1.160052e+03 6.057728e-11 6.057730e-11 6.057717e-11 1.445140e-10 1.443675e-10 1.444401e-10
1.260882e+03 6.056468e-11 6.056471e-11 6.056442e-11 1.433245e-10 1.431810e-10 1.432516e-10
1.361712e+03 6.048570e-11 6.048571e-11 6.048568e-11 1.418741e-10 1.417299e-10 1.418009e-10
1.462542e+03 6.060686e-11 6.060687e-11 6.060692e-11 1.410239e-10 1.408802e-10 1.409514e-10
1.563372e+03 6.047250e-11 6.047254e-11 6.047255e-11 1.402289e-10 1.400797e-10 1.401512e-10
1.664202e+03 6.062195e-11 6.062196e-11 6.062224e-11 1.391650e-10 1.390275e-10 1.390979e-10
1.765032e+03 6.067856e-11 6.067857e-11 6.067863e-11 1.385184e-10 1.383791e-10 1.384495e-10
1.865862e+03 6.064301e-11 6.064301e-11 6.064299e-11 1.378729e-10 1.377305e-10 1.378004e-10
1.966692e+03 6.082082e-11 6.082084e-11 6.082023e-11 1.371751e-10 1.370341e-10 1.371040e-10
2.067522e+03 6.119761e-11 6.119762e-11 6.119753e-11 1.363785e-10 1.362360e-10 1.363058e-10
2.168352e+03 6.142859e-11 6.142860e-11 6.142857e-11 1.356075e-10 1.354684e-10 1.355373e-10
2.269182e+03 6.183581e-11 6.183585e-11 6.183619e-11 1.347727e-10 1.346324e-10 1.347013e-10
2.370012e+03 6.228955e-11 6.228965e-11 6.229088e-11 1.336163e-10 1.334814e-10 1.335483e-10
2.470842e+03 6.211568e-11 6.211569e-11 6.211568e-11 1.332977e-10 1.331632e-10 1.332310e-10
2.571672e+03 6.235745e-11 6.235746e-11 6.235743e-11 1.326173e-10 1.324849e-10 1.325524e-10
2.672502e+03 6.255062e-11 6.255062e-11 6.255063e-11 1.319818e-10 1.318472e-10 1.319147e-10
2.773332e+03 6.269638e-11 6.269639e-11 6.269625e-11 1.313691e-10 1.312301e-10 1.312962e-10
2.874162e+03 6.289271e-11 6.289272e-11 6.289280e-11 1.307527e-10 1.306169e-10 1.306837e-10
2.974992e+03 6.302075e-11 6.302076e-11 6.302083e-11 1.301950e-10 1.300581e-10 1.301229e-10
3.075822e+03 6.314162e-11 6.314163e-11 6.314189e-11 1.296652e-10 1.295334e-10 1.295996e-10
3.176652e+03 6.329064e-11 6.329065e-11 6.329095e-11 1.291445e-10 1.290216e-10 1.290877e-10
3.277482e+03 6.345695e-11 6.345696e-11 6.345699e-11 1.285916e-10 1.284531e-10 1.285184e-10
3.378312e+03 6.362375e-11 6.362376e-11 6.362380e-11 1.280493e-10 1.279201e-10 1.279856e-10
3.479142e+03 6.382861e-11 6.382862e-11 6.382870e-11 1.274637e-10 1.273348e-10 1.273989e-10
3.579972e+03 6.401231e-11 6.401232e-11 6.401233e-11 1.268890e-10 1.267656e-10 1.268306e-10
3.680802e+03 6.419290e-11 6.419291e-11 6.419286e-11 1.262984e-10 1.261688e-10 1.262335e-10
3.781632e+03 6.433837e-11 6.433837e-11 6.433810e-11 1.257466e-10 1.256097e-10 1.256744e-10
3.882462e+03 6.446236e-11 6.446237e-11 6.446243e-11 1.252264e-10 1.250974e-10 1.251614e-10
3.983292e+03 6.457412e-11 6.457413e-11 6.457430e-11 1.247328e-10 1.245993e-10 1.246632e-10
4.084122e+03 6.474170e-11 6.474171e-11 6.474194e-11 1.241630e-10 1.240345e-10 1.240984e-10
4.184952e+03 6.482347e-11 6.482348e-11 6.482354e-11 1.236821e-10 1.235552e-10 1.236179e-10
4.285782e+03 6.490061e-11 6.490061e-11 6.490066e-11 1.232226e-10 1.230983e-10 1.231617e-10
4.386612e+03 6.496661e-11 6.496661e-11 6.496664e-11 1.227765e-10 1.226479e-10 1.227088e-10
4.487442e+03 6.499242e-11 6.499243e-11 6.499241e-11 1.223873e-10 1.222592e-10 1.223222e-10
4.588272e+03 6.502516e-11 6.502516e-11 6.502516e-11 1.220020e-10 1.218775e-10 1.219402e-10
4.689102e+03 6.502899e-11 6.502899e-11 6.502900e-11 1.216628e-10 1.215370e-10 1.215997e-10
4.789932e+03 6.502718e-11 6.502718e-11 6.502719e-11 1.213473e-10 1.212238e-10 1.212863e-10
4.890762e+03 6.504079e-11 6.504080e-11 6.504078e-11 1.210287e-10 1.209028e-10 1.209652e-10
4.991592e+03 6.505266e-11 6.505266e-11 6.505269e-11 1.207122e-10 1.205898e-10 1.206516e-10
5.092422e+03 6.507986e-11 6.507986e-11 6.507986e-11 1.203909e-10 1.202697e-10 1.203319e-10
5.193252e+03 6.510854e-11 6.510854e-11 6.510853e-11 1.200676e-10 1.199393e-10 1.199989e-10
5.294082e+03 6.514549e-11 6.514549e-11 6.514550e-11 1.197334e-10 1.196121e-10 1.196739e-10
5.394912e+03 6.514928e-11 6.514928e-11 6.514927e-11 1.194398e-10 1.193144e-10 1.193763e-10
5.495742e+03 6.516936e-11 6.516936e-11 6.516938e-11 1.191482e-10 1.190251e-10 1.190866e-10
5.596572e+03 6.518304e-11 6.518304e-11 6.518305e-11 1.188663e-10 1.187460e-10 1.188069e-10
5.697402e+03 6.523368e-11 6.523368e-11 6.523371e-11 1.185406e-10 1.184158e-10 1.184770e-10
5.798232e+03 6.528898e-11 6.528898e-11 6.528903e-11 1.182057e-10 1.180816e-10 1.181424e-10
5.899062e+03 6.533202e-11 6.533203e-11 6.533201e-11 1.178875e-10 1.177668e-10 1.178278e-10
5.999892e+03 6.538346e-11 6.538346e-11 6.538349e-11 1.175568e-10 1.174356e-10 1.174965e-10
6.100722e+03 6.542390e-11 6.542391e-11 6.542392e-11 1.172469e-10 1.171233e-10 1.171836e-10
6.201552e+03 6.546278e-11 6.546278e-11 6.546279e-11 1.169421e-10 1.168240e-10 1.168846e-10
6.302382e+03 6.550946e-11 6.550947e-11 6.550948e-11 1.166304e-10 1.165047e-10 1.165629e-10
6.403212e+03 6.554174e-11 6.554174e-11 6.554175e-11 1.163374e-10 1.162182e-10 1.162785e-10
6.504042e+03 6.559176e-11 6.559176e-11 6.559178e-11 1.160270e-10 1.159040e-10 1.159637e-10
6.604872e+03 6.562935e-11 6.562936e-11 6.562935e-11 1.157365e-10 1.156200e-10 1.156800e-10
6.705702e+03 6.568503e-11 6.568503e-11 6.568505e-11 1.154250e-10 1.153025e-10 1.153603e-10
6.806532e+03 6.572962e-11 6.572962e-11 6.572964e-11 1.151273e-10 1.150104e-10 1.150700e-10
6.907362e+03 6.577471e-11 6.577471e-11 6.577472e-11 1.148343e-10 1.147125e-10 1.147695e-10
7.008192e+03 6.581907e-11 6.581908e-11 6.581909e-11 1.145445e-10 1.144263e-10 1.144858e-10
7.109022e+03 6.586344e-11 6.586344e-11 6.586346e-11 1.142585e-10 1.141428e-10 1.142021e-10
7.209852e+03 6.589833e-11 6.589833e-11 6.589834e-11 1.139882e-10 1.138658e-10 1.139250e-10
7.310682e+03 6.594603e-11 6.594603e-11 6.594605e-11 1.137058e-10 1.135891e-10 1.136481e-10
7.411512e+03 6.598987e-11 6.598987e-11 6.598989e-11 1.134296e-10 1.133138e-10 1.133729e-10
7.512342e+03 6.603911e-11 6.603911e-11 6.603913e-11 1.131516e-10 1.130296e-10 1.130883e-10
7.613172e+03 6.608218e-11 6.608219e-11 6.608221e-11 1.128833e-10 1.127674e-10 1.128259e-10
7.714002e+03 6.613494e-11 6.613494e-11 6.613496e-11 1.126059e-10 1.124940e-10 1.125525e-10
7.814832e+03 6.617404e-11 6.617404e-11 6.617406e-11 1.123496e-10 1.122285e-10 1.122870e-10
7.915662e+03 6.622523e-11 6.622523e-11 6.622525e-11 1.120809e-10 1.119628e-10 1.120210e-10
8.016492e+03 6.627187e-11 6.627187e-11 6.627188e-11 1.118212e-10 1.117067e-10 1.117647e-10
8.117322e+03 6.632101e-11 6.632101e-11 6.632102e-11 1.115610e-10 1.114469e-10 1.115049e-10
8.218152e+03 6.636517e-11 6.636517e-11 6.636519e-11 1.113117e-10 1.111947e-10 1.112506e-10
8.318982e+03 6.640452e-11 6.640453e-11 6.640454e-11 1.110717e-10 1.109544e-10 1.110123e-10
8.419812e+03 6.646253e-11 6.646253e-11 6.646256e-11 1.108110e-10 1.106920e-10 1.107497e-10
8.520642e+03 6.651773e-11 6.651773e-11 6.651775e-11 1.105551e-10 1.104398e-10 1.104974e-10
8.621472e+03 6.657253e-11 6.657254e-11 6.657255e-11 1.103035e-10 1.101912e-10 1.102486e-10
8.722302e+03 6.663442e-11 6.663442e-11 6.663446e-11 1.100450e-10 1.099339e-10 1.099905e-10
8.823132e+03 6.668498e-11 6.668499e-11 6.668500e-11 1.098058e-10 1.096897e-10 1.097469e-10
8.923962e+03 6.673418e-11 6.673418e-11 6.673420e-11 1.095709e-10 1.094556e-10 1.095127e-10
9.024792e+03 6.678246e-11 6.678247e-11 6.678248e-11 1.093402e-10 1.092260e-10 1.092830e-10
9.125622e+03 6.682949e-11 6.682949e-11 6.682951e-11 1.091146e-10 1.090019e-10 1.090587e-10
9.226452e+03 6.687572e-11 6.687572e-11 6.687574e-11 1.088934e-10 1.087803e-10 1.088371e-10
9.327282e+03 6.692954e-11 6.692955e-11 6.692956e-11 1.086646e-10 1.085512e-10 1.086079e-10
9.428112e+03 6.696716e-11 6.696716e-11 6.696717e-11 1.084604e-10 1.083418e-10 1.083971e-10
9.528942e+03 6.701036e-11 6.701036e-11 6.701038e-11 1.082519e-10 1.081378e-10 1.081939e-10
9.629772e+03 6.706291e-11 6.706292e-11 6.706293e-11 1.080340e-10 1.079204e-10 1.079769e-10
9.730602e+03 6.710586e-11 6.710587e-11 6.710588e-11 1.078311e-10 1.077200e-10 1.077764e-10
9.831432e+03 6.715100e-11 6.715100e-11 6.715101e-11 1.076284e-10 1.075183e-10 1.075746e-10
9.932262e+03 6.720026e-11 6.720026e-11 6.720027e-11 1.074230e-10 1.073103e-10 1.073665e-10
1.003309e+04 6.723997e-11 6.723997e-11 6.723998e-11 1.072328e-10 1.071164e-10 1.071724e-10
1.013392e+04 6.727881e-11 6.727881e-11 6.727883e-11 1.070462e-10 1.069376e-10 1.069937e-10
1.023475e+04 6.732136e-11 6.732136e-11 6.732138e-11 1.068573e-10 1.067475e-10 1.068034e-10
1.033558e+04 6.736783e-11 6.736783e-11 6.736786e-11 1.066659e-10 1.065486e-10 1.066021e-10
1.043641e+04 6.740505e-11 6.740506e-11 6.740507e-11 1.064889e-10 1.063825e-10 1.064381e-10
1.053724e+04 6.744148e-11 6.744148e-11 6.744149e-11 1.063153e-10 1.061996e-10 1.062552e-10
1.063807e+04 6.747858e-11 6.747858e-11 6.747859e-11 1.061432e-10 1.060333e-10 1.060888e-10
1.073890e+04 6.752357e-11 6.752357e-11 6.752359e-11 1.059631e-10 1.058537e-10 1.059091e-10
1.083973e+04 6.756078e-11 6.756078e-11 6.756079e-11 1.057953e-10 1.056821e-10 1.057374e-10
1.094056e+04 6.760303e-11 6.760304e-11 6.760305e-11 1.056233e-10 1.055174e-10 1.055727e-10
1.104139e+04 6.764252e-11 6.764252e-11 6.764253e-11 1.054572e-10 1.053413e-10 1.053957e-10
1.114222e+04 6.767200e-11 6.767200e-11 6.767201e-11 1.053058e-10 1.051948e-10 1.052499e-10
1.124305e+04 6.769694e-11 6.769694e-11 6.769694e-11 1.051621e-10 1.050607e-10 1.051157e-10
1.134388e+04 6.773736e-11 6.773736e-11 6.773737e-11 1.050006e-10 1.048809e-10 1.049360e-10
1.144471e+04 6.777169e-11 6.777169e-11 6.777170e-11 1.048492e-10 1.047427e-10 1.047976e-10
1.154554e+04 6.780282e-11 6.780282e-11 6.780283e-11 1.047037e-10 1.045967e-10 1.046512e-10
1.164637e+04 6.782861e-11 6.782861e-11 6.782863e-11 1.045666e-10 1.044540e-10 1.045088e-10
1.174720e+04 6.783983e-11 6.783983e-11 6.783984e-11 1.044499e-10 1.043392e-10 1.043940e-10
1.184803e+04 6.785689e-11 6.785689e-11 6.785689e-11 1.043273e-10 1.042162e-10 1.042709e-10
1.194911e+04 6.788040e-11 6.788040e-11 6.788040e-11 1.041979e-10 1.040898e-10 1.041444e-10
