0 1.633396e+01 1.634559e+01 1.630561e+01 3.592575e-01 3.591752e-01 3.572715e-01 6.406980e-01 7.016202e-01 7.055376e-01 5.346622e-02 5.345859e-02 5.343378e-02
1 9.109414e+01 9.112945e+01 9.110922e+01 2.668178e-03 2.662847e-03 5.126018e-04 9.973320e-01 9.997798e-01 9.999976e-01 2.183037e-04 2.175893e-04 2.404306e-06
2 1.374028e+02 1.373351e+02 1.373365e+02 3.804580e-03 3.792815e-03 3.109716e-03 9.961965e-01 9.997950e-01 9.999070e-01 2.051982e-04 2.040754e-04 9.288557e-05
3 1.153362e+02 1.155812e+02 1.161431e+02 1.994899e-02 1.990361e-02 1.488714e-02 9.800558e-01 9.955237e-01 9.984215e-01 3.898810e-03 3.887667e-03 1.554243e-03
4 6.278428e+01 6.282441e+01 6.270899e+01 3.064031e-02 3.057323e-02 2.972721e-02 9.693655e-01 9.952258e-01 9.958642e-01 4.567592e-03 4.551327e-03 4.017938e-03
5 2.418927e+01 2.420704e+01 2.418504e+01 8.721116e-02 8.707857e-02 8.479080e-02 9.128037e-01 9.761640e-01 9.788056e-01 2.025575e-02 2.021392e-02 1.903258e-02
6 5.748331e+00 5.752256e+00 5.670650e+00 3.406152e-01 3.403797e-01 3.398261e-01 6.594429e-01 8.029374e-01 8.039857e-01 1.052782e-01 1.052082e-01 1.056447e-01
7 1.395045e+00 1.395884e+00 1.386948e+00 6.654937e-01 6.653408e-01 6.654349e-01 3.345303e-01 4.770088e-01 4.769747e-01 1.553916e-01 1.554027e-01 1.556714e-01
8 6.600133e-01 6.604662e-01 6.582368e-01 8.178421e-01 8.177291e-01 8.179070e-01 1.821855e-01 2.764440e-01 2.762413e-01 1.158563e-01 1.158842e-01 1.159217e-01
9 3.250863e-01 3.253359e-01 3.215829e-01 8.880352e-01 8.879480e-01 8.877044e-01 1.119845e-01 1.846263e-01 1.847969e-01 1.031854e-01 1.032338e-01 1.032708e-01
10 2.140142e-01 2.141591e-01 2.138745e-01 9.119628e-01 9.119036e-01 9.119964e-01 8.805025e-02 1.530275e-01 1.528567e-01 9.608129e-02 9.613029e-02 9.607597e-02
11 5.235813e-01 5.238252e-01 5.231994e-01 8.049192e-01 8.048433e-01 8.047241e-01 1.950784e-01 3.157155e-01 3.159850e-01 1.509551e-01 1.509747e-01 1.510689e-01
12 4.260709e+00 4.263067e+00 4.287828e+00 4.155435e-01 4.153765e-01 4.150414e-01 5.844720e-01 7.337070e-01 7.342244e-01 1.252643e-01 1.252278e-01 1.257188e-01
13 1.459622e+01 1.460354e+01 1.463502e+01 1.124901e-01 1.123957e-01 1.102376e-01 8.875055e-01 9.612196e-01 9.639008e-01 3.028484e-02 3.025367e-02 2.955736e-02
14 2.364903e+01 2.365903e+01 2.360322e+01 4.438408e-02 4.433403e-02 4.242992e-02 9.556215e-01 9.916109e-01 9.927738e-01 7.848970e-03 7.835531e-03 6.894515e-03
15 1.639593e+01 1.640583e+01 1.642826e+01 2.433456e-01 2.431917e-01 2.431298e-01 7.566923e-01 8.547462e-01 8.546399e-01 7.530876e-02 7.526680e-02 7.593241e-02
16 1.305775e+01 1.306332e+01 1.311742e+01 1.389489e-01 1.388619e-01 1.359211e-01 8.610302e-01 9.429762e-01 9.480359e-01 3.764846e-02 3.762326e-02 3.863408e-02
17 1.643311e+01 1.644250e+01 1.638937e+01 8.717133e-02 8.707373e-02 8.539307e-02 9.128459e-01 9.779844e-01 9.796335e-01 1.967188e-02 1.964029e-02 1.863555e-02
18 7.369950e+00 7.374321e+00 7.365332e+00 3.091919e-01 3.090015e-01 3.089065e-01 6.908436e-01 8.284744e-01 8.290229e-01 9.824483e-02 9.818486e-02 9.905141e-02
19 2.690589e+00 2.691957e+00 2.680821e+00 5.589760e-01 5.588188e-01 5.586798e-01 4.410258e-01 5.936829e-01 5.939000e-01 1.502314e-01 1.502273e-01 1.504289e-01
20 9.661571e-01 9.671020e-01 9.587983e-01 7.626337e-01 7.624657e-01 7.622250e-01 2.374237e-01 3.581403e-01 3.586469e-01 1.527360e-01 1.527717e-01 1.532109e-01
21 3.565689e-01 3.568049e-01 3.484659e-01 8.761045e-01 8.760273e-01 8.763760e-01 1.239004e-01 2.071083e-01 2.069247e-01 1.207893e-01 1.208332e-01 1.211147e-01
22 2.009935e-01 2.011097e-01 2.007643e-01 9.101300e-01 9.100775e-01 9.100249e-01 8.988060e-02 1.640110e-01 1.641025e-01 1.177336e-01 1.177854e-01 1.176948e-01
23 8.164976e-02 8.170295e-02 8.120726e-02 9.614619e-01 9.614372e-01 9.615978e-01 3.854055e-02 7.317145e-02 7.295147e-02 6.007426e-02 6.010934e-02 6.007826e-02
24 2.479029e-02 2.480750e-02 2.400547e-02 9.913427e-01 9.913368e-01 9.909439e-01 8.656650e-03 1.448495e-02 1.496544e-02 9.558013e-03 9.562538e-03 9.019743e-03
25 1.428507e-02 1.430112e-02 1.395321e-02 9.940212e-01 9.940139e-01 9.938749e-01 5.981739e-03 1.060171e-02 1.100694e-02 7.549062e-03 7.559104e-03 7.743461e-03
26 1.930508e-03 1.931443e-03 1.929298e-03 9.990360e-01 9.990356e-01 9.990366e-01 9.639284e-04 1.926349e-03 1.924465e-03 1.915321e-03 1.916248e-03 1.914867e-03
27 8.665952e-03 8.671232e-03 8.712718e-03 9.957163e-01 9.957137e-01 9.956910e-01 4.283339e-03 8.478053e-03 8.526480e-03 8.117415e-03 8.122344e-03 8.178267e-03
28 5.599697e-02 5.602506e-02 5.587576e-02 9.729511e-01 9.729378e-01 9.729978e-01 2.704765e-02 5.239096e-02 5.229002e-02 4.625206e-02 4.627325e-02 4.621436e-02
29 2.225521e-01 2.226442e-01 2.229953e-01 9.005231e-01 9.004833e-01 9.003576e-01 9.947766e-02 1.805637e-01 1.807573e-01 1.258876e-01 1.259257e-01 1.260114e-01
30 2.595187e-01 2.596365e-01 2.583234e-01 8.847398e-01 8.846901e-01 8.849549e-01 1.152603e-01 2.076924e-01 2.075040e-01 1.395325e-01 1.395721e-01 1.398352e-01
31 2.909521e-01 2.911129e-01 2.891423e-01 8.767793e-01 8.767121e-01 8.769059e-01 1.232292e-01 2.171010e-01 2.171069e-01 1.394914e-01 1.395394e-01 1.399268e-01
32 7.854452e-01 7.857683e-01 7.863711e-01 7.216229e-01 7.215255e-01 7.213274e-01 2.783788e-01 4.403734e-01 4.407482e-01 1.900787e-01 1.900920e-01 1.905447e-01
33 2.307853e+00 2.309002e+00 2.317469e+00 4.780445e-01 4.778769e-01 4.770875e-01 5.219822e-01 7.007511e-01 7.020597e-01 1.531846e-01 1.531471e-01 1.537287e-01
34 8.031554e+00 8.035191e+00 8.010991e+00 2.382524e-01 2.381486e-01 2.373036e-01 7.617292e-01 8.881327e-01 8.895191e-01 7.636280e-02 7.632511e-02 7.648996e-02
35 1.481700e+01 1.482383e+01 1.481481e+01 1.380512e-01 1.379414e-01 1.358868e-01 8.619538e-01 9.507495e-01 9.528543e-01 3.863672e-02 3.859600e-02 3.777327e-02
36 1.307530e+01 1.308211e+01 1.303523e+01 1.234444e-01 1.233410e-01 1.220179e-01 8.765657e-01 9.550317e-01 9.572673e-01 3.356579e-02 3.353184e-02 3.349557e-02
37 1.067492e+01 1.068080e+01 1.073620e+01 2.232004e-01 2.230473e-01 2.202102e-01 7.768085e-01 8.924215e-01 8.969006e-01 6.956295e-02 6.951092e-02 7.062279e-02
38 1.529313e+01 1.529941e+01 1.527674e+01 1.032870e-01 1.031972e-01 1.005477e-01 8.967206e-01 9.692514e-01 9.720113e-01 2.585444e-02 2.582322e-02 2.453501e-02
39 6.169213e+00 6.173936e+00 6.119394e+00 3.046783e-01 3.044875e-01 3.034697e-01 6.953593e-01 8.332914e-01 8.355096e-01 9.326661e-02 9.320851e-02 9.474315e-02
40 5.861861e-01 5.865868e-01 5.828632e-01 7.935504e-01 7.934318e-01 7.934434e-01 2.064747e-01 3.281673e-01 3.283238e-01 1.468315e-01 1.468535e-01 1.472581e-01
41 9.762152e-02 9.770014e-02 9.752880e-02 9.542607e-01 9.542257e-01 9.542815e-01 4.575252e-02 8.626402e-02 8.619104e-02 6.897526e-02 6.901573e-02 6.902885e-02
42 4.683836e-02 4.686492e-02 4.703151e-02 9.774427e-01 9.774301e-01 9.773650e-01 2.255762e-02 4.356855e-02 4.367071e-02 3.802899e-02 3.804874e-02 3.807359e-02
43 1.680725e-02 1.681391e-02 1.679381e-02 9.916870e-01 9.916837e-01 9.916932e-01 8.312508e-03 1.645548e-02 1.643739e-02 1.576532e-02 1.577144e-02 1.575687e-02
44 5.609687e-03 5.614211e-03 5.640218e-03 9.972088e-01 9.972065e-01 9.971938e-01 2.791876e-03 5.560054e-03 5.584899e-03 5.450326e-03 5.454683e-03 5.477317e-03
45 2.489107e-03 2.489933e-03 2.490204e-03 9.987574e-01 9.987570e-01 9.987569e-01 1.242359e-03 2.482044e-03 2.482350e-03 2.465562e-03 2.466386e-03 2.466758e-03
46 2.921136e-03 2.922865e-03 2.923077e-03 9.985420e-01 9.985411e-01 9.985410e-01 1.458208e-03 2.912689e-03 2.912877e-03 2.890804e-03 2.892505e-03 2.892643e-03
47 7.077289e-03 7.080503e-03 7.088228e-03 9.964761e-01 9.964745e-01 9.964706e-01 3.523956e-03 7.021956e-03 7.029645e-03 6.903928e-03 6.907035e-03 6.914651e-03
48 2.789384e-02 2.791099e-02 2.783899e-02 9.863683e-01 9.863600e-01 9.863817e-01 1.363167e-02 2.669190e-02 2.666852e-02 2.454098e-02 2.455573e-02 2.457841e-02
49 1.784476e-01 1.785536e-01 1.771655e-01 9.213587e-01 9.213131e-01 9.215236e-01 7.864153e-02 1.426088e-01 1.424305e-01 1.016724e-01 1.017167e-01 1.018280e-01
50 8.804704e-01 8.809053e-01 8.851912e-01 7.207738e-01 7.206617e-01 7.206957e-01 2.792318e-01 4.310180e-01 4.311633e-01 1.774917e-01 1.775022e-01 1.779836e-01
51 1.448968e+00 1.449561e+00 1.460102e+00 6.257759e-01 6.256700e-01 6.252196e-01 3.742122e-01 5.331568e-01 5.339512e-01 1.646242e-01 1.646324e-01 1.652288e-01
52 1.030397e+00 1.030347e+00 1.028782e+00 6.922370e-01 6.921169e-01 6.918333e-01 3.077654e-01 4.600502e-01 4.604390e-01 1.715002e-01 1.715149e-01 1.718721e-01
53 1.900701e+00 1.902231e+00 1.901527e+00 5.472651e-01 5.470988e-01 5.463108e-01 4.527602e-01 6.316205e-01 6.330434e-01 1.666885e-01 1.666608e-01 1.676095e-01
54 1.640182e+00 1.641196e+00 1.637632e+00 6.076270e-01 6.074540e-01 6.072654e-01 3.924303e-01 5.511357e-01 5.513633e-01 1.620893e-01 1.620711e-01 1.620756e-01
55 6.877261e-01 6.880696e-01 6.875110e-01 7.629650e-01 7.628598e-01 7.627445e-01 2.370560e-01 3.698134e-01 3.700782e-01 1.560726e-01 1.561025e-01 1.562240e-01
56 1.131773e-01 1.132357e-01 1.128300e-01 9.476549e-01 9.476286e-01 9.477412e-01 5.234654e-02 9.766578e-02 9.754472e-02 7.532934e-02 7.536215e-02 7.543026e-02
57 1.459379e-02 1.460338e-02 1.455539e-02 9.927760e-01 9.927713e-01 9.927936e-01 7.225071e-03 1.431495e-02 1.427332e-02 1.375529e-02 1.376412e-02 1.373349e-02
58 6.236015e-03 6.239416e-03 6.231868e-03 9.968978e-01 9.968961e-01 9.968997e-01 3.102256e-03 6.176650e-03 6.169518e-03 6.050737e-03 6.053997e-03 6.047655e-03
59 3.502138e-03 3.503655e-03 3.499272e-03 9.982540e-01 9.982532e-01 9.982554e-01 1.745848e-03 3.483422e-03 3.479265e-03 3.442052e-03 3.443534e-03 3.439814e-03
60 1.396373e-03 1.397421e-03 1.394134e-03 9.993028e-01 9.993023e-01 9.993039e-01 6.973253e-04 1.393494e-03 1.390287e-03 1.384658e-03 1.385697e-03 1.382648e-03
61 6.107733e-04 6.111351e-04 6.117276e-04 9.996947e-01 9.996946e-01 9.996943e-01 3.052891e-04 6.106157e-04 6.112028e-04 6.092182e-04 6.095789e-04 6.101554e-04
62 9.914044e-04 9.918934e-04 9.901319e-04 9.995046e-01 9.995043e-01 9.995052e-01 4.954254e-04 9.908037e-04 9.890553e-04 9.881431e-04 9.886297e-04 9.869074e-04
63 3.779035e-03 3.781013e-03 3.813098e-03 9.981164e-01 9.981154e-01 9.980994e-01 1.883480e-03 3.757640e-03 3.789399e-03 3.710255e-03 3.712181e-03 3.743144e-03
64 1.279965e-02 1.280573e-02 1.280446e-02 9.936398e-01 9.936368e-01 9.936371e-01 6.360047e-03 1.264800e-02 1.264815e-02 1.233528e-02 1.234103e-02 1.234365e-02
65 4.261170e-02 4.263058e-02 4.254267e-02 9.791285e-01 9.791193e-01 9.791509e-01 2.087087e-02 4.093313e-02 4.089075e-02 3.782607e-02 3.784178e-02 3.786248e-02
66 1.109480e-01 1.109921e-01 1.113262e-01 9.473957e-01 9.473754e-01 9.472292e-01 5.260322e-02 1.001201e-01 1.003817e-01 8.253977e-02 8.256686e-02 8.275041e-02
67 1.628671e-01 1.629347e-01 1.633103e-01 9.237797e-01 9.237489e-01 9.235764e-01 7.622274e-02 1.433043e-01 1.436255e-01 1.123450e-01 1.123831e-01 1.126373e-01
68 3.760564e-01 3.761915e-01 3.750146e-01 8.419295e-01 8.418795e-01 8.421032e-01 1.580630e-01 2.740412e-01 2.738382e-01 1.616130e-01 1.616365e-01 1.617685e-01
69 8.137552e-01 8.141620e-01 8.179503e-01 7.241454e-01 7.240332e-01 7.231634e-01 2.758653e-01 4.321527e-01 4.335435e-01 1.832860e-01 1.833038e-01 1.844239e-01
70 9.684633e-01 9.688793e-01 9.686332e-01 6.928365e-01 6.927337e-01 6.924887e-01 3.071685e-01 4.716100e-01 4.719751e-01 1.878652e-01 1.878737e-01 1.880539e-01
71 1.133383e+00 1.133908e+00 1.130972e+00 6.634326e-01 6.633089e-01 6.631970e-01 3.365888e-01 4.977222e-01 4.979393e-01 1.729154e-01 1.729226e-01 1.732061e-01
72 9.832041e-01 9.835898e-01 9.836310e-01 6.789073e-01 6.788131e-01 6.783331e-01 3.210837e-01 4.953519e-01 4.960983e-01 1.962701e-01 1.962719e-01 1.968124e-01
73 1.243832e+00 1.244402e+00 1.240156e+00 6.405049e-01 6.403840e-01 6.402064e-01 3.595019e-01 5.207975e-01 5.215062e-01 1.671890e-01 1.671925e-01 1.680498e-01
74 2.261499e-01 2.264281e-01 2.314500e-01 9.358342e-01 9.357524e-01 9.354841e-01 6.419794e-02 1.102975e-01 1.105612e-01 7.201236e-02 7.206566e-02 7.210612e-02
75 1.208943e-02 1.209593e-02 1.205614e-02 9.939997e-01 9.939965e-01 9.940148e-01 6.000427e-03 1.191971e-02 1.188597e-02 1.157465e-02 1.158080e-02 1.155727e-02
76 9.513734e-03 9.518189e-03 9.510021e-03 9.952673e-01 9.952651e-01 9.952691e-01 4.732724e-03 9.421890e-03 9.414158e-03 9.229090e-03 9.233378e-03 9.226476e-03
77 2.784898e-03 2.786383e-03 2.790180e-03 9.986098e-01 9.986091e-01 9.986072e-01 1.390221e-03 2.777326e-03 2.781116e-03 2.757876e-03 2.759342e-03 2.763118e-03
78 6.551146e-04 6.554879e-04 6.582534e-04 9.996726e-01 9.996724e-01 9.996710e-01 3.274116e-04 6.548801e-04 6.576515e-04 6.532957e-04 6.536677e-04 6.564504e-04
79 6.940815e-04 6.943546e-04 6.936953e-04 9.996531e-01 9.996529e-01 9.996533e-01 3.469246e-04 6.938954e-04 6.932380e-04 6.927060e-04 6.929782e-04 6.923247e-04
80 1.401939e-03 1.402510e-03 1.404155e-03 9.992995e-01 9.992993e-01 9.992984e-01 7.004250e-04 1.400455e-03 1.402089e-03 1.395792e-03 1.396359e-03 1.397970e-03
81 2.451646e-03 2.452615e-03 2.460223e-03 9.987758e-01 9.987753e-01 9.987715e-01 1.224228e-03 2.446303e-03 2.453864e-03 2.432791e-03 2.433749e-03 2.441217e-03
82 3.525170e-03 3.526590e-03 3.506410e-03 9.982404e-01 9.982397e-01 9.982497e-01 1.759456e-03 3.514475e-03 3.494913e-03 3.489039e-03 3.490439e-03 3.472076e-03
83 9.367742e-03 9.372557e-03 9.282251e-03 9.953427e-01 9.953403e-01 9.953835e-01 4.657356e-03 9.267116e-03 9.184301e-03 9.058558e-03 9.063166e-03 8.993846e-03
84 3.291177e-02 3.292061e-02 3.285978e-02 9.838364e-01 9.838320e-01 9.838602e-01 1.616142e-02 3.177475e-02 3.172239e-02 2.965246e-02 2.966022e-02 2.962198e-02
85 6.566000e-02 6.569263e-02 6.565646e-02 9.686091e-01 9.685937e-01 9.686134e-01 3.139319e-02 6.023113e-02 6.019117e-02 5.133598e-02 5.135976e-02 5.132799e-02
86 6.351660e-02 6.354300e-02 6.345315e-02 9.697439e-01 9.697316e-01 9.697668e-01 3.025557e-02 5.786844e-02 5.781526e-02 4.879896e-02 4.881685e-02 4.881912e-02
87 9.151517e-02 9.155979e-02 9.135894e-02 9.573573e-01 9.573372e-01 9.574118e-01 4.264382e-02 7.999626e-02 7.988843e-02 6.274459e-02 6.276967e-02 6.278007e-02
88 1.001639e-01 1.002007e-01 1.002313e-01 9.531699e-01 9.531535e-01 9.531418e-01 4.682633e-02 8.808538e-02 8.810052e-02 6.974268e-02 6.976243e-02 6.974952e-02
89 5.261888e-02 5.265208e-02 5.248042e-02 9.745160e-01 9.745002e-01 9.745742e-01 2.548828e-02 4.945837e-02 4.933105e-02 4.385349e-02 4.387856e-02 4.381838e-02
90 7.046310e-03 7.050362e-03 7.020276e-03 9.964915e-01 9.964895e-01 9.965041e-01 3.508791e-03 6.991990e-03 6.963486e-03 6.873775e-03 6.877681e-03 6.852131e-03
91 1.086483e-03 1.086980e-03 1.089038e-03 9.994571e-01 9.994568e-01 9.994558e-01 5.429270e-04 1.085664e-03 1.087716e-03 1.082542e-03 1.083037e-03 1.085078e-03
92 7.087331e-04 7.091192e-04 7.069716e-04 9.996458e-01 9.996456e-01 9.996467e-01 3.541747e-04 7.083273e-04 7.061962e-04 7.063639e-04 7.067483e-04 7.046497e-04
93 3.116066e-04 3.117623e-04 3.115968e-04 9.998442e-01 9.998442e-01 9.998442e-01 1.557680e-04 3.116239e-04 3.114586e-04 3.111923e-04 3.113476e-04 3.111824e-04
94 1.169251e-04 1.169844e-04 1.170086e-04 9.999415e-01 9.999415e-01 9.999415e-01 5.846175e-05 1.169694e-04 1.169935e-04 1.168802e-04 1.169394e-04 1.169633e-04
95 5.002422e-05 5.005007e-05 5.010637e-05 9.999750e-01 9.999750e-01 9.999749e-01 2.501157e-05 5.004721e-05 5.010350e-05 5.001562e-05 5.004147e-05 5.009777e-05
96 9.854729e-05 9.859320e-05 9.878366e-05 9.999507e-01 9.999507e-01 9.999506e-01 4.927092e-05 9.858258e-05 9.877308e-05 9.851546e-05 9.856135e-05 9.875191e-05
97 1.968272e-04 1.969166e-04 1.968140e-04 9.999016e-01 9.999016e-01 9.999016e-01 9.840141e-05 1.968797e-04 1.967777e-04 1.967166e-04 1.968060e-04 1.967052e-04
98 6.145283e-04 6.147896e-04 6.141575e-04 9.996928e-01 9.996927e-01 9.996930e-01 3.071605e-04 6.144242e-04 6.137969e-04 6.134335e-04 6.136942e-04 6.130766e-04
99 2.169242e-03 2.170041e-03 2.167524e-03 9.989165e-01 9.989161e-01 9.989174e-01 1.083450e-03 2.165479e-03 2.163012e-03 2.155610e-03 2.156401e-03 2.154031e-03
100 5.628211e-03 5.629962e-03 5.642483e-03 9.971923e-01 9.971915e-01 9.971852e-01 2.807447e-03 5.604215e-03 5.616678e-03 5.551468e-03 5.553181e-03 5.565531e-03
101 1.113480e-02 1.113977e-02 1.119013e-02 9.944672e-01 9.944647e-01 9.944401e-01 5.532809e-03 1.100253e-02 1.105080e-02 1.073237e-02 1.073707e-02 1.078138e-02
102 1.981891e-02 1.982716e-02 1.976206e-02 9.902305e-01 9.902264e-01 9.902562e-01 9.768763e-03 1.927775e-02 1.922334e-02 1.825213e-02 1.825933e-02 1.822288e-02
103 3.874824e-02 3.876620e-02 3.895621e-02 9.810648e-01 9.810561e-01 9.809716e-01 1.893600e-02 3.705831e-02 3.720877e-02 3.398534e-02 3.400036e-02 3.409103e-02
104 3.842446e-02 3.843693e-02 3.860435e-02 9.812626e-01 9.812566e-01 9.811796e-01 1.873562e-02 3.659104e-02 3.673269e-02 3.328939e-02 3.329935e-02 3.339857e-02
105 3.104430e-02 3.105846e-02 3.103797e-02 9.847824e-01 9.847756e-01 9.847818e-01 1.521802e-02 2.986809e-02 2.986238e-02 2.769010e-02 2.770192e-02 2.771746e-02
106 6.038701e-02 6.041423e-02 6.038158e-02 9.706935e-01 9.706804e-01 9.706896e-01 2.930793e-02 5.696866e-02 5.696203e-02 5.082571e-02 5.084679e-02 5.087555e-02
107 5.735735e-03 5.738960e-03 5.736231e-03 9.971403e-01 9.971387e-01 9.971400e-01 2.860174e-03 5.706457e-03 5.703816e-03 5.639129e-03 5.642265e-03 5.639798e-03
108 5.569196e-03 5.571759e-03 5.557199e-03 9.972243e-01 9.972230e-01 9.972302e-01 2.775700e-03 5.536244e-03 5.522322e-03 5.463774e-03 5.466263e-03 5.453572e-03
109 2.904535e-03 2.906197e-03 2.902217e-03 9.985512e-01 9.985504e-01 9.985523e-01 1.448831e-03 2.892446e-03 2.888641e-03 2.863723e-03 2.865352e-03 2.861871e-03
110 6.575709e-03 6.578557e-03 6.584742e-03 9.967253e-01 9.967239e-01 9.967208e-01 3.274640e-03 6.525968e-03 6.532088e-03 6.419731e-03 6.422478e-03 6.428466e-03
111 1.237325e-03 1.238209e-03 1.229087e-03 9.993824e-01 9.993819e-01 9.993865e-01 6.176445e-04 1.234008e-03 1.225007e-03 1.224801e-03 1.225672e-03 1.216910e-03
112 9.798884e-05 9.807579e-05 9.743072e-05 9.999510e-01 9.999510e-01 9.999513e-01 4.900863e-05 9.805937e-05 9.741469e-05 9.793967e-05 9.802654e-05 9.738265e-05
113 4.819144e-05 4.821670e-05 4.815993e-05 9.999759e-01 9.999759e-01 9.999759e-01 2.409527e-05 4.821322e-05 4.815649e-05 4.818101e-05 4.820626e-05 4.814961e-05
114 3.588741e-05 3.590047e-05 3.594187e-05 9.999821e-01 9.999821e-01 9.999820e-01 1.794191e-05 3.589900e-05 3.594040e-05 3.588299e-05 3.589604e-05 3.593745e-05
115 8.809285e-05 8.812525e-05 8.844667e-05 9.999560e-01 9.999559e-01 9.999558e-01 4.404015e-05 8.811622e-05 8.843756e-05 8.806577e-05 8.809816e-05 8.841935e-05
116 3.057477e-04 3.059042e-04 3.077257e-04 9.998472e-01 9.998471e-01 9.998462e-01 1.528337e-04 3.057654e-04 3.075830e-04 3.053320e-04 3.054882e-04 3.072981e-04
117 1.056272e-03 1.056816e-03 1.053685e-03 9.994722e-01 9.994720e-01 9.994735e-01 5.277571e-04 1.055289e-03 1.052188e-03 1.051705e-03 1.052246e-03 1.049204e-03
118 2.133578e-03 2.134644e-03 2.130789e-03 9.989347e-01 9.989342e-01 9.989361e-01 1.065252e-03 2.128505e-03 2.124813e-03 2.115259e-03 2.116312e-03 2.112939e-03
