0 1.351382e+01 1.352364e+01 1.351778e+01 3.806224e-01 3.805346e-01 3.796874e-01 6.193340e-01 6.828012e-01 6.857902e-01 5.550040e-02 5.549310e-02 5.627195e-02
1 7.900687e+01 7.903822e+01 7.910209e+01 3.743668e-03 3.736715e-03 9.041234e-04 9.962566e-01 9.996091e-01 9.999928e-01 3.842521e-04 3.831400e-04 7.202400e-06
2 1.230544e+02 1.229926e+02 1.223126e+02 3.899660e-03 3.887655e-03 2.854182e-03 9.961017e-01 9.997765e-01 9.999219e-01 2.233809e-04 2.221905e-04 7.804431e-05
3 1.080951e+02 1.083172e+02 1.087305e+02 1.859885e-02 1.855573e-02 1.249913e-02 9.814060e-01 9.958574e-01 9.989747e-01 3.569234e-03 3.559384e-03 1.015372e-03
4 6.340977e+01 6.345054e+01 6.339137e+01 2.554790e-02 2.548862e-02 2.431807e-02 9.744579e-01 9.965297e-01 9.970847e-01 3.360784e-03 3.347731e-03 2.853779e-03
5 2.695133e+01 2.697087e+01 2.688255e+01 7.447612e-02 7.435679e-02 7.052123e-02 9.255360e-01 9.810261e-01 9.846036e-01 1.629474e-02 1.625893e-02 1.421000e-02
6 6.944679e+00 6.949610e+00 6.830839e+00 2.965147e-01 2.962796e-01 2.955435e-01 7.035408e-01 8.379058e-01 8.389814e-01 9.203258e-02 9.195928e-02 9.217553e-02
7 1.589105e+00 1.590042e+00 1.578274e+00 6.358260e-01 6.356619e-01 6.356273e-01 3.642050e-01 5.101274e-01 5.105011e-01 1.543378e-01 1.543402e-01 1.551139e-01
8 7.883226e-01 7.888916e-01 7.822735e-01 7.974472e-01 7.973190e-01 7.977889e-01 2.025827e-01 3.027005e-01 3.021100e-01 1.205166e-01 1.205429e-01 1.205446e-01
9 4.010039e-01 4.013143e-01 3.920681e-01 8.709907e-01 8.708908e-01 8.710854e-01 1.290320e-01 2.090108e-01 2.087164e-01 1.111070e-01 1.111567e-01 1.111820e-01
10 2.530366e-01 2.532116e-01 2.516509e-01 8.997696e-01 8.997005e-01 8.999580e-01 1.002471e-01 1.713486e-01 1.711194e-01 1.029218e-01 1.029740e-01 1.031481e-01
11 6.284504e-01 6.287500e-01 6.275586e-01 7.750327e-01 7.749448e-01 7.749806e-01 2.249666e-01 3.562231e-01 3.562571e-01 1.572529e-01 1.572677e-01 1.573235e-01
12 4.649652e+00 4.652257e+00 4.661641e+00 3.860420e-01 3.858687e-01 3.857594e-01 6.139779e-01 7.631060e-01 7.633680e-01 1.194159e-01 1.193725e-01 1.199168e-01
13 1.406410e+01 1.407111e+01 1.411710e+01 1.112566e-01 1.111629e-01 1.095033e-01 8.887399e-01 9.620117e-01 9.642847e-01 2.986299e-02 2.983235e-02 2.932811e-02
14 2.195158e+01 2.196093e+01 2.195027e+01 4.624774e-02 4.619639e-02 4.389694e-02 9.537587e-01 9.910156e-01 9.923502e-01 8.355028e-03 8.341101e-03 7.279349e-03
15 1.463443e+01 1.464319e+01 1.465410e+01 2.554110e-01 2.552533e-01 2.550351e-01 7.446284e-01 8.465681e-01 8.463385e-01 7.887905e-02 7.883651e-02 7.915432e-02
16 1.142606e+01 1.143089e+01 1.148773e+01 1.554994e-01 1.554022e-01 1.519820e-01 8.444813e-01 9.339851e-01 9.393470e-01 4.233215e-02 4.230317e-02 4.358596e-02
17 1.491874e+01 1.492747e+01 1.486894e+01 9.737569e-02 9.727166e-02 9.594202e-02 9.026430e-01 9.737673e-01 9.752087e-01 2.310902e-02 2.307415e-02 2.230185e-02
18 7.125467e+00 7.129675e+00 7.105835e+00 3.095270e-01 3.093308e-01 3.088830e-01 6.905117e-01 8.298698e-01 8.309223e-01 9.835665e-02 9.829321e-02 9.918378e-02
19 2.628765e+00 2.630100e+00 2.613332e+00 5.513365e-01 5.511784e-01 5.511943e-01 4.486690e-01 6.031587e-01 6.032592e-01 1.501627e-01 1.501559e-01 1.505760e-01
20 9.640916e-01 9.649958e-01 9.584453e-01 7.573490e-01 7.571786e-01 7.572908e-01 2.427092e-01 3.670569e-01 3.672402e-01 1.559768e-01 1.560112e-01 1.566490e-01
21 3.707002e-01 3.709399e-01 3.638887e-01 8.710047e-01 8.709243e-01 8.707221e-01 1.290006e-01 2.154346e-01 2.160601e-01 1.247458e-01 1.247901e-01 1.252548e-01
22 2.234685e-01 2.235946e-01 2.228871e-01 9.011195e-01 9.010627e-01 9.010736e-01 9.889238e-02 1.791303e-01 1.791679e-01 1.253972e-01 1.254499e-01 1.253897e-01
23 9.769128e-02 9.775484e-02 9.715813e-02 9.542651e-01 9.542358e-01 9.544140e-01 4.573788e-02 8.623486e-02 8.601132e-02 6.903077e-02 6.907022e-02 6.907849e-02
24 3.209718e-02 3.211985e-02 3.085511e-02 9.896848e-01 9.896777e-01 9.891822e-01 1.031436e-02 1.708048e-02 1.745985e-02 1.119330e-02 1.119876e-02 1.049662e-02
25 1.768539e-02 1.770606e-02 1.714131e-02 9.929162e-01 9.929070e-01 9.927091e-01 7.087660e-03 1.235263e-02 1.284626e-02 8.579554e-03 8.591257e-03 8.652004e-03
26 2.327456e-03 2.328604e-03 2.316413e-03 9.988382e-01 9.988376e-01 9.988436e-01 1.161741e-03 2.320944e-03 2.309293e-03 2.304654e-03 2.305789e-03 2.295175e-03
27 1.066838e-02 1.067483e-02 1.071991e-02 9.947377e-01 9.947345e-01 9.947093e-01 5.261863e-03 1.039378e-02 1.044828e-02 9.875687e-03 9.881658e-03 9.945391e-03
28 6.325754e-02 6.328835e-02 6.324794e-02 9.695021e-01 9.694874e-01 9.694929e-01 3.049664e-02 5.896059e-02 5.896816e-02 5.165250e-02 5.167537e-02 5.171819e-02
29 2.252910e-01 2.253847e-01 2.253162e-01 8.989566e-01 8.989156e-01 8.988953e-01 1.010447e-01 1.838005e-01 1.838885e-01 1.288289e-01 1.288690e-01 1.290180e-01
30 2.588944e-01 2.590139e-01 2.588540e-01 8.851466e-01 8.850954e-01 8.850032e-01 1.148544e-01 2.069700e-01 2.072381e-01 1.394871e-01 1.395285e-01 1.398073e-01
31 3.064316e-01 3.066044e-01 3.045890e-01 8.717684e-01 8.716969e-01 8.719657e-01 1.282417e-01 2.246468e-01 2.244584e-01 1.421920e-01 1.422413e-01 1.424275e-01
32 8.536182e-01 8.539692e-01 8.545873e-01 7.043047e-01 7.042013e-01 7.035541e-01 2.956992e-01 4.621887e-01 4.632271e-01 1.905631e-01 1.905717e-01 1.911526e-01
33 2.516474e+00 2.517749e+00 2.525303e+00 4.586607e-01 4.584891e-01 4.575658e-01 5.413673e-01 7.189690e-01 7.208202e-01 1.485349e-01 1.484929e-01 1.495180e-01
34 8.074319e+00 8.077922e+00 8.062922e+00 2.365660e-01 2.364603e-01 2.357799e-01 7.634186e-01 8.901906e-01 8.910930e-01 7.603738e-02 7.599875e-02 7.609442e-02
35 1.355721e+01 1.356352e+01 1.358822e+01 1.507022e-01 1.505856e-01 1.487008e-01 8.493039e-01 9.443422e-01 9.464721e-01 4.296317e-02 4.291966e-02 4.223101e-02
36 1.201722e+01 1.202347e+01 1.203649e+01 1.311082e-01 1.309996e-01 1.290122e-01 8.689037e-01 9.513471e-01 9.542120e-01 3.565858e-02 3.562313e-02 3.557964e-02
37 9.281127e+00 9.286303e+00 9.335612e+00 2.448810e-01 2.447180e-01 2.421410e-01 7.551295e-01 8.795564e-01 8.834275e-01 7.706697e-02 7.701159e-02 7.811370e-02
38 1.364003e+01 1.364576e+01 1.361387e+01 1.165266e-01 1.164281e-01 1.132100e-01 8.834829e-01 9.634717e-01 9.668560e-01 3.020607e-02 3.017123e-02 2.866286e-02
39 6.080199e+00 6.084747e+00 6.042910e+00 3.016241e-01 3.014335e-01 2.999069e-01 6.984140e-01 8.370021e-01 8.398095e-01 9.254366e-02 9.248462e-02 9.389759e-02
40 6.517833e-01 6.522335e-01 6.503036e-01 7.776477e-01 7.775184e-01 7.773089e-01 2.223808e-01 3.488711e-01 3.492533e-01 1.492655e-01 1.492856e-01 1.495447e-01
41 9.900610e-02 9.908385e-02 9.884656e-02 9.535542e-01 9.535194e-01 9.536009e-01 4.645825e-02 8.767871e-02 8.756727e-02 7.030679e-02 7.034815e-02 7.036564e-02
42 4.879475e-02 4.882228e-02 4.895014e-02 9.765148e-01 9.765017e-01 9.764519e-01 2.348562e-02 4.533534e-02 4.541377e-02 3.948535e-02 3.950585e-02 3.952900e-02
43 1.884292e-02 1.884994e-02 1.883026e-02 9.906896e-01 9.906861e-01 9.906959e-01 9.309723e-03 1.841116e-02 1.839192e-02 1.757037e-02 1.757679e-02 1.755855e-02
44 6.395505e-03 6.400957e-03 6.396042e-03 9.968199e-01 9.968172e-01 9.968196e-01 3.180946e-03 6.330752e-03 6.325917e-03 6.189305e-03 6.194516e-03 6.189796e-03
45 2.748332e-03 2.749174e-03 2.743316e-03 9.986284e-01 9.986280e-01 9.986309e-01 1.371323e-03 2.738974e-03 2.733174e-03 2.717916e-03 2.718760e-03 2.713072e-03
46 3.293156e-03 3.295231e-03 3.302749e-03 9.983567e-01 9.983557e-01 9.983520e-01 1.643554e-03 3.282094e-03 3.289422e-03 3.254029e-03 3.256064e-03 3.263024e-03
47 7.672687e-03 7.676246e-03 7.670282e-03 9.961807e-01 9.961789e-01 9.961818e-01 3.819351e-03 7.608462e-03 7.602890e-03 7.472117e-03 7.475554e-03 7.470722e-03
48 3.266256e-02 3.268306e-02 3.272290e-02 9.841323e-01 9.841223e-01 9.840902e-01 1.586780e-02 3.090719e-02 3.098428e-02 2.788349e-02 2.790063e-02 2.798854e-02
49 2.055222e-01 2.056440e-01 2.054694e-01 9.105500e-01 9.104986e-01 9.103942e-01 8.945055e-02 1.607523e-01 1.609300e-01 1.109469e-01 1.109929e-01 1.110426e-01
50 8.922726e-01 8.927115e-01 8.972829e-01 7.151633e-01 7.150479e-01 7.148095e-01 2.848449e-01 4.395378e-01 4.400214e-01 1.798302e-01 1.798405e-01 1.804010e-01
51 1.320375e+00 1.320931e+00 1.327487e+00 6.447362e-01 6.446300e-01 6.443081e-01 3.552543e-01 5.118612e-01 5.124966e-01 1.649131e-01 1.649234e-01 1.651399e-01
52 9.288026e-01 9.287593e-01 9.250297e-01 7.085080e-01 7.083942e-01 7.083764e-01 2.914924e-01 4.423077e-01 4.426490e-01 1.725481e-01 1.725666e-01 1.732215e-01
53 1.733669e+00 1.735056e+00 1.736806e+00 5.657037e-01 5.655364e-01 5.648346e-01 4.343254e-01 6.138250e-01 6.151818e-01 1.712884e-01 1.712639e-01 1.723854e-01
54 1.501585e+00 1.502506e+00 1.497074e+00 6.245187e-01 6.243480e-01 6.246538e-01 3.755378e-01 5.330621e-01 5.327749e-01 1.634430e-01 1.634282e-01 1.635490e-01
55 6.870091e-01 6.873514e-01 6.866173e-01 7.617263e-01 7.616201e-01 7.615021e-01 2.382956e-01 3.724147e-01 3.726454e-01 1.577079e-01 1.577378e-01 1.578386e-01
56 1.257407e-01 1.258052e-01 1.256004e-01 9.422732e-01 9.422444e-01 9.422877e-01 5.772847e-02 1.070581e-01 1.070335e-01 8.081517e-02 8.084988e-02 8.092305e-02
57 1.578519e-02 1.579565e-02 1.573889e-02 9.921905e-01 9.921853e-01 9.922123e-01 7.810691e-03 1.546699e-02 1.541561e-02 1.483073e-02 1.484032e-02 1.479865e-02
58 6.285760e-03 6.289193e-03 6.263276e-03 9.968727e-01 9.968710e-01 9.968838e-01 3.127325e-03 6.227199e-03 6.202002e-03 6.102700e-03 6.105996e-03 6.082182e-03
59 3.694733e-03 3.696293e-03 3.706884e-03 9.981582e-01 9.981574e-01 9.981522e-01 1.841602e-03 3.674035e-03 3.684562e-03 3.628656e-03 3.630179e-03 3.640578e-03
60 1.549964e-03 1.551160e-03 1.552266e-03 9.992262e-01 9.992256e-01 9.992251e-01 7.739280e-04 1.546350e-03 1.547502e-03 1.535621e-03 1.536806e-03 1.538046e-03
61 7.105512e-04 7.109734e-04 7.101597e-04 9.996449e-01 9.996447e-01 9.996451e-01 3.551319e-04 7.102508e-04 7.094388e-04 7.083883e-04 7.088090e-04 7.080005e-04
62 1.163369e-03 1.163951e-03 1.160928e-03 9.994187e-01 9.994184e-01 9.994199e-01 5.812971e-04 1.162422e-03 1.159418e-03 1.158792e-03 1.159371e-03 1.156405e-03
63 4.372899e-03 4.375231e-03 4.395927e-03 9.978216e-01 9.978205e-01 9.978101e-01 2.178205e-03 4.343172e-03 4.363908e-03 4.278869e-03 4.281132e-03 4.301677e-03
64 1.460674e-02 1.461368e-02 1.459097e-02 9.927492e-01 9.927457e-01 9.927563e-01 7.250722e-03 1.440503e-02 1.438527e-02 1.399425e-02 1.400077e-02 1.398623e-02
65 4.574719e-02 4.576701e-02 4.568284e-02 9.776153e-01 9.776057e-01 9.776358e-01 2.238391e-02 4.385677e-02 4.381651e-02 4.036574e-02 4.038211e-02 4.040244e-02
66 1.116663e-01 1.117102e-01 1.121266e-01 9.469645e-01 9.469442e-01 9.467623e-01 5.303459e-02 1.010834e-01 1.014056e-01 8.372701e-02 8.375460e-02 8.395779e-02
67 1.676872e-01 1.677592e-01 1.680826e-01 9.217440e-01 9.217112e-01 9.215346e-01 7.825845e-02 1.468086e-01 1.471753e-01 1.142569e-01 1.142972e-01 1.146677e-01
68 3.803912e-01 3.805291e-01 3.801674e-01 8.403183e-01 8.402669e-01 8.402382e-01 1.596751e-01 2.766021e-01 2.767285e-01 1.627137e-01 1.627382e-01 1.628616e-01
69 7.774714e-01 7.778586e-01 7.820030e-01 7.325637e-01 7.324535e-01 7.315306e-01 2.674470e-01 4.218770e-01 4.233347e-01 1.838876e-01 1.839081e-01 1.849431e-01
70 8.858346e-01 8.862123e-01 8.833081e-01 7.089556e-01 7.088561e-01 7.090876e-01 2.910510e-01 4.526298e-01 4.525263e-01 1.888462e-01 1.888590e-01 1.892293e-01
71 1.011171e+00 1.011639e+00 1.008663e+00 6.870803e-01 6.869615e-01 6.869018e-01 3.129404e-01 4.705684e-01 4.707281e-01 1.742210e-01 1.742326e-01 1.743819e-01
72 8.701965e-01 8.705355e-01 8.705961e-01 7.034381e-01 7.033480e-01 7.027689e-01 2.965542e-01 4.656335e-01 4.666269e-01 1.973241e-01 1.973307e-01 1.979265e-01
73 1.170446e+00 1.170977e+00 1.170357e+00 6.531418e-01 6.530240e-01 6.526195e-01 3.468629e-01 5.073308e-01 5.080150e-01 1.690698e-01 1.690763e-01 1.697425e-01
74 2.767312e-01 2.770601e-01 2.811629e-01 9.304307e-01 9.303426e-01 9.303480e-01 6.960183e-02 1.183670e-01 1.186349e-01 7.487699e-02 7.493252e-02 7.521990e-02
75 1.142117e-02 1.142742e-02 1.139355e-02 9.943295e-01 9.943264e-01 9.943418e-01 5.670735e-03 1.126872e-02 1.124048e-02 1.095744e-02 1.096338e-02 1.094463e-02
76 9.353527e-03 9.357901e-03 9.364935e-03 9.953462e-01 9.953440e-01 9.953405e-01 4.653874e-03 9.266563e-03 9.273563e-03 9.083369e-03 9.087591e-03 9.094535e-03
77 2.983737e-03 2.985305e-03 2.992460e-03 9.985107e-01 9.985099e-01 9.985063e-01 1.489346e-03 2.975071e-03 2.982187e-03 2.953210e-03 2.954756e-03 2.961794e-03
78 7.127174e-04 7.131247e-04 7.141695e-04 9.996438e-01 9.996436e-01 9.996431e-01 3.561811e-04 7.123913e-04 7.134541e-04 7.105234e-04 7.109291e-04 7.120270e-04
79 7.429665e-04 7.432648e-04 7.414540e-04 9.996286e-01 9.996285e-01 9.996294e-01 3.713512e-04 7.427442e-04 7.409385e-04 7.414070e-04 7.417045e-04 7.399091e-04
80 1.416518e-03 1.417088e-03 1.418927e-03 9.992923e-01 9.992920e-01 9.992911e-01 7.077153e-04 1.415027e-03 1.416857e-03 1.410355e-03 1.410921e-03 1.412732e-03
81 2.346777e-03 2.347691e-03 2.354269e-03 9.988280e-01 9.988276e-01 9.988243e-01 1.171962e-03 2.342048e-03 2.348590e-03 2.329918e-03 2.330822e-03 2.337291e-03
82 3.546002e-03 3.547516e-03 3.534079e-03 9.982302e-01 9.982294e-01 9.982360e-01 1.769706e-03 3.534752e-03 3.521949e-03 3.507960e-03 3.509454e-03 3.497874e-03
83 1.015781e-02 1.016303e-02 1.009178e-02 9.949529e-01 9.949503e-01 9.949841e-01 5.047125e-03 1.003681e-02 9.972809e-03 9.788406e-03 9.793384e-03 9.742173e-03
84 3.397694e-02 3.398715e-02 3.403066e-02 9.833230e-01 9.833180e-01 9.832978e-01 1.667493e-02 3.276697e-02 3.280433e-02 3.051391e-02 3.052278e-02 3.054900e-02
85 6.194368e-02 6.197424e-02 6.200391e-02 9.702977e-01 9.702831e-01 9.702774e-01 2.970455e-02 5.713947e-02 5.713776e-02 4.915591e-02 4.917877e-02 4.914593e-02
86 5.778339e-02 5.780765e-02 5.771911e-02 9.723283e-01 9.723168e-01 9.723507e-01 2.767132e-02 5.317194e-02 5.312195e-02 4.558872e-02 4.560599e-02 4.561227e-02
87 8.422004e-02 8.426241e-02 8.377550e-02 9.605091e-01 9.604898e-01 9.606766e-01 3.949192e-02 7.449479e-02 7.420848e-02 5.964173e-02 5.966679e-02 5.962462e-02
88 8.994179e-02 8.997432e-02 8.997059e-02 9.576716e-01 9.576569e-01 9.576448e-01 4.232465e-02 8.007243e-02 8.011319e-02 6.473986e-02 6.475856e-02 6.482976e-02
89 5.116152e-02 5.119358e-02 5.116633e-02 9.751916e-01 9.751763e-01 9.751855e-01 2.481263e-02 4.820116e-02 4.819017e-02 4.291900e-02 4.294354e-02 4.295649e-02
90 7.453545e-03 7.457836e-03 7.436056e-03 9.962899e-01 9.962878e-01 9.962982e-01 3.710355e-03 7.391328e-03 7.371384e-03 7.257146e-03 7.261274e-03 7.244735e-03
91 1.047683e-03 1.048159e-03 1.049376e-03 9.994765e-01 9.994762e-01 9.994756e-01 5.235588e-04 1.046971e-03 1.048186e-03 1.044126e-03 1.044600e-03 1.045813e-03
92 6.863920e-04 6.867708e-04 6.849562e-04 9.996570e-01 9.996568e-01 9.996577e-01 3.430247e-04 6.860580e-04 6.842601e-04 6.842590e-04 6.846363e-04 6.828715e-04
93 3.200282e-04 3.201883e-04 3.214821e-04 9.998400e-01 9.998399e-01 9.998393e-01 1.599773e-04 3.200451e-04 3.213369e-04 3.195993e-04 3.197591e-04 3.210468e-04
94 1.251738e-04 1.252376e-04 1.255639e-04 9.999374e-01 9.999374e-01 9.999372e-01 6.258576e-05 1.252201e-04 1.255462e-04 1.251212e-04 1.251851e-04 1.255107e-04
95 5.181042e-05 5.183652e-05 5.175940e-05 9.999741e-01 9.999741e-01 9.999741e-01 2.590464e-05 5.183349e-05 5.175640e-05 5.180132e-05 5.182742e-05 5.175042e-05
96 9.838758e-05 9.843382e-05 9.865472e-05 9.999508e-01 9.999508e-01 9.999507e-01 4.919105e-05 9.842329e-05 9.864422e-05 9.835603e-05 9.840224e-05 9.862324e-05
97 2.128412e-04 2.129417e-04 2.124965e-04 9.998936e-01 9.998935e-01 9.998938e-01 1.064062e-04 2.128959e-04 2.124522e-04 2.127041e-04 2.128045e-04 2.123637e-04
98 6.692433e-04 6.695215e-04 6.687123e-04 9.996655e-01 9.996653e-01 9.996658e-01 3.344960e-04 6.690795e-04 6.682762e-04 6.679193e-04 6.681967e-04 6.674054e-04
99 2.331319e-03 2.332184e-03 2.327251e-03 9.988356e-01 9.988352e-01 9.988377e-01 1.164334e-03 2.327004e-03 2.322133e-03 2.315842e-03 2.316699e-03 2.311947e-03
100 5.724350e-03 5.726124e-03 5.734894e-03 9.971443e-01 9.971434e-01 9.971391e-01 2.855470e-03 5.700145e-03 5.708916e-03 5.646905e-03 5.648641e-03 5.657414e-03
101 1.107115e-02 1.107611e-02 1.113730e-02 9.944997e-01 9.944972e-01 9.944673e-01 5.500280e-03 1.093628e-02 1.099475e-02 1.066166e-02 1.066637e-02 1.071967e-02
102 1.922543e-02 1.923350e-02 1.916377e-02 9.905190e-01 9.905150e-01 9.905480e-01 9.480348e-03 1.871620e-02 1.865382e-02 1.774819e-02 1.775531e-02 1.770594e-02
103 3.571252e-02 3.572910e-02 3.595454e-02 9.825132e-01 9.825051e-01 9.824043e-01 1.748758e-02 3.428788e-02 3.446839e-02 3.166698e-02 3.168114e-02 3.179098e-02
104 3.446862e-02 3.447992e-02 3.462847e-02 9.831489e-01 9.831434e-01 9.830739e-01 1.684948e-02 3.298626e-02 3.311638e-02 3.028567e-02 3.029493e-02 3.039340e-02
105 2.772500e-02 2.773787e-02 2.773881e-02 9.863728e-01 9.863666e-01 9.863621e-01 1.362767e-02 2.681525e-02 2.683093e-02 2.510506e-02 2.511605e-02 2.515339e-02
106 5.553622e-02 5.556035e-02 5.555379e-02 9.729733e-01 9.729616e-01 9.729595e-01 2.702787e-02 5.267208e-02 5.268540e-02 4.746250e-02 4.748171e-02 4.752298e-02
107 5.484273e-03 5.487340e-03 5.492450e-03 9.972653e-01 9.972638e-01 9.972612e-01 2.735144e-03 5.457698e-03 5.462727e-03 5.396123e-03 5.399108e-03 5.403980e-03
108 4.989929e-03 4.992261e-03 4.988889e-03 9.975122e-01 9.975110e-01 9.975126e-01 2.487817e-03 4.963701e-03 4.960663e-03 4.905075e-03 4.907348e-03 4.904952e-03
109 2.563292e-03 2.564751e-03 2.565424e-03 9.987210e-01 9.987203e-01 9.987199e-01 1.279014e-03 2.554219e-03 2.555044e-03 2.531997e-03 2.533431e-03 2.534538e-03
110 5.919481e-03 5.922083e-03 5.932797e-03 9.970511e-01 9.970498e-01 9.970445e-01 2.948913e-03 5.878989e-03 5.889442e-03 5.791549e-03 5.794067e-03 5.804014e-03
111 1.217037e-03 1.217904e-03 1.210866e-03 9.993925e-01 9.993921e-01 9.993956e-01 6.075294e-04 1.213825e-03 1.206897e-03 1.204875e-03 1.205729e-03 1.199017e-03
112 9.041260e-05 9.049463e-05 8.997246e-05 9.999548e-01 9.999548e-01 9.999550e-01 4.521992e-05 9.048038e-05 8.995855e-05 9.036995e-05 9.045190e-05 8.993074e-05
113 4.710892e-05 4.713363e-05 4.710669e-05 9.999764e-01 9.999764e-01 9.999764e-01 2.355396e-05 4.713025e-05 4.710334e-05 4.709878e-05 4.712349e-05 4.709663e-05
114 3.565586e-05 3.566901e-05 3.567777e-05 9.999822e-01 9.999822e-01 9.999822e-01 1.782623e-05 3.566756e-05 3.567631e-05 3.565150e-05 3.566465e-05 3.567341e-05
115 8.359940e-05 8.363139e-05 8.371216e-05 9.999582e-01 9.999582e-01 9.999581e-01 4.179393e-05 8.362315e-05 8.370396e-05 8.357470e-05 8.360667e-05 8.368757e-05
116 3.208584e-04 3.210268e-04 3.227920e-04 9.998396e-01 9.998395e-01 9.998386e-01 1.603828e-04 3.208651e-04 3.226250e-04 3.203741e-04 3.205421e-04 3.222915e-04
117 1.068427e-03 1.068979e-03 1.068969e-03 9.994662e-01 9.994659e-01 9.994659e-01 5.338287e-04 1.067427e-03 1.067437e-03 1.063783e-03 1.064332e-03 1.064386e-03
118 1.992344e-03 1.993343e-03 1.989681e-03 9.990052e-01 9.990047e-01 9.990064e-01 9.948470e-04 1.988046e-03 1.984529e-03 1.976532e-03 1.977520e-03 1.974288e-03
