0 1.271815e+01 1.272746e+01 1.274633e+01 3.875897e-01 3.875006e-01 3.866446e-01 6.123671e-01 6.767248e-01 6.797916e-01 5.612831e-02 5.612160e-02 5.716276e-02
1 7.546574e+01 7.549617e+01 7.550205e+01 4.131944e-03 4.124476e-03 1.046635e-03 9.958684e-01 9.995398e-01 9.999904e-01 4.507990e-04 4.495602e-04 9.565031e-06
2 1.187171e+02 1.186572e+02 1.179641e+02 3.913081e-03 3.900814e-03 2.765986e-03 9.960883e-01 9.997716e-01 9.999266e-01 2.281986e-04 2.269573e-04 7.329973e-05
3 1.057443e+02 1.059586e+02 1.062554e+02 1.814767e-02 1.810488e-02 1.166752e-02 9.818572e-01 9.959898e-01 9.991393e-01 3.444079e-03 3.434604e-03 8.538713e-04
4 6.343358e+01 6.347396e+01 6.345193e+01 2.414150e-02 2.408447e-02 2.309909e-02 9.758643e-01 9.968676e-01 9.973614e-01 3.044782e-03 3.032607e-03 2.588668e-03
5 2.778656e+01 2.780678e+01 2.772200e+01 7.103730e-02 7.092111e-02 6.656765e-02 9.289741e-01 9.822631e-01 9.860869e-01 1.527096e-02 1.523677e-02 1.293199e-02
6 7.363681e+00 7.368978e+00 7.230158e+00 2.834793e-01 2.832451e-01 2.829650e-01 7.165751e-01 8.477330e-01 8.485308e-01 8.797809e-02 8.790439e-02 8.830113e-02
7 1.654934e+00 1.655910e+00 1.645267e+00 6.266690e-01 6.265028e-01 6.262782e-01 3.733646e-01 5.199547e-01 5.205870e-01 1.536978e-01 1.536972e-01 1.545485e-01
8 8.313335e-01 8.319360e-01 8.204569e-01 7.912192e-01 7.910870e-01 7.913910e-01 2.088113e-01 3.105941e-01 3.101792e-01 1.217613e-01 1.217871e-01 1.218039e-01
9 4.267282e-01 4.270586e-01 4.165964e-01 8.656432e-01 8.655390e-01 8.659023e-01 1.343804e-01 2.165759e-01 2.161039e-01 1.133685e-01 1.134185e-01 1.135497e-01
10 2.662796e-01 2.664652e-01 2.646311e-01 8.958798e-01 8.958075e-01 8.960088e-01 1.041382e-01 1.770657e-01 1.769639e-01 1.049046e-01 1.049578e-01 1.051614e-01
11 6.642600e-01 6.645810e-01 6.639882e-01 7.653827e-01 7.652904e-01 7.652635e-01 2.346173e-01 3.689168e-01 3.689712e-01 1.587109e-01 1.587241e-01 1.587315e-01
12 4.766355e+00 4.769020e+00 4.776497e+00 3.771937e-01 3.770190e-01 3.771387e-01 6.228276e-01 7.717160e-01 7.717378e-01 1.173927e-01 1.173471e-01 1.180762e-01
13 1.387632e+01 1.388324e+01 1.392404e+01 1.111125e-01 1.110185e-01 1.095144e-01 8.888843e-01 9.621678e-01 9.642750e-01 2.980194e-02 2.977119e-02 2.933182e-02
14 2.142653e+01 2.143567e+01 2.143895e+01 4.685418e-02 4.680173e-02 4.447571e-02 9.531526e-01 9.908069e-01 9.922288e-01 8.524536e-03 8.510275e-03 7.393910e-03
15 1.410864e+01 1.411715e+01 1.413463e+01 2.593017e-01 2.591438e-01 2.588299e-01 7.407381e-01 8.439249e-01 8.441413e-01 7.999518e-02 7.995286e-02 8.035937e-02
16 1.095057e+01 1.095512e+01 1.101086e+01 1.609147e-01 1.608145e-01 1.574053e-01 8.390666e-01 9.310285e-01 9.364917e-01 4.388425e-02 4.385413e-02 4.526670e-02
17 1.445605e+01 1.446459e+01 1.442521e+01 1.008352e-01 1.007284e-01 9.931461e-02 8.991840e-01 9.722548e-01 9.736988e-01 2.431318e-02 2.427693e-02 2.351465e-02
18 7.040868e+00 7.045050e+00 7.012712e+00 3.099382e-01 3.097410e-01 3.087968e-01 6.901016e-01 8.300424e-01 8.317841e-01 9.849059e-02 9.842682e-02 9.924906e-02
19 2.609139e+00 2.610469e+00 2.591044e+00 5.491867e-01 5.490265e-01 5.490099e-01 4.508201e-01 6.058333e-01 6.060370e-01 1.501235e-01 1.501156e-01 1.506600e-01
20 9.619938e-01 9.628927e-01 9.566333e-01 7.558960e-01 7.557240e-01 7.558237e-01 2.441624e-01 3.695424e-01 3.697940e-01 1.568557e-01 1.568896e-01 1.575278e-01
21 3.741639e-01 3.744075e-01 3.665859e-01 8.696474e-01 8.695660e-01 8.695229e-01 1.303581e-01 2.176773e-01 2.181168e-01 1.258342e-01 1.258783e-01 1.263465e-01
22 2.302730e-01 2.304026e-01 2.293273e-01 8.984397e-01 8.983816e-01 8.984790e-01 1.015725e-01 1.835797e-01 1.835302e-01 1.275735e-01 1.276263e-01 1.276054e-01
23 1.029119e-01 1.029777e-01 1.024321e-01 9.519436e-01 9.519133e-01 9.520634e-01 4.805955e-02 9.041627e-02 9.024709e-02 7.181106e-02 7.185151e-02 7.189886e-02
24 3.461467e-02 3.463822e-02 3.317207e-02 9.891575e-01 9.891504e-01 9.886402e-01 1.084149e-02 1.791604e-02 1.823016e-02 1.172526e-02 1.173084e-02 1.098917e-02
25 1.880681e-02 1.882867e-02 1.818199e-02 9.925732e-01 9.925635e-01 9.923438e-01 7.430966e-03 1.289134e-02 1.341193e-02 8.898451e-03 8.910729e-03 8.932883e-03
26 2.458707e-03 2.459926e-03 2.442837e-03 9.987728e-01 9.987722e-01 9.987806e-01 1.227115e-03 2.451283e-03 2.434871e-03 2.432992e-03 2.434196e-03 2.419080e-03
27 1.134610e-02 1.135291e-02 1.139663e-02 9.944073e-01 9.944040e-01 9.943793e-01 5.592230e-03 1.103900e-02 1.109230e-02 1.046252e-02 1.046878e-02 1.053083e-02
28 6.555542e-02 6.558702e-02 6.546851e-02 9.684130e-01 9.683980e-01 9.684424e-01 3.158569e-02 6.102976e-02 6.096033e-02 5.333375e-02 5.335706e-02 5.333007e-02
29 2.261921e-01 2.262854e-01 2.260267e-01 8.984574e-01 8.984163e-01 8.984494e-01 1.015441e-01 1.848136e-01 1.848376e-01 1.297063e-01 1.297472e-01 1.299009e-01
30 2.589557e-01 2.590756e-01 2.593472e-01 8.852044e-01 8.851528e-01 8.849288e-01 1.147968e-01 2.068197e-01 2.072546e-01 1.394305e-01 1.394723e-01 1.397357e-01
31 3.110491e-01 3.112255e-01 3.090349e-01 8.702873e-01 8.702145e-01 8.705172e-01 1.297233e-01 2.268690e-01 2.266583e-01 1.429543e-01 1.430039e-01 1.432365e-01
32 8.771462e-01 8.775044e-01 8.758073e-01 6.986136e-01 6.985089e-01 6.983818e-01 3.013912e-01 4.691803e-01 4.696436e-01 1.904789e-01 1.904858e-01 1.911666e-01
33 2.581737e+00 2.583044e+00 2.587727e+00 4.529456e-01 4.527726e-01 4.518073e-01 5.470827e-01 7.243127e-01 7.262443e-01 1.471145e-01 1.470712e-01 1.480621e-01
34 8.069882e+00 8.073455e+00 8.069681e+00 2.363566e-01 2.362507e-01 2.354576e-01 7.636291e-01 8.906277e-01 8.916097e-01 7.603810e-02 7.599946e-02 7.606400e-02
35 1.316297e+01 1.316912e+01 1.319632e+01 1.549923e-01 1.548733e-01 1.531978e-01 8.450141e-01 9.421031e-01 9.441854e-01 4.442889e-02 4.438439e-02 4.383698e-02
36 1.169842e+01 1.170452e+01 1.172839e+01 1.335672e-01 1.334563e-01 1.314456e-01 8.664453e-01 9.501981e-01 9.531276e-01 3.633872e-02 3.630248e-02 3.632199e-02
37 8.873177e+00 8.878129e+00 8.917159e+00 2.520141e-01 2.518480e-01 2.490594e-01 7.479970e-01 8.752683e-01 8.794257e-01 7.954567e-02 7.948929e-02 8.050047e-02
38 1.314388e+01 1.314938e+01 1.313703e+01 1.210311e-01 1.209301e-01 1.178789e-01 8.789790e-01 9.614202e-01 9.647790e-01 3.171214e-02 3.167616e-02 3.027701e-02
39 6.040478e+00 6.044951e+00 6.016085e+00 3.010343e-01 3.008430e-01 2.988547e-01 6.990041e-01 8.379012e-01 8.412447e-01 9.242775e-02 9.236837e-02 9.362545e-02
40 6.728341e-01 6.733014e-01 6.714877e-01 7.727270e-01 7.725946e-01 7.723203e-01 2.273026e-01 3.551709e-01 3.556863e-01 1.498766e-01 1.498958e-01 1.501374e-01
41 9.944947e-02 9.952673e-02 9.945052e-02 9.533293e-01 9.532946e-01 9.533082e-01 4.668297e-02 8.812675e-02 8.813086e-02 7.072073e-02 7.076231e-02 7.083689e-02
42 4.930768e-02 4.933549e-02 4.964611e-02 9.762708e-01 9.762576e-01 9.761263e-01 2.372966e-02 4.580116e-02 4.602569e-02 3.987269e-02 3.989337e-02 4.001032e-02
43 1.947341e-02 1.948053e-02 1.945919e-02 9.903811e-01 9.903776e-01 9.903883e-01 9.618117e-03 1.901510e-02 1.899366e-02 1.812456e-02 1.813107e-02 1.810972e-02
44 6.652552e-03 6.658292e-03 6.652464e-03 9.966928e-01 9.966900e-01 9.966927e-01 3.308088e-03 6.582324e-03 6.577153e-03 6.429557e-03 6.435029e-03 6.431020e-03
45 2.834846e-03 2.835702e-03 2.835437e-03 9.985854e-01 9.985849e-01 9.985851e-01 1.414339e-03 2.824635e-03 2.824338e-03 2.801850e-03 2.802711e-03 2.802354e-03
46 3.411562e-03 3.413732e-03 3.420290e-03 9.982978e-01 9.982967e-01 9.982934e-01 1.702525e-03 3.399561e-03 3.405983e-03 3.369368e-03 3.371494e-03 3.377649e-03
47 7.850367e-03 7.854063e-03 7.862685e-03 9.960926e-01 9.960907e-01 9.960864e-01 3.907479e-03 7.783426e-03 7.792094e-03 7.641397e-03 7.644965e-03 7.653707e-03
48 3.430872e-02 3.433025e-02 3.433895e-02 9.833683e-01 9.833578e-01 9.833369e-01 1.663184e-02 3.233432e-02 3.239467e-02 2.897576e-02 2.899363e-02 2.907685e-02
49 2.143150e-01 2.144411e-01 2.143122e-01 9.070762e-01 9.070232e-01 9.069405e-01 9.292443e-02 1.665310e-01 1.666415e-01 1.137698e-01 1.138158e-01 1.138124e-01
50 8.942135e-01 8.946520e-01 9.006683e-01 7.137867e-01 7.136704e-01 7.132547e-01 2.862222e-01 4.417104e-01 4.423068e-01 1.804808e-01 1.804911e-01 1.808711e-01
51 1.280560e+00 1.281102e+00 1.284938e+00 6.508806e-01 6.507746e-01 6.507978e-01 3.491106e-01 5.048946e-01 5.051416e-01 1.649575e-01 1.649677e-01 1.651651e-01
52 8.996588e-01 8.996179e-01 8.970087e-01 7.134365e-01 7.133243e-01 7.130376e-01 2.865632e-01 4.368859e-01 4.376218e-01 1.728429e-01 1.728628e-01 1.735684e-01
53 1.683700e+00 1.685042e+00 1.687701e+00 5.715694e-01 5.714019e-01 5.708541e-01 4.284611e-01 6.080401e-01 6.091320e-01 1.726712e-01 1.726473e-01 1.736372e-01
54 1.459097e+00 1.459981e+00 1.455145e+00 6.299142e-01 6.297448e-01 6.300352e-01 3.701419e-01 5.272420e-01 5.268202e-01 1.638159e-01 1.638028e-01 1.637877e-01
55 6.854217e-01 6.857624e-01 6.854601e-01 7.616731e-01 7.615662e-01 7.614129e-01 2.383490e-01 3.728127e-01 3.730840e-01 1.581932e-01 1.582233e-01 1.584205e-01
56 1.296174e-01 1.296831e-01 1.297023e-01 9.406238e-01 9.405945e-01 9.405600e-01 5.937794e-02 1.099201e-01 1.100055e-01 8.244397e-02 8.247931e-02 8.256036e-02
57 1.620097e-02 1.621168e-02 1.620266e-02 9.919868e-01 9.919816e-01 9.919857e-01 8.014393e-03 1.586637e-02 1.585889e-02 1.519878e-02 1.520860e-02 1.520382e-02
58 6.289612e-03 6.293071e-03 6.276516e-03 9.968707e-01 9.968689e-01 9.968771e-01 3.129370e-03 6.231546e-03 6.215467e-03 6.107915e-03 6.111236e-03 6.096069e-03
59 3.747753e-03 3.749324e-03 3.766868e-03 9.981318e-01 9.981311e-01 9.981223e-01 1.867962e-03 3.726511e-03 3.743822e-03 3.680038e-03 3.681570e-03 3.698420e-03
60 1.596238e-03 1.597472e-03 1.596333e-03 9.992032e-01 9.992025e-01 9.992031e-01 7.970038e-04 1.592380e-03 1.591313e-03 1.581055e-03 1.582277e-03 1.581350e-03
61 7.425236e-04 7.429659e-04 7.415242e-04 9.996289e-01 9.996287e-01 9.996294e-01 3.711012e-04 7.421699e-04 7.407331e-04 7.401411e-04 7.405819e-04 7.391548e-04
62 1.219557e-03 1.220168e-03 1.217060e-03 9.993906e-01 9.993903e-01 9.993919e-01 6.093506e-04 1.218476e-03 1.215385e-03 1.214495e-03 1.215102e-03 1.212045e-03
63 4.564595e-03 4.567041e-03 4.591826e-03 9.977266e-01 9.977254e-01 9.977129e-01 2.273261e-03 4.531866e-03 4.556712e-03 4.461528e-03 4.463899e-03 4.488555e-03
64 1.518975e-02 1.519702e-02 1.516120e-02 9.924623e-01 9.924587e-01 9.924758e-01 7.537636e-03 1.497022e-02 1.493753e-02 1.452462e-02 1.453143e-02 1.450432e-02
65 4.668085e-02 4.670066e-02 4.660960e-02 9.771652e-01 9.771556e-01 9.771896e-01 2.283404e-02 4.472548e-02 4.467666e-02 4.111731e-02 4.113366e-02 4.114316e-02
66 1.118978e-01 1.119416e-01 1.122085e-01 9.468288e-01 9.468085e-01 9.466881e-01 5.317039e-02 1.013829e-01 1.016025e-01 8.408708e-02 8.411485e-02 8.427297e-02
67 1.693227e-01 1.693965e-01 1.697357e-01 9.210673e-01 9.210337e-01 9.208583e-01 7.893521e-02 1.479548e-01 1.483048e-01 1.148416e-01 1.148825e-01 1.152007e-01
68 3.812387e-01 3.813791e-01 3.808755e-01 8.399901e-01 8.399377e-01 8.399698e-01 1.600036e-01 2.771433e-01 2.771722e-01 1.629922e-01 1.630171e-01 1.631094e-01
69 7.652035e-01 7.655845e-01 7.693655e-01 7.354178e-01 7.353086e-01 7.343054e-01 2.645929e-01 4.183758e-01 4.199820e-01 1.840398e-01 1.840610e-01 1.850610e-01
70 8.606854e-01 8.610518e-01 8.585519e-01 7.140801e-01 7.139814e-01 7.140636e-01 2.859269e-01 4.464869e-01 4.465498e-01 1.890183e-01 1.890323e-01 1.893668e-01
71 9.745395e-01 9.749905e-01 9.729478e-01 6.945323e-01 6.944150e-01 6.944111e-01 3.054883e-01 4.618372e-01 4.618815e-01 1.744659e-01 1.744789e-01 1.746217e-01
72 8.370284e-01 8.373540e-01 8.374585e-01 7.110077e-01 7.109198e-01 7.103163e-01 2.889850e-01 4.562642e-01 4.573197e-01 1.973867e-01 1.973951e-01 1.980321e-01
73 1.146873e+00 1.147392e+00 1.149887e+00 6.574099e-01 6.572932e-01 6.567081e-01 3.425943e-01 5.027077e-01 5.035630e-01 1.696230e-01 1.696308e-01 1.702976e-01
74 2.943206e-01 2.946669e-01 2.981780e-01 9.287769e-01 9.286861e-01 9.287627e-01 7.125574e-02 1.208177e-01 1.211199e-01 7.570015e-02 7.575666e-02 7.613051e-02
75 1.120716e-02 1.121333e-02 1.117649e-02 9.944351e-01 9.944320e-01 9.944490e-01 5.565137e-03 1.106019e-02 1.102871e-02 1.075960e-02 1.076547e-02 1.074302e-02
76 9.287275e-03 9.291651e-03 9.311602e-03 9.953789e-01 9.953767e-01 9.953668e-01 4.621200e-03 9.202103e-03 9.221748e-03 9.022354e-03 9.026581e-03 9.045640e-03
77 3.041274e-03 3.042877e-03 3.051290e-03 9.984820e-01 9.984812e-01 9.984770e-01 1.518027e-03 3.032291e-03 3.040640e-03 3.009699e-03 3.011280e-03 3.019501e-03
78 7.301978e-04 7.306119e-04 7.317309e-04 9.996351e-01 9.996349e-01 9.996343e-01 3.649107e-04 7.298367e-04 7.309761e-04 7.278788e-04 7.282913e-04 7.294706e-04
79 7.569954e-04 7.572991e-04 7.564912e-04 9.996216e-01 9.996215e-01 9.996219e-01 3.783609e-04 7.567597e-04 7.559544e-04 7.553797e-04 7.556825e-04 7.548823e-04
80 1.419140e-03 1.419715e-03 1.421612e-03 9.992909e-01 9.992907e-01 9.992897e-01 7.090276e-04 1.417657e-03 1.419551e-03 1.412986e-03 1.413557e-03 1.415442e-03
81 2.312676e-03 2.313569e-03 2.319708e-03 9.988450e-01 9.988446e-01 9.988415e-01 1.154962e-03 2.308131e-03 2.314235e-03 2.296424e-03 2.297309e-03 2.303344e-03
82 3.558697e-03 3.560251e-03 3.541162e-03 9.982239e-01 9.982232e-01 9.982325e-01 1.775966e-03 3.547140e-03 3.528771e-03 3.519637e-03 3.521169e-03 3.504190e-03
83 1.041129e-02 1.041662e-02 1.037031e-02 9.948280e-01 9.948253e-01 9.948469e-01 5.172093e-03 1.028342e-02 1.024325e-02 1.002165e-02 1.002674e-02 9.997227e-03
84 3.424146e-02 3.425199e-02 3.433356e-02 9.831957e-01 9.831906e-01 9.831529e-01 1.680228e-02 3.301269e-02 3.308225e-02 3.072642e-02 3.073556e-02 3.078409e-02
85 6.071680e-02 6.074661e-02 6.072840e-02 9.708579e-01 9.708437e-01 9.708568e-01 2.914423e-02 5.610908e-02 5.607801e-02 4.841686e-02 4.843945e-02 4.840081e-02
86 5.608072e-02 5.610442e-02 5.605643e-02 9.731012e-01 9.730900e-01 9.731094e-01 2.689844e-02 5.175880e-02 5.172817e-02 4.459933e-02 4.461639e-02 4.461215e-02
87 8.200408e-02 8.204580e-02 8.144060e-02 9.614772e-01 9.614581e-01 9.616922e-01 3.852386e-02 7.278933e-02 7.242425e-02 5.864061e-02 5.866582e-02 5.858361e-02
88 8.688620e-02 8.691775e-02 8.682187e-02 9.590268e-01 9.590125e-01 9.590389e-01 4.096948e-02 7.764578e-02 7.762172e-02 6.318611e-02 6.320465e-02 6.324529e-02
89 5.061444e-02 5.064617e-02 5.066746e-02 9.754464e-01 9.754313e-01 9.754172e-01 2.455776e-02 4.772476e-02 4.775862e-02 4.255769e-02 4.258204e-02 4.263248e-02
90 7.574275e-03 7.578606e-03 7.557884e-03 9.962302e-01 9.962280e-01 9.962379e-01 3.770089e-03 7.509602e-03 7.490777e-03 7.370554e-03 7.374719e-03 7.359410e-03
91 1.035215e-03 1.035686e-03 1.036691e-03 9.994827e-01 9.994824e-01 9.994819e-01 5.173337e-04 1.034535e-03 1.035541e-03 1.031770e-03 1.032239e-03 1.033245e-03
92 6.783941e-04 6.787685e-04 6.756966e-04 9.996610e-01 9.996608e-01 9.996623e-01 3.390323e-04 6.780809e-04 6.750276e-04 6.763362e-04 6.767092e-04 6.736930e-04
93 3.218050e-04 3.219636e-04 3.228899e-04 9.998391e-01 9.998391e-01 9.998386e-01 1.608655e-04 3.218197e-04 3.227442e-04 3.213736e-04 3.215320e-04 3.224531e-04
94 1.274779e-04 1.275432e-04 1.279244e-04 9.999363e-01 9.999362e-01 9.999360e-01 6.373769e-05 1.275249e-04 1.279058e-04 1.274230e-04 1.274884e-04 1.278688e-04
95 5.228881e-05 5.231486e-05 5.221010e-05 9.999739e-01 9.999738e-01 9.999739e-01 2.614383e-05 5.231177e-05 5.220704e-05 5.227954e-05 5.230559e-05 5.220093e-05
96 9.829172e-05 9.833820e-05 9.847550e-05 9.999509e-01 9.999508e-01 9.999508e-01 4.914311e-05 9.832768e-05 9.846504e-05 9.826020e-05 9.830665e-05 9.844411e-05
97 2.178005e-04 2.179039e-04 2.173095e-04 9.998911e-01 9.998911e-01 9.998914e-01 1.088850e-04 2.178551e-04 2.172624e-04 2.176541e-04 2.177574e-04 2.171681e-04
98 6.860255e-04 6.863099e-04 6.855830e-04 9.996571e-01 9.996570e-01 9.996573e-01 3.428798e-04 6.858425e-04 6.851213e-04 6.846256e-04 6.849091e-04 6.841993e-04
99 2.379172e-03 2.380057e-03 2.373873e-03 9.988118e-01 9.988113e-01 9.988144e-01 1.188214e-03 2.374687e-03 2.368574e-03 2.363127e-03 2.364003e-03 2.358032e-03
100 5.747084e-03 5.748847e-03 5.757085e-03 9.971330e-01 9.971321e-01 9.971280e-01 2.866828e-03 5.722819e-03 5.731081e-03 5.669488e-03 5.671213e-03 5.679521e-03
101 1.103745e-02 1.104243e-02 1.111470e-02 9.945166e-01 9.945142e-01 9.944789e-01 5.483313e-03 1.090218e-02 1.097120e-02 1.062690e-02 1.063162e-02 1.069445e-02
102 1.901132e-02 1.901934e-02 1.896489e-02 9.906230e-01 9.906191e-01 9.906447e-01 9.376344e-03 1.851380e-02 1.846559e-02 1.756687e-02 1.757394e-02 1.753673e-02
103 3.475982e-02 3.477581e-02 3.495510e-02 9.829690e-01 9.829612e-01 9.828819e-01 1.703169e-02 3.341342e-02 3.355384e-02 3.092772e-02 3.094147e-02 3.102086e-02
104 3.327085e-02 3.328175e-02 3.339995e-02 9.837218e-01 9.837166e-01 9.836613e-01 1.627658e-02 3.188804e-02 3.199158e-02 2.935970e-02 2.936873e-02 2.944669e-02
105 2.674883e-02 2.676133e-02 2.674866e-02 9.868423e-01 9.868362e-01 9.868384e-01 1.315819e-02 2.591079e-02 2.591387e-02 2.432800e-02 2.433874e-02 2.436570e-02
106 5.402884e-02 5.405223e-02 5.405439e-02 9.736850e-01 9.736737e-01 9.736692e-01 2.631610e-02 5.132518e-02 5.134007e-02 4.638898e-02 4.640773e-02 4.644089e-02
107 5.400932e-03 5.403957e-03 5.411348e-03 9.973067e-01 9.973052e-01 9.973015e-01 2.693692e-03 5.375212e-03 5.382542e-03 5.315439e-03 5.318384e-03 5.325590e-03
108 4.814263e-03 4.816545e-03 4.817688e-03 9.975995e-01 9.975984e-01 9.975978e-01 2.400478e-03 4.789948e-03 4.791294e-03 4.735221e-03 4.737447e-03 4.739182e-03
109 2.462560e-03 2.463966e-03 2.467570e-03 9.987711e-01 9.987704e-01 9.987686e-01 1.228865e-03 2.454302e-03 2.458036e-03 2.433832e-03 2.435215e-03 2.439192e-03
110 5.718270e-03 5.720799e-03 5.727411e-03 9.971510e-01 9.971497e-01 9.971465e-01 2.848993e-03 5.680433e-03 5.686776e-03 5.598402e-03 5.600854e-03 5.606677e-03
111 1.207622e-03 1.208489e-03 1.202332e-03 9.993972e-01 9.993968e-01 9.993998e-01 6.028354e-04 1.204467e-03 1.198413e-03 1.195630e-03 1.196484e-03 1.190632e-03
112 8.797437e-05 8.805357e-05 8.763696e-05 9.999560e-01 9.999560e-01 9.999562e-01 4.400060e-05 8.804000e-05 8.762368e-05 8.793375e-05 8.801288e-05 8.759714e-05
113 4.665502e-05 4.667940e-05 4.663093e-05 9.999767e-01 9.999767e-01 9.999767e-01 2.332701e-05 4.667606e-05 4.662762e-05 4.664503e-05 4.666939e-05 4.662100e-05
114 3.549423e-05 3.550766e-05 3.552283e-05 9.999823e-01 9.999822e-01 9.999822e-01 1.774545e-05 3.550621e-05 3.552138e-05 3.548991e-05 3.550333e-05 3.551850e-05
115 8.209180e-05 8.212421e-05 8.208228e-05 9.999590e-01 9.999589e-01 9.999590e-01 4.104030e-05 8.211623e-05 8.207438e-05 8.206786e-05 8.210026e-05 8.205857e-05
116 3.252007e-04 3.253742e-04 3.267999e-04 9.998374e-01 9.998374e-01 9.998366e-01 1.625520e-04 3.252053e-04 3.266255e-04 3.246951e-04 3.248682e-04 3.262775e-04
117 1.069573e-03 1.070127e-03 1.069288e-03 9.994656e-01 9.994653e-01 9.994657e-01 5.344017e-04 1.068574e-03 1.067761e-03 1.064927e-03 1.065478e-03 1.064717e-03
118 1.946177e-03 1.947150e-03 1.942356e-03 9.990282e-01 9.990277e-01 9.990300e-01 9.718289e-04 1.942112e-03 1.937457e-03 1.931137e-03 1.932099e-03 1.927719e-03
