0 3.404338e+01 3.406716e+01 3.406576e+01 2.807743e-01 2.807078e-01 2.786246e-01 7.191788e-01 7.710113e-01 7.728378e-01 4.505667e-02 4.505132e-02 4.700299e-02
1 1.559368e+02 1.559861e+02 1.565939e+02 3.287359e-04 3.277695e-04 1.351317e-05 9.996713e-01 9.999955e-01 1.000000e+00 4.539078e-06 4.514055e-06 1.829585e-09
2 2.050242e+02 2.049406e+02 2.055696e+02 2.037028e-03 2.029418e-03 1.871435e-03 9.979633e-01 9.999445e-01 9.999657e-01 5.578093e-05 5.539351e-05 3.433111e-05
3 1.389088e+02 1.392476e+02 1.379312e+02 2.157153e-02 2.152337e-02 2.248129e-02 9.784336e-01 9.953518e-01 9.958132e-01 4.295755e-03 4.281187e-03 4.009137e-03
4 5.227415e+01 5.230790e+01 5.176034e+01 6.137373e-02 6.126926e-02 6.020116e-02 9.386342e-01 9.847690e-01 9.859824e-01 1.354817e-02 1.351377e-02 1.283231e-02
5 1.340879e+01 1.341860e+01 1.340654e+01 1.751004e-01 1.749097e-01 1.734713e-01 8.249335e-01 9.323700e-01 9.343664e-01 5.208114e-02 5.200803e-02 5.172863e-02
6 2.734553e+00 2.736108e+00 2.745305e+00 5.267337e-01 5.265464e-01 5.269401e-01 4.733176e-01 6.240640e-01 6.234379e-01 1.438323e-01 1.438078e-01 1.436164e-01
7 7.797231e-01 7.802124e-01 7.747950e-01 7.756002e-01 7.754849e-01 7.756787e-01 2.244150e-01 3.386503e-01 3.386158e-01 1.386864e-01 1.387150e-01 1.389846e-01
8 2.808574e-01 2.810569e-01 2.805929e-01 9.000142e-01 8.999466e-01 9.001204e-01 1.000002e-01 1.641916e-01 1.639900e-01 8.787324e-02 8.790973e-02 8.789694e-02
9 1.163417e-01 1.164251e-01 1.162615e-01 9.493546e-01 9.493170e-01 9.494568e-01 5.065303e-02 9.129690e-02 9.103279e-02 6.471278e-02 6.475183e-02 6.475707e-02
10 1.034102e-01 1.034714e-01 1.027573e-01 9.531450e-01 9.531179e-01 9.533656e-01 4.685806e-02 8.616872e-02 8.580458e-02 6.378576e-02 6.381796e-02 6.374141e-02
11 2.408293e-01 2.409454e-01 2.420348e-01 9.003843e-01 9.003421e-01 9.000095e-01 9.961165e-02 1.725777e-01 1.730757e-01 1.062312e-01 1.062583e-01 1.064622e-01
12 2.634357e+00 2.635818e+00 2.634481e+00 5.474322e-01 5.472952e-01 5.480489e-01 4.525680e-01 5.938199e-01 5.930460e-01 1.364702e-01 1.364618e-01 1.368364e-01
13 1.567072e+01 1.567863e+01 1.567429e+01 1.314913e-01 1.313895e-01 1.277706e-01 8.685005e-01 9.511338e-01 9.557762e-01 3.661980e-02 3.658497e-02 3.565701e-02
14 3.111233e+01 3.112629e+01 3.110554e+01 3.717246e-02 3.712498e-02 3.396338e-02 9.628306e-01 9.933013e-01 9.952118e-01 6.206294e-03 6.194618e-03 4.641079e-03
15 2.524177e+01 2.525704e+01 2.520183e+01 1.953724e-01 1.952383e-01 1.934782e-01 8.046570e-01 8.872772e-01 8.888258e-01 5.988828e-02 5.985026e-02 5.987764e-02
16 2.211467e+01 2.212454e+01 2.220370e+01 7.780017e-02 7.774464e-02 7.284794e-02 9.221791e-01 9.758167e-01 9.810952e-01 1.901021e-02 1.899483e-02 1.679419e-02
17 2.327615e+01 2.328875e+01 2.325091e+01 5.622599e-02 5.615076e-02 5.587714e-02 9.437904e-01 9.882231e-01 9.887322e-01 1.084048e-02 1.081946e-02 1.051543e-02
18 8.067161e+00 8.071643e+00 8.062760e+00 3.163392e-01 3.161721e-01 3.154999e-01 6.836854e-01 8.155512e-01 8.166985e-01 9.966153e-02 9.961526e-02 9.997289e-02
19 2.955546e+00 2.957027e+00 2.883638e+00 5.953976e-01 5.952515e-01 5.949308e-01 4.045932e-01 5.468320e-01 5.473178e-01 1.482643e-01 1.482750e-01 1.483124e-01
20 9.018414e-01 9.028953e-01 8.855733e-01 7.905336e-01 7.903802e-01 7.902892e-01 2.095215e-01 3.127953e-01 3.128789e-01 1.344404e-01 1.344797e-01 1.345122e-01
21 2.632784e-01 2.634557e-01 2.615330e-01 9.057388e-01 9.056784e-01 9.053123e-01 9.426480e-02 1.594938e-01 1.598859e-01 9.808976e-02 9.813128e-02 9.811275e-02
22 1.103145e-01 1.103834e-01 1.101754e-01 9.484878e-01 9.484556e-01 9.484473e-01 5.151814e-02 9.711524e-02 9.719333e-02 7.812594e-02 7.816824e-02 7.825722e-02
23 3.148813e-02 3.150960e-02 3.150723e-02 9.846823e-01 9.846719e-01 9.846696e-01 1.531865e-02 2.986640e-02 2.987445e-02 2.701312e-02 2.703064e-02 2.704017e-02
24 6.496073e-03 6.500371e-03 6.443348e-03 9.970206e-01 9.970185e-01 9.969827e-01 2.979087e-03 5.549064e-03 5.685612e-03 4.374668e-03 4.377458e-03 4.571462e-03
25 4.448369e-03 4.452931e-03 4.464188e-03 9.978781e-01 9.978758e-01 9.978468e-01 2.122566e-03 4.072395e-03 4.162519e-03 3.498258e-03 3.502207e-03 3.659919e-03
26 7.586469e-04 7.590156e-04 7.597414e-04 9.996209e-01 9.996207e-01 9.996203e-01 3.791381e-04 7.582948e-04 7.590347e-04 7.564898e-04 7.568570e-04 7.576244e-04
27 3.197473e-03 3.199404e-03 3.179211e-03 9.984088e-01 9.984078e-01 9.984170e-01 1.591082e-03 3.169596e-03 3.153076e-03 3.110320e-03 3.112196e-03 3.102167e-03
28 3.029357e-02 3.031073e-02 3.007874e-02 9.852459e-01 9.852376e-01 9.853294e-01 1.475335e-02 2.880064e-02 2.865435e-02 2.620023e-02 2.621405e-02 2.616994e-02
29 2.147680e-01 2.148585e-01 2.149810e-01 9.055712e-01 9.055341e-01 9.056389e-01 9.442698e-02 1.695141e-01 1.692557e-01 1.143319e-01 1.143624e-01 1.142559e-01
30 2.859642e-01 2.860889e-01 2.868215e-01 8.752739e-01 8.752246e-01 8.750656e-01 1.247241e-01 2.213381e-01 2.214785e-01 1.400798e-01 1.401119e-01 1.400479e-01
31 2.299895e-01 2.301052e-01 2.309304e-01 8.977795e-01 8.977304e-01 8.973940e-01 1.022236e-01 1.846771e-01 1.852164e-01 1.263877e-01 1.264297e-01 1.266637e-01
32 6.042168e-01 6.044734e-01 6.044725e-01 7.716649e-01 7.715828e-01 7.710066e-01 2.283337e-01 3.731782e-01 3.740312e-01 1.809352e-01 1.809573e-01 1.811464e-01
33 1.556105e+00 1.556800e+00 1.556091e+00 5.700760e-01 5.699406e-01 5.692615e-01 4.299428e-01 6.100323e-01 6.110957e-01 1.718604e-01 1.718449e-01 1.722668e-01
34 7.091553e+00 7.094725e+00 7.102089e+00 2.607601e-01 2.606597e-01 2.593632e-01 7.392136e-01 8.698826e-01 8.722338e-01 8.254745e-02 8.251228e-02 8.327493e-02
35 1.983772e+01 1.984649e+01 1.989423e+01 9.936223e-02 9.927355e-02 9.690088e-02 9.006402e-01 9.689037e-01 9.713377e-01 2.562424e-02 2.559307e-02 2.447601e-02
36 1.837399e+01 1.838352e+01 1.831697e+01 9.097862e-02 9.089616e-02 9.065356e-02 9.090263e-01 9.715064e-01 9.724865e-01 2.345025e-02 2.342248e-02 2.332414e-02
37 1.822019e+01 1.823033e+01 1.820636e+01 1.475523e-01 1.474342e-01 1.458441e-01 8.524520e-01 9.349762e-01 9.379232e-01 4.382225e-02 4.378281e-02 4.458418e-02
38 2.333752e+01 2.334742e+01 2.330537e+01 6.225805e-02 6.219493e-02 5.794820e-02 9.377449e-01 9.847245e-01 9.879112e-01 1.346009e-02 1.344053e-02 1.125932e-02
39 5.962362e+00 5.967486e+00 5.971339e+00 3.335243e-01 3.333308e-01 3.316022e-01 6.665154e-01 8.061148e-01 8.088556e-01 1.009785e-01 1.009240e-01 1.022871e-01
40 3.695006e-01 3.697168e-01 3.709825e-01 8.540674e-01 8.539937e-01 8.539302e-01 1.459441e-01 2.442209e-01 2.441644e-01 1.299423e-01 1.299698e-01 1.299457e-01
41 9.187264e-02 9.195427e-02 9.203610e-02 9.570744e-01 9.570388e-01 9.569979e-01 4.294092e-02 8.077267e-02 8.084987e-02 6.407418e-02 6.411206e-02 6.416195e-02
42 3.531005e-02 3.533001e-02 3.521724e-02 9.828990e-01 9.828895e-01 9.829351e-01 1.710119e-02 3.319781e-02 3.312295e-02 2.952745e-02 2.954278e-02 2.951280e-02
43 9.110539e-03 9.115021e-03 9.158221e-03 9.954765e-01 9.954743e-01 9.954535e-01 4.523408e-03 8.988772e-03 9.028968e-03 8.740333e-03 8.744565e-03 8.779225e-03
44 3.141002e-03 3.142975e-03 3.138907e-03 9.984338e-01 9.984329e-01 9.984349e-01 1.566306e-03 3.125675e-03 3.121718e-03 3.089714e-03 3.091648e-03 3.087900e-03
45 1.806244e-03 1.806953e-03 1.804005e-03 9.990979e-01 9.990975e-01 9.990990e-01 9.021052e-04 1.803065e-03 1.800158e-03 1.794623e-03 1.795325e-03 1.792499e-03
46 1.676007e-03 1.676776e-03 1.677525e-03 9.991628e-01 9.991624e-01 9.991620e-01 8.372293e-04 1.673664e-03 1.674422e-03 1.666704e-03 1.667468e-03 1.668244e-03
47 4.583023e-03 4.584946e-03 4.577053e-03 9.977149e-01 9.977140e-01 9.977178e-01 2.285022e-03 4.559251e-03 4.551699e-03 4.506643e-03 4.508517e-03 4.501621e-03
48 1.509329e-02 1.510130e-02 1.498181e-02 9.925312e-01 9.925272e-01 9.925832e-01 7.468771e-03 1.479358e-02 1.468869e-02 1.419965e-02 1.420696e-02 1.412746e-02
49 9.165532e-02 9.171107e-02 9.076558e-02 9.574433e-01 9.574179e-01 9.575964e-01 4.255634e-02 8.007208e-02 7.995151e-02 6.462423e-02 6.465750e-02 6.481184e-02
50 7.592663e-01 7.596524e-01 7.608067e-01 7.588361e-01 7.587388e-01 7.590196e-01 2.411600e-01 3.763100e-01 3.763466e-01 1.637755e-01 1.637898e-01 1.642814e-01
51 1.996314e+00 1.997023e+00 2.014367e+00 5.564857e-01 5.563809e-01 5.567989e-01 4.434956e-01 6.088996e-01 6.084575e-01 1.616097e-01 1.616085e-01 1.616983e-01
52 1.631210e+00 1.631182e+00 1.627413e+00 6.137285e-01 6.135936e-01 6.132742e-01 3.862783e-01 5.432005e-01 5.439958e-01 1.643825e-01 1.643816e-01 1.652040e-01
53 2.756261e+00 2.758444e+00 2.751876e+00 4.718560e-01 4.716999e-01 4.705345e-01 5.281582e-01 6.989087e-01 7.012643e-01 1.458975e-01 1.458629e-01 1.474329e-01
54 2.253616e+00 2.255113e+00 2.250710e+00 5.417177e-01 5.415393e-01 5.418558e-01 4.583383e-01 6.197234e-01 6.193768e-01 1.538594e-01 1.538304e-01 1.538344e-01
55 6.273101e-01 6.276484e-01 6.242117e-01 7.833120e-01 7.832119e-01 7.833889e-01 2.167054e-01 3.399056e-01 3.399290e-01 1.477755e-01 1.478084e-01 1.479284e-01
56 6.610385e-02 6.613767e-02 6.607647e-02 9.684270e-01 9.684112e-01 9.684373e-01 3.157370e-02 6.052004e-02 6.047650e-02 5.134133e-02 5.136433e-02 5.135391e-02
57 1.158359e-02 1.159087e-02 1.154338e-02 9.942655e-01 9.942619e-01 9.942845e-01 5.735280e-03 1.136411e-02 1.132120e-02 1.092404e-02 1.093075e-02 1.089601e-02
58 5.527091e-03 5.530047e-03 5.521454e-03 9.972503e-01 9.972488e-01 9.972530e-01 2.749744e-03 5.475042e-03 5.466808e-03 5.364664e-03 5.367493e-03 5.359950e-03
59 2.488030e-03 2.489229e-03 2.489096e-03 9.987586e-01 9.987580e-01 9.987580e-01 1.241352e-03 2.478801e-03 2.478802e-03 2.456986e-03 2.458164e-03 2.458425e-03
60 7.773596e-04 7.778867e-04 7.716770e-04 9.996116e-01 9.996114e-01 9.996145e-01 3.884157e-04 7.766648e-04 7.705189e-04 7.737067e-04 7.742312e-04 7.682117e-04
61 2.830622e-04 2.832273e-04 2.823907e-04 9.998585e-01 9.998584e-01 9.998588e-01 1.415208e-04 2.831285e-04 2.822939e-04 2.827663e-04 2.829312e-04 2.821005e-04
62 4.626698e-04 4.628766e-04 4.618714e-04 9.997687e-01 9.997686e-01 9.997691e-01 2.312768e-04 4.626538e-04 4.616519e-04 4.620026e-04 4.622088e-04 4.612134e-04
63 1.827111e-03 1.827931e-03 1.846860e-03 9.990876e-01 9.990872e-01 9.990778e-01 9.122729e-04 1.823209e-03 1.841958e-03 1.813049e-03 1.813860e-03 1.832245e-03
64 6.848534e-03 6.851630e-03 6.813315e-03 9.965866e-01 9.965851e-01 9.966039e-01 3.413284e-03 6.808167e-03 6.771322e-03 6.719383e-03 6.722386e-03 6.688352e-03
65 2.943065e-02 2.944471e-02 2.938886e-02 9.855139e-01 9.855070e-01 9.855255e-01 1.448584e-02 2.854619e-02 2.852526e-02 2.687740e-02 2.688961e-02 2.691906e-02
66 1.088786e-01 1.089243e-01 1.094179e-01 9.488139e-01 9.487933e-01 9.485646e-01 5.118410e-02 9.674228e-02 9.716925e-02 7.791330e-02 7.793869e-02 7.827005e-02
67 1.554845e-01 1.555489e-01 1.552646e-01 9.273544e-01 9.273254e-01 9.274040e-01 7.264837e-02 1.364269e-01 1.363493e-01 1.066651e-01 1.067002e-01 1.067845e-01
68 3.459157e-01 3.460412e-01 3.456729e-01 8.531144e-01 8.530684e-01 8.531299e-01 1.468747e-01 2.563688e-01 2.563768e-01 1.546654e-01 1.546881e-01 1.549032e-01
69 9.124556e-01 9.129157e-01 9.141083e-01 6.995201e-01 6.994019e-01 6.989840e-01 3.004903e-01 4.626030e-01 4.633716e-01 1.809145e-01 1.809239e-01 1.816025e-01
70 1.351699e+00 1.352287e+00 1.362633e+00 6.283033e-01 6.281939e-01 6.273852e-01 3.716938e-01 5.430385e-01 5.442404e-01 1.790836e-01 1.790790e-01 1.795613e-01
71 1.741771e+00 1.742611e+00 1.743036e+00 5.674987e-01 5.673573e-01 5.667785e-01 4.325245e-01 6.003741e-01 6.014427e-01 1.613098e-01 1.612988e-01 1.621461e-01
72 1.596453e+00 1.597074e+00 1.595508e+00 5.703748e-01 5.702688e-01 5.694365e-01 4.296093e-01 6.161640e-01 6.178625e-01 1.798377e-01 1.798215e-01 1.810351e-01
73 1.511373e+00 1.512158e+00 1.514088e+00 6.033244e-01 6.031848e-01 6.025237e-01 3.966929e-01 5.575294e-01 5.585809e-01 1.582504e-01 1.582394e-01 1.589806e-01
74 1.005288e-01 1.006714e-01 1.000314e-01 9.570793e-01 9.570249e-01 9.569939e-01 4.294819e-02 7.809501e-02 7.796400e-02 5.877862e-02 5.881924e-02 5.856738e-02
75 1.467767e-02 1.468485e-02 1.466318e-02 9.927228e-01 9.927193e-01 9.927287e-01 7.277300e-03 1.444038e-02 1.442412e-02 1.396304e-02 1.396972e-02 1.396266e-02
76 9.431165e-03 9.435625e-03 9.419028e-03 9.953106e-01 9.953083e-01 9.953164e-01 4.689484e-03 9.331643e-03 9.315968e-03 9.124457e-03 9.128716e-03 9.114798e-03
77 1.872333e-03 1.873326e-03 1.863427e-03 9.990649e-01 9.990644e-01 9.990694e-01 9.350850e-04 1.868882e-03 1.859066e-03 1.859061e-03 1.860043e-03 1.850392e-03
78 4.247029e-04 4.249318e-04 4.230751e-04 9.997877e-01 9.997876e-01 9.997885e-01 2.122976e-04 4.246806e-04 4.228349e-04 4.239507e-04 4.241790e-04 4.223552e-04
79 4.654632e-04 4.656651e-04 4.650494e-04 9.997673e-01 9.997672e-01 9.997675e-01 2.326744e-04 4.654333e-04 4.648207e-04 4.647689e-04 4.649703e-04 4.643638e-04
80 1.285838e-03 1.286359e-03 1.284934e-03 9.993576e-01 9.993573e-01 9.993580e-01 6.424041e-04 1.284459e-03 1.283056e-03 1.280155e-03 1.280672e-03 1.279311e-03
81 2.850420e-03 2.851606e-03 2.853784e-03 9.985771e-01 9.985765e-01 9.985754e-01 1.422846e-03 2.842235e-03 2.844451e-03 2.822467e-03 2.823635e-03 2.825924e-03
82 3.829529e-03 3.830900e-03 3.830062e-03 9.980891e-01 9.980884e-01 9.980888e-01 1.910846e-03 3.815523e-03 3.814750e-03 3.783704e-03 3.785048e-03 3.784403e-03
83 7.006918e-03 7.010163e-03 7.000917e-03 9.965103e-01 9.965087e-01 9.965129e-01 3.489793e-03 6.955534e-03 6.947742e-03 6.845565e-03 6.848703e-03 6.843584e-03
84 2.627678e-02 2.628268e-02 2.630342e-02 9.870490e-01 9.870461e-01 9.870356e-01 1.294854e-02 2.554503e-02 2.556632e-02 2.415655e-02 2.416195e-02 2.418403e-02
85 7.722536e-02 7.726469e-02 7.745710e-02 9.634499e-01 9.634317e-01 9.633586e-01 3.655254e-02 6.953029e-02 6.964379e-02 5.750205e-02 5.752814e-02 5.756515e-02
86 9.366598e-02 9.370552e-02 9.346389e-02 9.565057e-01 9.564881e-01 9.565613e-01 4.349337e-02 8.140765e-02 8.133024e-02 6.358356e-02 6.360473e-02 6.370055e-02
87 1.273202e-01 1.273865e-01 1.275142e-01 9.425965e-01 9.425684e-01 9.424837e-01 5.740526e-02 1.048314e-01 1.050158e-01 7.480896e-02 7.483741e-02 7.501936e-02
88 1.511669e-01 1.512233e-01 1.513140e-01 9.313422e-01 9.313183e-01 9.312983e-01 6.865458e-02 1.260218e-01 1.260322e-01 9.120482e-02 9.122690e-02 9.118897e-02
89 5.404780e-02 5.408163e-02 5.410569e-02 9.738935e-01 9.738774e-01 9.738646e-01 2.611064e-02 5.054465e-02 5.057123e-02 4.442212e-02 4.444706e-02 4.447521e-02
90 5.419059e-03 5.422247e-03 5.402852e-03 9.972981e-01 9.972965e-01 9.973061e-01 2.702235e-03 5.391892e-03 5.372818e-03 5.328891e-03 5.331994e-03 5.313543e-03
91 1.249262e-03 1.249890e-03 1.252100e-03 9.993759e-01 9.993756e-01 9.993745e-01 6.241428e-04 1.247876e-03 1.250075e-03 1.243243e-03 1.243866e-03 1.246041e-03
92 7.522727e-04 7.526869e-04 7.498030e-04 9.996241e-01 9.996239e-01 9.996254e-01 3.758735e-04 7.516195e-04 7.487451e-04 7.490813e-04 7.494931e-04 7.466374e-04
93 2.437216e-04 2.438491e-04 2.429955e-04 9.998782e-01 9.998781e-01 9.998785e-01 1.218376e-04 2.437556e-04 2.429027e-04 2.434415e-04 2.435688e-04 2.427173e-04
94 7.617309e-05 7.620961e-05 7.638872e-05 9.999619e-01 9.999619e-01 9.999618e-01 3.808656e-05 7.620369e-05 7.638270e-05 7.615533e-05 7.619184e-05 7.637066e-05
95 4.058305e-05 4.060484e-05 4.057176e-05 9.999797e-01 9.999797e-01 9.999797e-01 2.029099e-05 4.060250e-05 4.056949e-05 4.057603e-05 4.059781e-05 4.056495e-05
96 1.007258e-04 1.007682e-04 1.007594e-04 9.999496e-01 9.999496e-01 9.999496e-01 5.035973e-05 1.007555e-04 1.007467e-04 1.006877e-04 1.007301e-04 1.007215e-04
97 1.408879e-04 1.409439e-04 1.407371e-04 9.999296e-01 9.999295e-01 9.999296e-01 7.043662e-05 1.409266e-04 1.407199e-04 1.408359e-04 1.408919e-04 1.406854e-04
98 4.136214e-04 4.137945e-04 4.133911e-04 9.997932e-01 9.997931e-01 9.997933e-01 2.067676e-04 4.136379e-04 4.132371e-04 4.131520e-04 4.133248e-04 4.129295e-04
99 1.461927e-03 1.462494e-03 1.463963e-03 9.992696e-01 9.992693e-01 9.992686e-01 7.303645e-04 1.460206e-03 1.461682e-03 1.455085e-03 1.455647e-03 1.457138e-03
100 5.002454e-03 5.004109e-03 5.003457e-03 9.975048e-01 9.975040e-01 9.975043e-01 2.494932e-03 4.979921e-03 4.979585e-03 4.930446e-03 4.932060e-03 4.932334e-03
101 1.107049e-02 1.107527e-02 1.109396e-02 9.944952e-01 9.944928e-01 9.944834e-01 5.504886e-03 1.095416e-02 1.097303e-02 1.071315e-02 1.071769e-02 1.073687e-02
102 2.098719e-02 2.099515e-02 2.086254e-02 9.896560e-01 9.896521e-01 9.897140e-01 1.034293e-02 2.040765e-02 2.029191e-02 1.930974e-02 1.931659e-02 1.922954e-02
103 5.111810e-02 5.114175e-02 5.125356e-02 9.752253e-01 9.752140e-01 9.751655e-01 2.477573e-02 4.812227e-02 4.820752e-02 4.291540e-02 4.293371e-02 4.298676e-02
104 5.721019e-02 5.722876e-02 5.722675e-02 9.724233e-01 9.724146e-01 9.724230e-01 2.757420e-02 5.327613e-02 5.324807e-02 4.652436e-02 4.653720e-02 4.648051e-02
105 4.934493e-02 4.936603e-02 4.943344e-02 9.761632e-01 9.761533e-01 9.761203e-01 2.383658e-02 4.614879e-02 4.621294e-02 4.061537e-02 4.063072e-02 4.068719e-02
106 8.118754e-02 8.122900e-02 8.142024e-02 9.611189e-01 9.610995e-01 9.610095e-01 3.888392e-02 7.466684e-02 7.483762e-02 6.359511e-02 6.362335e-02 6.376547e-02
107 6.601793e-03 6.605443e-03 6.600752e-03 9.967102e-01 9.967084e-01 9.967107e-01 3.290232e-03 6.561137e-03 6.556483e-03 6.470411e-03 6.473941e-03 6.469370e-03
108 8.301113e-03 8.304654e-03 8.315007e-03 9.958690e-01 9.958673e-01 9.958620e-01 4.130968e-03 8.226709e-03 8.237376e-03 8.070673e-03 8.074052e-03 8.085299e-03
109 4.731038e-03 4.733685e-03 4.754168e-03 9.976440e-01 9.976426e-01 9.976325e-01 2.356074e-03 4.695969e-03 4.715929e-03 4.619701e-03 4.622253e-03 4.641184e-03
110 9.504977e-03 9.508930e-03 9.510255e-03 9.952743e-01 9.952724e-01 9.952717e-01 4.725648e-03 9.402160e-03 9.403544e-03 9.189632e-03 9.193374e-03 9.194869e-03
111 1.179990e-03 1.180805e-03 1.184583e-03 9.994110e-01 9.994105e-01 9.994087e-01 5.890823e-04 1.177007e-03 1.180731e-03 1.168668e-03 1.169472e-03 1.173091e-03
112 1.242681e-04 1.243714e-04 1.238703e-04 9.999379e-01 9.999378e-01 9.999381e-01 6.214958e-05 1.243470e-04 1.238461e-04 1.241950e-04 1.242982e-04 1.237978e-04
113 4.692822e-05 4.695313e-05 4.688157e-05 9.999765e-01 9.999765e-01 9.999766e-01 2.346396e-05 4.694998e-05 4.687843e-05 4.691879e-05 4.694369e-05 4.687214e-05
114 3.283199e-05 3.284325e-05 3.282565e-05 9.999836e-01 9.999836e-01 9.999836e-01 1.641396e-05 3.284198e-05 3.282439e-05 3.282819e-05 3.283944e-05 3.282188e-05
115 1.015769e-04 1.016125e-04 1.016031e-04 9.999492e-01 9.999492e-01 9.999492e-01 5.078054e-05 1.016007e-04 1.015913e-04 1.015415e-04 1.015771e-04 1.015676e-04
116 2.425126e-04 2.426247e-04 2.408601e-04 9.998788e-01 9.998787e-01 9.998796e-01 1.212377e-04 2.425592e-04 2.407970e-04 2.423165e-04 2.424284e-04 2.406709e-04
117 9.020055e-04 9.024623e-04 9.016359e-04 9.995493e-01 9.995491e-01 9.995495e-01 4.507199e-04 9.013294e-04 9.005190e-04 8.986170e-04 8.990711e-04 8.982921e-04
118 2.591269e-03 2.592591e-03 2.589492e-03 9.987067e-01 9.987061e-01 9.987076e-01 1.293261e-03 2.583127e-03 2.580054e-03 2.563075e-03 2.564374e-03 2.561350e-03
