0 1.037560e+01 1.038322e+01 1.038321e+01 4.115321e-01 4.114357e-01 4.108470e-01 5.884262e-01 6.561482e-01 6.584989e-01 5.822702e-02 5.822001e-02 5.960502e-02
1 6.464470e+01 6.467131e+01 6.471852e+01 5.575683e-03 5.566016e-03 1.847139e-03 9.944249e-01 9.992564e-01 9.999703e-01 7.189460e-04 7.170961e-04 2.970684e-05
2 1.050471e+02 1.049946e+02 1.039594e+02 3.950260e-03 3.938170e-03 2.433771e-03 9.960514e-01 9.997541e-01 9.999446e-01 2.452128e-04 2.439467e-04 5.538463e-05
3 9.782190e+01 9.801068e+01 9.833371e+01 1.670512e-02 1.666464e-02 1.044973e-02 9.832999e-01 9.964980e-01 9.993469e-01 3.007730e-03 2.999306e-03 6.492705e-04
4 6.293141e+01 6.297111e+01 6.322166e+01 2.016066e-02 2.011073e-02 1.922324e-02 9.798450e-01 9.977502e-01 9.980923e-01 2.209186e-03 2.199623e-03 1.880747e-03
5 3.033993e+01 3.036180e+01 3.021212e+01 6.142562e-02 6.132002e-02 5.629223e-02 9.385840e-01 9.855322e-01 9.895960e-01 1.253890e-02 1.250936e-02 9.831069e-03
6 8.878678e+00 8.885185e+00 8.716788e+00 2.441674e-01 2.439406e-01 2.437624e-01 7.558823e-01 8.760175e-01 8.764919e-01 7.548759e-02 7.541482e-02 7.568359e-02
7 1.889554e+00 1.890671e+00 1.884978e+00 5.979684e-01 5.977918e-01 5.975749e-01 4.020741e-01 5.497335e-01 5.501769e-01 1.508404e-01 1.508307e-01 1.513368e-01
8 9.801404e-01 9.808688e-01 9.569025e-01 7.717346e-01 7.715886e-01 7.717365e-01 2.282978e-01 3.348998e-01 3.347269e-01 1.251386e-01 1.251635e-01 1.252433e-01
9 5.163921e-01 5.167994e-01 5.007402e-01 8.483978e-01 8.482806e-01 8.485793e-01 1.516288e-01 2.406687e-01 2.405088e-01 1.198444e-01 1.198944e-01 1.202290e-01
10 3.126306e-01 3.128532e-01 3.110021e-01 8.831810e-01 8.830982e-01 8.830165e-01 1.168412e-01 1.953180e-01 1.955269e-01 1.107538e-01 1.108092e-01 1.108553e-01
11 7.901238e-01 7.905170e-01 7.910200e-01 7.334764e-01 7.333699e-01 7.331641e-01 2.665265e-01 4.095975e-01 4.099743e-01 1.617569e-01 1.617648e-01 1.620108e-01
12 5.121813e+00 5.124645e+00 5.114540e+00 3.499518e-01 3.497717e-01 3.489257e-01 6.500743e-01 7.975184e-01 7.990843e-01 1.104001e-01 1.103483e-01 1.113021e-01
13 1.319326e+01 1.319981e+01 1.318869e+01 1.114724e-01 1.113776e-01 1.101580e-01 8.885255e-01 9.623530e-01 9.642589e-01 2.983486e-02 2.980424e-02 2.943687e-02
14 1.972696e+01 1.973551e+01 1.973599e+01 4.901453e-02 4.895952e-02 4.697365e-02 9.509935e-01 9.900096e-01 9.915141e-01 9.145619e-03 9.130697e-03 8.041471e-03
15 1.246954e+01 1.247694e+01 1.247790e+01 2.725297e-01 2.723676e-01 2.717871e-01 7.275119e-01 8.348802e-01 8.357360e-01 8.364145e-02 8.359860e-02 8.410687e-02
16 9.502511e+00 9.506324e+00 9.559803e+00 1.795584e-01 1.794478e-01 1.758629e-01 8.204253e-01 9.207755e-01 9.264466e-01 4.937551e-02 4.934075e-02 5.095580e-02
17 1.298124e+01 1.298901e+01 1.295428e+01 1.131643e-01 1.130492e-01 1.113406e-01 8.868573e-01 9.665649e-01 9.681664e-01 2.871178e-02 2.867164e-02 2.786432e-02
18 6.735061e+00 6.739051e+00 6.713374e+00 3.125390e-01 3.123376e-01 3.107440e-01 6.875044e-01 8.295591e-01 8.323969e-01 9.936985e-02 9.930362e-02 1.002047e-01
19 2.542480e+00 2.543789e+00 2.532701e+00 5.432624e-01 5.431003e-01 5.422189e-01 4.567489e-01 6.132794e-01 6.147015e-01 1.499794e-01 1.499686e-01 1.505400e-01
20 9.501365e-01 9.509816e-01 9.478656e-01 7.519990e-01 7.518252e-01 7.512032e-01 2.480602e-01 3.763661e-01 3.774753e-01 1.592342e-01 1.592668e-01 1.599089e-01
21 3.818742e-01 3.821219e-01 3.730052e-01 8.661377e-01 8.660543e-01 8.662547e-01 1.338685e-01 2.236005e-01 2.237567e-01 1.288327e-01 1.288769e-01 1.293284e-01
22 2.512076e-01 2.513473e-01 2.507835e-01 8.903666e-01 8.903044e-01 8.902379e-01 1.096469e-01 1.968502e-01 1.970536e-01 1.338768e-01 1.339301e-01 1.340497e-01
23 1.203129e-01 1.203887e-01 1.196352e-01 9.442743e-01 9.442397e-01 9.444442e-01 5.572950e-02 1.041274e-01 1.039027e-01 8.064576e-02 8.068977e-02 8.078343e-02
24 4.350970e-02 4.353957e-02 4.146301e-02 9.874272e-01 9.874191e-01 9.868201e-01 1.257135e-02 2.069121e-02 2.090693e-02 1.349309e-02 1.349982e-02 1.281899e-02
25 2.258558e-02 2.261129e-02 2.162245e-02 9.914883e-01 9.914770e-01 9.911969e-01 8.516865e-03 1.458727e-02 1.514702e-02 9.906098e-03 9.920069e-03 9.789614e-03
26 2.903455e-03 2.904898e-03 2.877164e-03 9.985514e-01 9.985507e-01 9.985642e-01 1.448497e-03 2.892391e-03 2.865943e-03 2.866305e-03 2.867728e-03 2.843739e-03
27 1.370270e-02 1.371102e-02 1.369422e-02 9.932617e-01 9.932576e-01 9.932591e-01 6.737848e-03 1.327088e-02 1.327870e-02 1.247154e-02 1.247907e-02 1.251698e-02
28 7.300512e-02 7.303927e-02 7.306736e-02 9.648915e-01 9.648753e-01 9.648593e-01 3.510712e-02 6.770185e-02 6.773375e-02 5.868396e-02 5.870885e-02 5.873059e-02
29 2.291356e-01 2.292301e-01 2.290415e-01 8.968740e-01 8.968318e-01 8.968677e-01 1.031281e-01 1.879732e-01 1.879501e-01 1.323046e-01 1.323473e-01 1.323841e-01
30 2.595853e-01 2.597061e-01 2.592255e-01 8.853214e-01 8.852688e-01 8.853323e-01 1.146808e-01 2.063329e-01 2.062963e-01 1.390197e-01 1.390622e-01 1.391167e-01
31 3.248929e-01 3.250780e-01 3.236956e-01 8.658804e-01 8.658036e-01 8.659288e-01 1.341320e-01 2.334452e-01 2.334146e-01 1.450627e-01 1.451137e-01 1.453095e-01
32 9.609332e-01 9.613177e-01 9.644623e-01 6.795436e-01 6.794332e-01 6.786358e-01 3.204645e-01 4.919696e-01 4.930886e-01 1.894034e-01 1.894050e-01 1.897489e-01
33 2.789890e+00 2.791316e+00 2.802810e+00 4.356432e-01 4.354663e-01 4.344305e-01 5.643862e-01 7.404240e-01 7.422610e-01 1.426529e-01 1.426054e-01 1.435185e-01
34 7.992211e+00 7.995752e+00 7.991210e+00 2.368687e-01 2.367602e-01 2.361621e-01 7.631208e-01 8.912407e-01 8.921951e-01 7.644347e-02 7.640408e-02 7.642317e-02
35 1.187939e+01 1.188499e+01 1.189850e+01 1.701497e-01 1.700237e-01 1.680534e-01 8.298581e-01 9.340069e-01 9.364864e-01 4.961767e-02 4.957013e-02 4.904115e-02
36 1.069063e+01 1.069624e+01 1.071775e+01 1.420233e-01 1.419052e-01 1.390791e-01 8.579914e-01 9.463004e-01 9.498392e-01 3.874683e-02 3.870814e-02 3.853212e-02
37 7.627208e+00 7.631383e+00 7.670019e+00 2.766767e-01 2.765041e-01 2.737498e-01 7.233363e-01 8.602062e-01 8.645634e-01 8.820997e-02 8.815166e-02 8.903236e-02
38 1.159037e+01 1.159534e+01 1.158646e+01 1.371061e-01 1.369951e-01 1.346249e-01 8.629064e-01 9.538061e-01 9.567645e-01 3.717881e-02 3.713856e-02 3.624021e-02
39 5.870337e+00 5.874563e+00 5.857608e+00 3.004924e-01 3.003007e-01 2.982909e-01 6.995474e-01 8.398151e-01 8.431177e-01 9.247757e-02 9.241731e-02 9.371138e-02
40 7.419999e-01 7.425107e-01 7.377575e-01 7.571390e-01 7.569976e-01 7.573201e-01 2.428944e-01 3.747898e-01 3.745051e-01 1.513813e-01 1.513983e-01 1.514435e-01
41 1.009039e-01 1.009799e-01 1.010269e-01 9.526009e-01 9.525666e-01 9.525191e-01 4.741051e-02 8.956288e-02 8.968296e-02 7.200577e-02 7.204800e-02 7.219959e-02
42 5.059951e-02 5.062797e-02 5.105423e-02 9.756526e-01 9.756390e-01 9.754631e-01 2.434790e-02 4.698702e-02 4.727862e-02 4.087545e-02 4.089674e-02 4.101011e-02
43 2.146808e-02 2.147551e-02 2.143565e-02 9.894068e-01 9.894031e-01 9.894226e-01 1.059219e-02 2.091975e-02 2.088160e-02 1.986129e-02 1.986810e-02 1.983316e-02
44 7.515868e-03 7.522681e-03 7.530499e-03 9.962666e-01 9.962632e-01 9.962593e-01 3.734602e-03 7.425307e-03 7.433009e-03 7.230628e-03 7.237059e-03 7.244468e-03
45 3.129217e-03 3.130058e-03 3.133600e-03 9.984390e-01 9.984386e-01 9.984368e-01 1.560600e-03 3.115641e-03 3.119054e-03 3.086278e-03 3.087134e-03 3.090298e-03
46 3.796402e-03 3.798947e-03 3.798515e-03 9.981063e-01 9.981050e-01 9.981052e-01 1.894119e-03 3.781088e-03 3.780665e-03 3.743276e-03 3.745760e-03 3.745355e-03
47 8.386945e-03 8.390968e-03 8.399626e-03 9.958265e-01 9.958245e-01 9.958201e-01 4.173553e-03 8.311451e-03 8.320571e-03 8.151839e-03 8.155717e-03 8.165694e-03
48 4.018254e-02 4.020843e-02 4.014767e-02 9.806756e-01 9.806631e-01 9.806646e-01 1.932470e-02 3.731064e-02 3.733972e-02 3.262471e-02 3.264536e-02 3.272209e-02
49 2.436323e-01 2.437747e-01 2.440384e-01 8.956097e-01 8.955508e-01 8.953912e-01 1.043914e-01 1.854328e-01 1.856492e-01 1.225613e-01 1.226080e-01 1.227014e-01
50 8.941747e-01 8.946093e-01 8.998649e-01 7.107203e-01 7.106024e-01 7.102791e-01 2.892914e-01 4.469495e-01 4.474795e-01 1.823371e-01 1.823477e-01 1.828462e-01
51 1.152045e+00 1.152542e+00 1.153806e+00 6.717055e-01 6.716006e-01 6.722090e-01 3.282884e-01 4.810277e-01 4.805328e-01 1.649006e-01 1.649134e-01 1.652274e-01
52 8.121277e-01 8.120971e-01 8.094405e-01 7.291127e-01 7.290080e-01 7.287108e-01 2.708843e-01 4.194381e-01 4.201633e-01 1.736816e-01 1.737059e-01 1.742307e-01
53 1.527018e+00 1.528222e+00 1.534490e+00 5.911722e-01 5.910030e-01 5.904668e-01 4.088629e-01 5.882743e-01 5.892049e-01 1.769283e-01 1.769081e-01 1.778456e-01
54 1.323214e+00 1.324008e+00 1.318583e+00 6.480012e-01 6.478354e-01 6.481002e-01 3.520532e-01 5.075440e-01 5.072679e-01 1.648584e-01 1.648492e-01 1.649394e-01
55 6.755151e-01 6.758454e-01 6.756075e-01 7.627027e-01 7.625960e-01 7.623644e-01 2.373203e-01 3.725933e-01 3.730344e-01 1.596622e-01 1.596929e-01 1.600208e-01
56 1.418048e-01 1.418766e-01 1.419966e-01 9.354698e-01 9.354379e-01 9.353836e-01 6.453225e-02 1.188172e-01 1.189104e-01 8.737720e-02 8.741469e-02 8.745971e-02
57 1.769481e-02 1.770692e-02 1.766559e-02 9.912582e-01 9.912522e-01 9.912714e-01 8.743209e-03 1.728998e-02 1.725414e-02 1.648870e-02 1.649976e-02 1.647348e-02
58 6.259792e-03 6.263256e-03 6.241747e-03 9.968850e-01 9.968833e-01 9.968939e-01 3.115040e-03 6.204025e-03 6.183085e-03 6.084778e-03 6.088109e-03 6.068258e-03
59 3.891891e-03 3.893487e-03 3.907115e-03 9.980601e-01 9.980593e-01 9.980526e-01 1.939624e-03 3.869209e-03 3.882645e-03 3.819839e-03 3.821395e-03 3.834455e-03
60 1.737601e-03 1.738990e-03 1.735805e-03 9.991327e-01 9.991320e-01 9.991336e-01 8.674900e-04 1.732986e-03 1.729900e-03 1.719708e-03 1.721083e-03 1.718188e-03
61 8.472958e-04 8.478052e-04 8.478627e-04 9.995766e-01 9.995764e-01 9.995763e-01 4.234239e-04 8.467381e-04 8.467937e-04 8.441029e-04 8.446103e-04 8.446619e-04
62 1.407640e-03 1.408363e-03 1.406135e-03 9.992968e-01 9.992964e-01 9.992975e-01 7.032386e-04 1.406058e-03 1.403844e-03 1.400746e-03 1.401464e-03 1.399278e-03
63 5.199781e-03 5.202620e-03 5.230812e-03 9.974119e-01 9.974105e-01 9.973963e-01 2.587942e-03 5.155979e-03 5.184571e-03 5.063550e-03 5.066291e-03 5.095167e-03
64 1.711930e-02 1.712741e-02 1.712110e-02 9.915143e-01 9.915103e-01 9.915129e-01 8.485611e-03 1.683428e-02 1.682989e-02 1.626233e-02 1.626987e-02 1.626879e-02
65 4.949114e-02 4.951174e-02 4.942053e-02 9.758112e-01 9.758012e-01 9.758353e-01 2.418788e-02 4.733689e-02 4.728801e-02 4.336717e-02 4.338405e-02 4.339459e-02
66 1.126223e-01 1.126656e-01 1.128207e-01 9.464101e-01 9.463900e-01 9.463066e-01 5.358927e-02 1.022986e-01 1.024713e-01 8.517087e-02 8.519903e-02 8.537650e-02
67 1.748328e-01 1.749130e-01 1.750637e-01 9.188360e-01 9.187996e-01 9.186895e-01 8.116661e-02 1.516734e-01 1.519266e-01 1.166167e-01 1.166599e-01 1.169605e-01
68 3.819134e-01 3.820547e-01 3.813791e-01 8.396393e-01 8.395860e-01 8.396910e-01 1.603553e-01 2.778397e-01 2.777869e-01 1.636314e-01 1.636574e-01 1.638231e-01
69 7.222066e-01 7.225679e-01 7.254034e-01 7.455295e-01 7.454226e-01 7.447902e-01 2.544811e-01 4.058711e-01 4.068600e-01 1.843377e-01 1.843620e-01 1.852638e-01
70 7.806769e-01 7.810138e-01 7.773674e-01 7.311541e-01 7.310572e-01 7.312254e-01 2.688541e-01 4.256353e-01 4.257865e-01 1.890761e-01 1.890954e-01 1.896372e-01
71 8.598294e-01 8.602303e-01 8.605132e-01 7.190634e-01 7.189508e-01 7.188414e-01 2.809564e-01 4.324708e-01 4.326706e-01 1.746286e-01 1.746468e-01 1.749121e-01
72 7.352265e-01 7.355139e-01 7.356090e-01 7.354455e-01 7.353614e-01 7.349096e-01 2.645486e-01 4.253428e-01 4.261755e-01 1.966322e-01 1.966459e-01 1.971947e-01
73 1.067899e+00 1.068374e+00 1.076748e+00 6.724484e-01 6.723355e-01 6.714402e-01 3.275539e-01 4.861389e-01 4.873389e-01 1.712597e-01 1.712716e-01 1.718998e-01
74 3.573023e-01 3.577019e-01 3.570980e-01 9.236133e-01 9.235168e-01 9.242256e-01 7.641949e-02 1.283900e-01 1.280733e-01 7.808221e-02 7.814069e-02 7.838218e-02
75 1.048974e-02 1.049558e-02 1.047563e-02 9.947891e-01 9.947862e-01 9.947951e-01 5.211066e-03 1.036075e-02 1.034516e-02 1.009540e-02 1.010099e-02 1.009267e-02
76 9.014597e-03 9.018794e-03 9.037457e-03 9.955135e-01 9.955114e-01 9.955021e-01 4.486523e-03 8.935846e-03 8.954427e-03 8.769016e-03 8.773083e-03 8.791501e-03
77 3.208484e-03 3.210174e-03 3.210364e-03 9.983987e-01 9.983978e-01 9.983977e-01 1.601369e-03 3.198538e-03 3.198697e-03 3.173782e-03 3.175447e-03 3.175544e-03
78 7.840699e-04 7.845219e-04 7.848739e-04 9.996082e-01 9.996080e-01 9.996078e-01 3.918107e-04 7.836043e-04 7.839939e-04 7.813255e-04 7.817756e-04 7.822388e-04
79 7.972867e-04 7.976138e-04 7.972139e-04 9.996015e-01 9.996013e-01 9.996015e-01 3.984916e-04 7.970167e-04 7.966199e-04 7.954983e-04 7.958243e-04 7.954338e-04
80 1.419796e-03 1.420364e-03 1.422350e-03 9.992906e-01 9.992903e-01 9.992893e-01 7.093648e-04 1.418334e-03 1.420323e-03 1.413724e-03 1.414287e-03 1.416280e-03
81 2.195998e-03 2.196831e-03 2.200780e-03 9.989032e-01 9.989028e-01 9.989008e-01 1.096786e-03 2.192039e-03 2.195974e-03 2.181674e-03 2.182500e-03 2.186407e-03
82 3.616784e-03 3.618446e-03 3.593550e-03 9.981953e-01 9.981945e-01 9.982067e-01 1.804595e-03 3.603690e-03 3.579772e-03 3.572879e-03 3.574520e-03 3.552481e-03
83 1.123611e-02 1.124195e-02 1.117047e-02 9.944216e-01 9.944187e-01 9.944526e-01 5.578481e-03 1.108499e-02 1.102067e-02 1.077771e-02 1.078326e-02 1.073148e-02
84 3.483779e-02 3.484950e-02 3.494539e-02 9.829094e-01 9.829036e-01 9.828569e-01 1.708879e-02 3.356484e-02 3.365564e-02 3.120114e-02 3.121126e-02 3.128980e-02
85 5.650837e-02 5.653658e-02 5.665675e-02 9.727899e-01 9.727764e-01 9.727237e-01 2.721215e-02 5.254049e-02 5.263424e-02 4.581116e-02 4.583297e-02 4.589391e-02
86 5.077705e-02 5.079863e-02 5.081479e-02 9.755259e-01 9.755157e-01 9.755075e-01 2.447377e-02 4.729744e-02 4.731338e-02 4.139755e-02 4.141372e-02 4.142606e-02
87 7.493779e-02 7.497720e-02 7.413026e-02 9.645966e-01 9.645784e-01 9.648957e-01 3.540433e-02 6.724263e-02 6.675740e-02 5.525196e-02 5.527713e-02 5.516842e-02
88 7.734250e-02 7.736972e-02 7.746203e-02 9.632901e-01 9.632775e-01 9.632295e-01 3.670633e-02 6.996294e-02 7.005762e-02 5.813850e-02 5.815572e-02 5.823107e-02
89 4.852381e-02 4.855433e-02 4.850734e-02 9.764245e-01 9.764099e-01 9.764279e-01 2.357947e-02 4.588878e-02 4.586210e-02 4.114049e-02 4.116428e-02 4.116654e-02
90 7.932390e-03 7.936870e-03 7.906846e-03 9.960531e-01 9.960508e-01 9.960653e-01 3.947210e-03 7.860210e-03 7.832294e-03 7.706216e-03 7.710517e-03 7.686530e-03
91 9.927178e-04 9.931650e-04 9.926490e-04 9.995039e-01 9.995037e-01 9.995039e-01 4.961134e-04 9.921304e-04 9.916181e-04 9.896205e-04 9.900658e-04 9.895609e-04
92 6.488108e-04 6.491677e-04 6.463532e-04 9.996757e-01 9.996756e-01 9.996770e-01 3.242623e-04 6.485630e-04 6.457639e-04 6.470007e-04 6.473565e-04 6.445880e-04
93 3.244706e-04 3.246296e-04 3.245110e-04 9.998378e-01 9.998377e-01 9.998378e-01 1.621980e-04 3.244855e-04 3.243670e-04 3.240389e-04 3.241976e-04 3.240793e-04
94 1.338488e-04 1.339181e-04 1.343509e-04 9.999331e-01 9.999330e-01 9.999328e-01 6.692279e-05 1.338975e-04 1.343300e-04 1.337869e-04 1.338563e-04 1.342883e-04
95 5.351332e-05 5.353993e-05 5.355310e-05 9.999732e-01 9.999732e-01 9.999732e-01 2.675606e-05 5.353666e-05 5.354983e-05 5.350352e-05 5.353013e-05 5.354330e-05
96 9.769539e-05 9.774310e-05 9.761201e-05 9.999512e-01 9.999511e-01 9.999512e-01 4.884490e-05 9.773258e-05 9.760167e-05 9.766385e-05 9.771154e-05 9.758099e-05
97 2.333340e-04 2.334480e-04 2.335005e-04 9.998833e-01 9.998833e-01 9.998833e-01 1.166490e-04 2.333880e-04 2.334419e-04 2.331540e-04 2.332680e-04 2.333249e-04
98 7.381151e-04 7.384189e-04 7.375806e-04 9.996311e-01 9.996309e-01 9.996313e-01 3.689001e-04 7.378662e-04 7.370320e-04 7.364601e-04 7.367629e-04 7.359367e-04
99 2.521956e-03 2.522927e-03 2.512766e-03 9.987405e-01 9.987400e-01 9.987451e-01 1.259459e-03 2.516963e-03 2.506920e-03 2.504136e-03 2.505098e-03 2.495289e-03
100 5.791278e-03 5.793065e-03 5.803074e-03 9.971109e-01 9.971100e-01 9.971050e-01 2.888925e-03 5.766991e-03 5.776971e-03 5.713534e-03 5.715286e-03 5.725210e-03
101 1.087099e-02 1.087595e-02 1.095917e-02 9.945998e-01 9.945973e-01 9.945568e-01 5.400133e-03 1.073606e-02 1.081491e-02 1.046187e-02 1.046656e-02 1.053713e-02
102 1.821367e-02 1.822160e-02 1.820662e-02 9.910106e-01 9.910067e-01 9.910141e-01 8.988792e-03 1.775962e-02 1.774540e-02 1.689078e-02 1.689782e-02 1.688535e-02
103 3.163911e-02 3.165364e-02 3.176223e-02 9.844667e-01 9.844596e-01 9.844111e-01 1.553394e-02 3.053299e-02 3.061986e-02 2.846606e-02 2.847881e-02 2.853138e-02
104 2.948432e-02 2.949392e-02 2.955352e-02 9.855388e-01 9.855341e-01 9.855054e-01 1.445981e-02 2.839512e-02 2.845045e-02 2.637998e-02 2.638820e-02 2.643479e-02
105 2.373828e-02 2.374954e-02 2.370125e-02 9.882955e-01 9.882900e-01 9.883109e-01 1.170505e-02 2.310157e-02 2.306581e-02 2.188072e-02 2.189061e-02 2.187490e-02
106 4.913516e-02 4.915579e-02 4.908139e-02 9.760056e-01 9.759956e-01 9.760306e-01 2.399524e-02 4.691479e-02 4.684887e-02 4.281326e-02 4.283026e-02 4.277936e-02
107 5.111313e-03 5.114172e-03 5.122731e-03 9.974508e-01 9.974494e-01 9.974451e-01 2.549598e-03 5.088377e-03 5.096899e-03 5.034552e-03 5.037340e-03 5.045788e-03
108 4.258165e-03 4.260211e-03 4.261527e-03 9.978761e-01 9.978751e-01 9.978744e-01 2.123878e-03 4.239379e-03 4.240768e-03 4.196197e-03 4.198200e-03 4.199728e-03
109 2.151466e-03 2.152692e-03 2.153824e-03 9.989261e-01 9.989255e-01 9.989249e-01 1.073926e-03 2.145462e-03 2.146761e-03 2.129950e-03 2.131159e-03 2.132776e-03
110 5.074974e-03 5.077247e-03 5.078044e-03 9.974706e-01 9.974695e-01 9.974691e-01 2.529392e-03 5.045030e-03 5.045768e-03 4.979221e-03 4.981432e-03 4.982052e-03
111 1.166478e-03 1.167309e-03 1.162437e-03 9.994177e-01 9.994173e-01 9.994197e-01 5.823227e-04 1.163536e-03 1.158760e-03 1.155224e-03 1.156043e-03 1.151456e-03
112 7.982872e-05 7.990234e-05 7.959794e-05 9.999601e-01 9.999601e-01 9.999602e-01 3.992703e-05 7.989095e-05 7.958673e-05 7.979462e-05 7.986817e-05 7.956431e-05
113 4.479091e-05 4.481448e-05 4.484655e-05 9.999776e-01 9.999776e-01 9.999776e-01 2.239494e-05 4.481135e-05 4.484342e-05 4.478152e-05 4.480509e-05 4.483717e-05
114 3.465882e-05 3.467208e-05 3.472228e-05 9.999827e-01 9.999827e-01 9.999826e-01 1.732787e-05 3.467070e-05 3.472090e-05 3.465469e-05 3.466795e-05 3.471814e-05
115 7.683072e-05 7.686203e-05 7.678849e-05 9.999616e-01 9.999616e-01 9.999616e-01 3.841031e-05 7.685491e-05 7.678144e-05 7.680935e-05 7.684065e-05 7.676734e-05
116 3.374865e-04 3.376691e-04 3.396607e-04 9.998313e-01 9.998312e-01 9.998302e-01 1.686890e-04 3.374781e-04 3.394616e-04 3.369147e-04 3.370969e-04 3.390643e-04
117 1.063707e-03 1.064262e-03 1.063276e-03 9.994685e-01 9.994683e-01 9.994687e-01 5.314755e-04 1.062734e-03 1.061767e-03 1.059138e-03 1.059690e-03 1.058759e-03
118 1.789511e-03 1.790407e-03 1.784661e-03 9.991063e-01 9.991059e-01 9.991087e-01 8.937022e-04 1.786192e-03 1.780552e-03 1.776920e-03 1.777807e-03 1.772378e-03
