0 2.783736e+01 2.785705e+01 2.782709e+01 3.017437e-01 3.016723e-01 2.987449e-01 6.982098e-01 7.526585e-01 7.560931e-01 4.714769e-02 4.714055e-02 4.791350e-02
1 1.349088e+02 1.349542e+02 1.351378e+02 6.951593e-04 6.933054e-04 4.786305e-05 9.993049e-01 9.999810e-01 1.000000e+00 1.912322e-05 1.902850e-05 2.254306e-08
2 1.845562e+02 1.844745e+02 1.853339e+02 2.689760e-03 2.680271e-03 2.761887e-03 9.973109e-01 9.999038e-01 9.999252e-01 9.663900e-05 9.599708e-05 7.470455e-05
3 1.335800e+02 1.338948e+02 1.340016e+02 2.193393e-02 2.188621e-02 2.062476e-02 9.780711e-01 9.951366e-01 9.965373e-01 4.438797e-03 4.424728e-03 3.341491e-03
4 5.636826e+01 5.640444e+01 5.586491e+01 5.121260e-02 5.111888e-02 4.987599e-02 9.487946e-01 9.885883e-01 9.897344e-01 1.039137e-02 1.036235e-02 9.603014e-03
5 1.615096e+01 1.616287e+01 1.612392e+01 1.439240e-01 1.437476e-01 1.417606e-01 8.561039e-01 9.500026e-01 9.525022e-01 4.005711e-02 3.999211e-02 3.929182e-02
6 3.331670e+00 3.333712e+00 3.321217e+00 4.775226e-01 4.773141e-01 4.775668e-01 5.225322e-01 6.761418e-01 6.758930e-01 1.378969e-01 1.378565e-01 1.381882e-01
7 9.294967e-01 9.300633e-01 9.260980e-01 7.472953e-01 7.471716e-01 7.473472e-01 2.527204e-01 3.754927e-01 3.753081e-01 1.460765e-01 1.461028e-01 1.462003e-01
8 3.645930e-01 3.648496e-01 3.622964e-01 8.782249e-01 8.781439e-01 8.784913e-01 1.217937e-01 1.951554e-01 1.949401e-01 9.686339e-02 9.689805e-02 9.702241e-02
9 1.592197e-01 1.593366e-01 1.594422e-01 9.343902e-01 9.343401e-01 9.342930e-01 6.562057e-02 1.152035e-01 1.152127e-01 7.611807e-02 7.616065e-02 7.617236e-02
10 1.273468e-01 1.274228e-01 1.274956e-01 9.433672e-01 9.433339e-01 9.433154e-01 5.663772e-02 1.027876e-01 1.028244e-01 7.301274e-02 7.304927e-02 7.312591e-02
11 2.985815e-01 2.987213e-01 2.979253e-01 8.788271e-01 8.787777e-01 8.788490e-01 1.211687e-01 2.069416e-01 2.070101e-01 1.205345e-01 1.205612e-01 1.208226e-01
12 3.073920e+00 3.075636e+00 3.082462e+00 5.094068e-01 5.092614e-01 5.098230e-01 4.905969e-01 6.351086e-01 6.343497e-01 1.353623e-01 1.353476e-01 1.354072e-01
13 1.555481e+01 1.556260e+01 1.549826e+01 1.236022e-01 1.235036e-01 1.201178e-01 8.763909e-01 9.554151e-01 9.597061e-01 3.387919e-02 3.384567e-02 3.279383e-02
14 2.892352e+01 2.893641e+01 2.888559e+01 3.909219e-02 3.904337e-02 3.633297e-02 9.609115e-01 9.929414e-01 9.946204e-01 6.580849e-03 6.568533e-03 5.199069e-03
15 2.245938e+01 2.247301e+01 2.243502e+01 2.087701e-01 2.086307e-01 2.071106e-01 7.912622e-01 8.782761e-01 8.799545e-01 6.430556e-02 6.426593e-02 6.450306e-02
16 1.911621e+01 1.912478e+01 1.919503e+01 9.410532e-02 9.404229e-02 8.938143e-02 9.058728e-01 9.673984e-01 9.731858e-01 2.425946e-02 2.424184e-02 2.274486e-02
17 2.125331e+01 2.126482e+01 2.127101e+01 6.326060e-02 6.318060e-02 6.220490e-02 9.367553e-01 9.862588e-01 9.872098e-01 1.259188e-02 1.256877e-02 1.192342e-02
18 7.908990e+00 7.913485e+00 7.906942e+00 3.135682e-01 3.133940e-01 3.126881e-01 6.864594e-01 8.196683e-01 8.205838e-01 9.923667e-02 9.918626e-02 9.945266e-02
19 2.878983e+00 2.880444e+00 2.817139e+00 5.850899e-01 5.849402e-01 5.850203e-01 4.149033e-01 5.605284e-01 5.604919e-01 1.492932e-01 1.492997e-01 1.493011e-01
20 9.318579e-01 9.328999e-01 9.233888e-01 7.819874e-01 7.818296e-01 7.810391e-01 2.180682e-01 3.263799e-01 3.272610e-01 1.401494e-01 1.401882e-01 1.405192e-01
21 2.935797e-01 2.937744e-01 2.917570e-01 8.963780e-01 8.963124e-01 8.959148e-01 1.036259e-01 1.744995e-01 1.750187e-01 1.053930e-01 1.054353e-01 1.055424e-01
22 1.342350e-01 1.343175e-01 1.342142e-01 9.380770e-01 9.380389e-01 9.379524e-01 6.193008e-02 1.156579e-01 1.158684e-01 9.006946e-02 9.011564e-02 9.023811e-02
23 4.268575e-02 4.271452e-02 4.266315e-02 9.793920e-01 9.793782e-01 9.793942e-01 2.060929e-02 3.990776e-02 3.988579e-02 3.520097e-02 3.522330e-02 3.521041e-02
24 9.901701e-03 9.908516e-03 9.756251e-03 9.957089e-01 9.957059e-01 9.956225e-01 4.290694e-03 7.715601e-03 7.975504e-03 5.603850e-03 5.607113e-03 5.771762e-03
25 6.486586e-03 6.493404e-03 6.467448e-03 9.969873e-01 9.969840e-01 9.969406e-01 3.013769e-03 5.665656e-03 5.815590e-03 4.582388e-03 4.587864e-03 4.821870e-03
26 1.010087e-03 1.010580e-03 1.012441e-03 9.994953e-01 9.994950e-01 9.994941e-01 5.047078e-04 1.009292e-03 1.011179e-03 1.006233e-03 1.006724e-03 1.008664e-03
27 4.306625e-03 4.309252e-03 4.260956e-03 9.978601e-01 9.978588e-01 9.978814e-01 2.139742e-03 4.256342e-03 4.213868e-03 4.153151e-03 4.155683e-03 4.123088e-03
28 3.662737e-02 3.664765e-02 3.638265e-02 9.822046e-01 9.821948e-01 9.823025e-01 1.779456e-02 3.465938e-02 3.448146e-02 3.126644e-02 3.128235e-02 3.120503e-02
29 2.164731e-01 2.165625e-01 2.164822e-01 9.043817e-01 9.043446e-01 9.045160e-01 9.561723e-02 1.721876e-01 1.718412e-01 1.172974e-01 1.173292e-01 1.172323e-01
30 2.736959e-01 2.738141e-01 2.742546e-01 8.795851e-01 8.795374e-01 8.793845e-01 1.204133e-01 2.151388e-01 2.153864e-01 1.395981e-01 1.396320e-01 1.398083e-01
31 2.451300e-01 2.452577e-01 2.460936e-01 8.922749e-01 8.922209e-01 8.918849e-01 1.077294e-01 1.933976e-01 1.939212e-01 1.302409e-01 1.302852e-01 1.305092e-01
32 6.415233e-01 6.417910e-01 6.400583e-01 7.613604e-01 7.612760e-01 7.615441e-01 2.386385e-01 3.873529e-01 3.870610e-01 1.838577e-01 1.838786e-01 1.840763e-01
33 1.741563e+00 1.742366e+00 1.730644e+00 5.429356e-01 5.427905e-01 5.426627e-01 4.570856e-01 6.378743e-01 6.385111e-01 1.670396e-01 1.670178e-01 1.677498e-01
34 7.461565e+00 7.464934e+00 7.471043e+00 2.517756e-01 2.516738e-01 2.496464e-01 7.481997e-01 8.766919e-01 8.796994e-01 7.999563e-02 7.995935e-02 8.037904e-02
35 1.847803e+01 1.848623e+01 1.851333e+01 1.083708e-01 1.082777e-01 1.068336e-01 8.916321e-01 9.648941e-01 9.665310e-01 2.858730e-02 2.855400e-02 2.799075e-02
36 1.669254e+01 1.670115e+01 1.662891e+01 1.004968e-01 1.004098e-01 1.000392e-01 8.995093e-01 9.666716e-01 9.674498e-01 2.665686e-02 2.662768e-02 2.670377e-02
37 1.575653e+01 1.576529e+01 1.575145e+01 1.669924e-01 1.668644e-01 1.647617e-01 8.330130e-01 9.243954e-01 9.284220e-01 5.029501e-02 5.025185e-02 5.120996e-02
38 2.085840e+01 2.086704e+01 2.089604e+01 7.190382e-02 7.183423e-02 6.831458e-02 9.281001e-01 9.814864e-01 9.844884e-01 1.615642e-02 1.613417e-02 1.425986e-02
39 6.109782e+00 6.114863e+00 6.103510e+00 3.228620e-01 3.226700e-01 3.211332e-01 6.771767e-01 8.156480e-01 8.182127e-01 9.808950e-02 9.803403e-02 9.933488e-02
40 4.198439e-01 4.201066e-01 4.206926e-01 8.386021e-01 8.385156e-01 8.384642e-01 1.614132e-01 2.665277e-01 2.666142e-01 1.356272e-01 1.356541e-01 1.357862e-01
41 9.365156e-02 9.373293e-02 9.346449e-02 9.562394e-01 9.562038e-01 9.562863e-01 4.377546e-02 8.235268e-02 8.225230e-02 6.536448e-02 6.540312e-02 6.543007e-02
42 3.894235e-02 3.896465e-02 3.897786e-02 9.811782e-01 9.811675e-01 9.811640e-01 1.882207e-02 3.647162e-02 3.647288e-02 3.221993e-02 3.223678e-02 3.221905e-02
43 1.107406e-02 1.107917e-02 1.108966e-02 9.945071e-01 9.945046e-01 9.944999e-01 5.492758e-03 1.090410e-02 1.091254e-02 1.056185e-02 1.056663e-02 1.057144e-02
44 3.702816e-03 3.705286e-03 3.711898e-03 9.981546e-01 9.981534e-01 9.981502e-01 1.845624e-03 3.681294e-03 3.687518e-03 3.631835e-03 3.634251e-03 3.639734e-03
45 1.929668e-03 1.930409e-03 1.928573e-03 9.990363e-01 9.990359e-01 9.990368e-01 9.636693e-04 1.926064e-03 1.924281e-03 1.916683e-03 1.917418e-03 1.915738e-03
46 1.965108e-03 1.966083e-03 1.960513e-03 9.990185e-01 9.990181e-01 9.990208e-01 9.814935e-04 1.961703e-03 1.956207e-03 1.952023e-03 1.952989e-03 1.947641e-03
47 5.252610e-03 5.254890e-03 5.257067e-03 9.973821e-01 9.973810e-01 9.973798e-01 2.617864e-03 5.221372e-03 5.223687e-03 5.153094e-03 5.155311e-03 5.157886e-03
48 1.776802e-02 1.777796e-02 1.766133e-02 9.912255e-01 9.912206e-01 9.912725e-01 8.774407e-03 1.734620e-02 1.725408e-02 1.652497e-02 1.653393e-02 1.648094e-02
49 1.115532e-01 1.116203e-01 1.108651e-01 9.489363e-01 9.489061e-01 9.489766e-01 5.106345e-02 9.511718e-02 9.516227e-02 7.431083e-02 7.434747e-02 7.452495e-02
50 8.032893e-01 8.036945e-01 8.036353e-01 7.461430e-01 7.460412e-01 7.460498e-01 2.538555e-01 3.943144e-01 3.947741e-01 1.682629e-01 1.682755e-01 1.689332e-01
51 1.840421e+00 1.841110e+00 1.856120e+00 5.747112e-01 5.746052e-01 5.746449e-01 4.252715e-01 5.892474e-01 5.892458e-01 1.627488e-01 1.627506e-01 1.628811e-01
52 1.426711e+00 1.426671e+00 1.425982e+00 6.379728e-01 6.378402e-01 6.370377e-01 3.620334e-01 5.179226e-01 5.191555e-01 1.670278e-01 1.670311e-01 1.677233e-01
53 2.481983e+00 2.483957e+00 2.487377e+00 4.933943e-01 4.932354e-01 4.924682e-01 5.066223e-01 6.804809e-01 6.820816e-01 1.519932e-01 1.519598e-01 1.532546e-01
54 2.075231e+00 2.076586e+00 2.072240e+00 5.597264e-01 5.595489e-01 5.597502e-01 4.403305e-01 6.012949e-01 6.010633e-01 1.565935e-01 1.565674e-01 1.566109e-01
55 6.538495e-01 6.541898e-01 6.538234e-01 7.752739e-01 7.751724e-01 7.748715e-01 2.247445e-01 3.512945e-01 3.518589e-01 1.504586e-01 1.504903e-01 1.507210e-01
56 7.789986e-02 7.794003e-02 7.775345e-02 9.631164e-01 9.630978e-01 9.631756e-01 3.688448e-02 7.017173e-02 7.003939e-02 5.796737e-02 5.799321e-02 5.792533e-02
57 1.218407e-02 1.219183e-02 1.220222e-02 9.939677e-01 9.939638e-01 9.939584e-01 6.033147e-03 1.195553e-02 1.196704e-02 1.149695e-02 1.150411e-02 1.151744e-02
58 5.798854e-03 5.801950e-03 5.790670e-03 9.971154e-01 9.971138e-01 9.971194e-01 2.884667e-03 5.743137e-03 5.732259e-03 5.625240e-03 5.628202e-03 5.618100e-03
59 2.793001e-03 2.794318e-03 2.791791e-03 9.986068e-01 9.986061e-01 9.986074e-01 1.393136e-03 2.781175e-03 2.778787e-03 2.753908e-03 2.755199e-03 2.753078e-03
60 9.390489e-04 9.397049e-04 9.342224e-04 9.995309e-01 9.995306e-01 9.995333e-01 4.691341e-04 9.379119e-04 9.325070e-04 9.336915e-04 9.343436e-04 9.290920e-04
61 3.584363e-04 3.586463e-04 3.593496e-04 9.998208e-01 9.998207e-01 9.998204e-01 1.791959e-04 3.584820e-04 3.591847e-04 3.579440e-04 3.581536e-04 3.588552e-04
62 5.791029e-04 5.793724e-04 5.793992e-04 9.997105e-01 9.997104e-01 9.997104e-01 2.894599e-04 5.790180e-04 5.790474e-04 5.780416e-04 5.783103e-04 5.783449e-04
63 2.283525e-03 2.284599e-03 2.309556e-03 9.988602e-01 9.988596e-01 9.988472e-01 1.139702e-03 2.276848e-03 2.301558e-03 2.260509e-03 2.261567e-03 2.285769e-03
64 8.244181e-03 8.247988e-03 8.242587e-03 9.958938e-01 9.958919e-01 9.958943e-01 4.106136e-03 8.184759e-03 8.180505e-03 8.056687e-03 8.060360e-03 8.058229e-03
65 3.297417e-02 3.298960e-02 3.279088e-02 9.837933e-01 9.837858e-01 9.838705e-01 1.620637e-02 3.189187e-02 3.174747e-02 2.986463e-02 2.987785e-02 2.981393e-02
66 1.093301e-01 1.093752e-01 1.096704e-01 9.484718e-01 9.484514e-01 9.483215e-01 5.152644e-02 9.759014e-02 9.782636e-02 7.914085e-02 7.916678e-02 7.935132e-02
67 1.550359e-01 1.551006e-01 1.550042e-01 9.273724e-01 9.273431e-01 9.273624e-01 7.263019e-02 1.366813e-01 1.366764e-01 1.075989e-01 1.076350e-01 1.076924e-01
68 3.547964e-01 3.549245e-01 3.536258e-01 8.497437e-01 8.496966e-01 8.499718e-01 1.502464e-01 2.617827e-01 2.616005e-01 1.569138e-01 1.569368e-01 1.572993e-01
69 8.935019e-01 8.939547e-01 8.953525e-01 7.048683e-01 7.047504e-01 7.039109e-01 2.951422e-01 4.557847e-01 4.570947e-01 1.813668e-01 1.813779e-01 1.820601e-01
70 1.236521e+00 1.237059e+00 1.242108e+00 6.463242e-01 6.462152e-01 6.461136e-01 3.536754e-01 5.237570e-01 5.239263e-01 1.821167e-01 1.821149e-01 1.822557e-01
71 1.550582e+00 1.551321e+00 1.554906e+00 5.943709e-01 5.942330e-01 5.935591e-01 4.056518e-01 5.727301e-01 5.737703e-01 1.654183e-01 1.654123e-01 1.661527e-01
72 1.395348e+00 1.395894e+00 1.395637e+00 6.022736e-01 6.021702e-01 6.012930e-01 3.977124e-01 5.823415e-01 5.839840e-01 1.862583e-01 1.862464e-01 1.873329e-01
73 1.442572e+00 1.443288e+00 1.441817e+00 6.114088e-01 6.112756e-01 6.104670e-01 3.886052e-01 5.501414e-01 5.518143e-01 1.609364e-01 1.609292e-01 1.621383e-01
74 1.241661e-01 1.243385e-01 1.277302e-01 9.515296e-01 9.514672e-01 9.503346e-01 4.849980e-02 8.649248e-02 8.749414e-02 6.243630e-02 6.248071e-02 6.219097e-02
75 1.396862e-02 1.397558e-02 1.394243e-02 9.930726e-01 9.930692e-01 9.930842e-01 6.927494e-03 1.374982e-02 1.372274e-02 1.330889e-02 1.331540e-02 1.329863e-02
76 9.566749e-03 9.571225e-03 9.565524e-03 9.952427e-01 9.952405e-01 9.952433e-01 4.757296e-03 9.467297e-03 9.462079e-03 9.260047e-03 9.264332e-03 9.260025e-03
77 2.129527e-03 2.130658e-03 2.123606e-03 9.989366e-01 9.989361e-01 9.989396e-01 1.063394e-03 2.125051e-03 2.118083e-03 2.112785e-03 2.113904e-03 2.107100e-03
78 4.853219e-04 4.855868e-04 4.866672e-04 9.997574e-01 9.997573e-01 9.997567e-01 2.425876e-04 4.852613e-04 4.863476e-04 4.843470e-04 4.846113e-04 4.857095e-04
79 5.303967e-04 5.306176e-04 5.299837e-04 9.997349e-01 9.997348e-01 9.997351e-01 2.651266e-04 5.303296e-04 5.296975e-04 5.295340e-04 5.297543e-04 5.291258e-04
80 1.323277e-03 1.323818e-03 1.325515e-03 9.993389e-01 9.993386e-01 9.993377e-01 6.611127e-04 1.321862e-03 1.323553e-03 1.317427e-03 1.317964e-03 1.319643e-03
81 2.740451e-03 2.741566e-03 2.745235e-03 9.986319e-01 9.986313e-01 9.986295e-01 1.368089e-03 2.733101e-03 2.736754e-03 2.715192e-03 2.716291e-03 2.719909e-03
82 3.675526e-03 3.676786e-03 3.681762e-03 9.981656e-01 9.981650e-01 9.981625e-01 1.834278e-03 3.663181e-03 3.668139e-03 3.634955e-03 3.636193e-03 3.641115e-03
83 7.476165e-03 7.479802e-03 7.490419e-03 9.962777e-01 9.962759e-01 9.962702e-01 3.722333e-03 7.416914e-03 7.429033e-03 7.290688e-03 7.294197e-03 7.308927e-03
84 2.836547e-02 2.837209e-02 2.845188e-02 9.860354e-01 9.860322e-01 9.859950e-01 1.396214e-02 2.751438e-02 2.758381e-02 2.590795e-02 2.591393e-02 2.596543e-02
85 7.464932e-02 7.468654e-02 7.476694e-02 9.645842e-01 9.645668e-01 9.645412e-01 3.541827e-02 6.750818e-02 6.754033e-02 5.622126e-02 5.624674e-02 5.624058e-02
86 8.390532e-02 8.394091e-02 8.367484e-02 9.607386e-01 9.607226e-01 9.608171e-01 3.926061e-02 7.395705e-02 7.382655e-02 5.908518e-02 5.910553e-02 5.913313e-02
87 1.160109e-01 1.160710e-01 1.163365e-01 9.471457e-01 9.471197e-01 9.469738e-01 5.285590e-02 9.732195e-02 9.761995e-02 7.143060e-02 7.145828e-02 7.173100e-02
88 1.352093e-01 1.352590e-01 1.355083e-01 9.380669e-01 9.380455e-01 9.379695e-01 6.192962e-02 1.144827e-01 1.145723e-01 8.502749e-02 8.504884e-02 8.500701e-02
89 5.437901e-02 5.441328e-02 5.439926e-02 9.737245e-01 9.737082e-01 9.737133e-01 2.627978e-02 5.088744e-02 5.088034e-02 4.477137e-02 4.479671e-02 4.479898e-02
90 5.829631e-03 5.833062e-03 5.812984e-03 9.970944e-01 9.970927e-01 9.971026e-01 2.905921e-03 5.796366e-03 5.776746e-03 5.720789e-03 5.724119e-03 5.705371e-03
91 1.201192e-03 1.201780e-03 1.204363e-03 9.993999e-01 9.993996e-01 9.993983e-01 6.001649e-04 1.199995e-03 1.202577e-03 1.195853e-03 1.196438e-03 1.199017e-03
92 7.477249e-04 7.481360e-04 7.463626e-04 9.996264e-01 9.996262e-01 9.996271e-01 3.736163e-04 7.471342e-04 7.453716e-04 7.447288e-04 7.451377e-04 7.433967e-04
93 2.669019e-04 2.670397e-04 2.670935e-04 9.998666e-01 9.998665e-01 9.998665e-01 1.334237e-04 2.669310e-04 2.669843e-04 2.665763e-04 2.667138e-04 2.667663e-04
94 8.793922e-05 8.798243e-05 8.815984e-05 9.999560e-01 9.999560e-01 9.999559e-01 4.396950e-05 8.797439e-05 8.815170e-05 8.791512e-05 8.795831e-05 8.813542e-05
95 4.337454e-05 4.339762e-05 4.331760e-05 9.999783e-01 9.999783e-01 9.999783e-01 2.168674e-05 4.339515e-05 4.331522e-05 4.336714e-05 4.339021e-05 4.331045e-05
96 9.948426e-05 9.952760e-05 9.948418e-05 9.999503e-01 9.999502e-01 9.999503e-01 4.973919e-05 9.951583e-05 9.947255e-05 9.944898e-05 9.949230e-05 9.944930e-05
97 1.538283e-04 1.538910e-04 1.539888e-04 9.999231e-01 9.999231e-01 9.999230e-01 7.690613e-05 1.538705e-04 1.539685e-04 1.537671e-04 1.538297e-04 1.539280e-04
98 4.622827e-04 4.624797e-04 4.628813e-04 9.997689e-01 9.997688e-01 9.997686e-01 2.310864e-04 4.622826e-04 4.626861e-04 4.616921e-04 4.618887e-04 4.622959e-04
99 1.656996e-03 1.657624e-03 1.659392e-03 9.991722e-01 9.991719e-01 9.991710e-01 8.277565e-04 1.654774e-03 1.656539e-03 1.648475e-03 1.649097e-03 1.650856e-03
100 5.202698e-03 5.204380e-03 5.212591e-03 9.974048e-01 9.974040e-01 9.973999e-01 2.594928e-03 5.179671e-03 5.187903e-03 5.129109e-03 5.130752e-03 5.139023e-03
101 1.109824e-02 1.110309e-02 1.111323e-02 9.944823e-01 9.944799e-01 9.944748e-01 5.517778e-03 1.097823e-02 1.098849e-02 1.073040e-02 1.073500e-02 1.074548e-02
102 2.084350e-02 2.085166e-02 2.073559e-02 9.897290e-01 9.897250e-01 9.897784e-01 1.027000e-02 2.025987e-02 2.016141e-02 1.915622e-02 1.916327e-02 1.909394e-02
103 4.766931e-02 4.769133e-02 4.777800e-02 9.768441e-01 9.768336e-01 9.767981e-01 2.315682e-02 4.507043e-02 4.512901e-02 4.049827e-02 4.051571e-02 4.054090e-02
104 5.146766e-02 5.148428e-02 5.156954e-02 9.751054e-01 9.750975e-01 9.750664e-01 2.489232e-02 4.824808e-02 4.829135e-02 4.264624e-02 4.265827e-02 4.264559e-02
105 4.325390e-02 4.327299e-02 4.331955e-02 9.790061e-01 9.789970e-01 9.789739e-01 2.099392e-02 4.082434e-02 4.086987e-02 3.653242e-02 3.654690e-02 3.658873e-02
106 7.517983e-02 7.521702e-02 7.541268e-02 9.638482e-01 9.638306e-01 9.637363e-01 3.615421e-02 6.968381e-02 6.986579e-02 6.019057e-02 6.021690e-02 6.037481e-02
107 6.378674e-03 6.382249e-03 6.379556e-03 9.968209e-01 9.968192e-01 9.968205e-01 3.179521e-03 6.341260e-03 6.338724e-03 6.257054e-03 6.260516e-03 6.258289e-03
108 7.469241e-03 7.472493e-03 7.480264e-03 9.962813e-01 9.962797e-01 9.962757e-01 3.718703e-03 7.409111e-03 7.417195e-03 7.281637e-03 7.284755e-03 7.293432e-03
109 4.133689e-03 4.136023e-03 4.156965e-03 9.979404e-01 9.979392e-01 9.979288e-01 2.059660e-03 4.107310e-03 4.127845e-03 4.048791e-03 4.051053e-03 4.070779e-03
110 8.642742e-03 8.646411e-03 8.653115e-03 9.957009e-01 9.956991e-01 9.956957e-01 4.299075e-03 8.557700e-03 8.564502e-03 8.380398e-03 8.383891e-03 8.390862e-03
111 1.216549e-03 1.217400e-03 1.218044e-03 9.993927e-01 9.993923e-01 9.993920e-01 6.073007e-04 1.213359e-03 1.213991e-03 1.204507e-03 1.205345e-03 1.205954e-03
112 1.178688e-04 1.179693e-04 1.177890e-04 9.999411e-01 9.999410e-01 9.999411e-01 5.894971e-05 1.179469e-04 1.177667e-04 1.178015e-04 1.179019e-04 1.177221e-04
113 4.817673e-05 4.820225e-05 4.801531e-05 9.999759e-01 9.999759e-01 9.999760e-01 2.408811e-05 4.819890e-05 4.801200e-05 4.816670e-05 4.819220e-05 4.800539e-05
114 3.426884e-05 3.428077e-05 3.420589e-05 9.999829e-01 9.999829e-01 9.999829e-01 1.713242e-05 3.427940e-05 3.420453e-05 3.426473e-05 3.427666e-05 3.420183e-05
115 9.858368e-05 9.861743e-05 9.852875e-05 9.999507e-01 9.999507e-01 9.999507e-01 4.928430e-05 9.860631e-05 9.851766e-05 9.855035e-05 9.858408e-05 9.849548e-05
116 2.585021e-04 2.586241e-04 2.575379e-04 9.998708e-01 9.998707e-01 9.998713e-01 1.292276e-04 2.585432e-04 2.574588e-04 2.582596e-04 2.583815e-04 2.573008e-04
117 9.583199e-04 9.588093e-04 9.579372e-04 9.995212e-01 9.995209e-01 9.995213e-01 4.788420e-04 9.575333e-04 9.566848e-04 9.545036e-04 9.549900e-04 9.541882e-04
118 2.485814e-03 2.487073e-03 2.488159e-03 9.987592e-01 9.987586e-01 9.987581e-01 1.240751e-03 2.478470e-03 2.479595e-03 2.460172e-03 2.461411e-03 2.462611e-03
