0 1.581301e+01 1.582445e+01 1.579312e+01 3.628692e-01 3.627863e-01 3.609855e-01 6.370864e-01 6.984239e-01 7.022857e-01 5.382389e-02 5.381630e-02 5.389770e-02
1 8.891168e+01 8.894600e+01 8.901786e+01 2.837462e-03 2.831993e-03 5.663106e-04 9.971627e-01 9.997551e-01 9.999971e-01 2.424749e-04 2.417205e-04 2.909010e-06
2 1.348615e+02 1.347935e+02 1.346862e+02 3.830371e-03 3.818475e-03 3.105316e-03 9.961708e-01 9.997911e-01 9.999073e-01 2.090093e-04 2.078698e-04 9.258594e-05
3 1.141127e+02 1.143536e+02 1.149003e+02 1.972312e-02 1.967891e-02 1.460431e-02 9.802817e-01 9.955763e-01 9.984955e-01 3.845776e-03 3.835130e-03 1.482552e-03
4 6.295173e+01 6.299247e+01 6.291766e+01 2.969431e-02 2.962834e-02 2.876874e-02 9.703115e-01 9.954767e-01 9.960830e-01 4.336755e-03 4.321085e-03 3.809980e-03
5 2.467439e+01 2.469252e+01 2.460639e+01 8.480153e-02 8.467208e-02 8.213343e-02 9.152128e-01 9.771180e-01 9.798906e-01 1.948791e-02 1.944722e-02 1.813862e-02
6 5.940333e+00 5.944462e+00 5.853776e+00 3.327524e-01 3.325166e-01 3.318646e-01 6.673054e-01 8.093680e-01 8.105182e-01 1.029795e-01 1.029085e-01 1.032462e-01
7 1.427033e+00 1.427883e+00 1.416144e+00 6.603495e-01 6.601954e-01 6.602987e-01 3.396755e-01 4.828997e-01 4.828425e-01 1.553317e-01 1.553411e-01 1.557288e-01
8 6.812196e-01 6.816910e-01 6.774484e-01 8.142703e-01 8.141550e-01 8.144804e-01 1.857577e-01 2.810858e-01 2.806674e-01 1.167374e-01 1.167650e-01 1.167717e-01
9 3.375298e-01 3.377905e-01 3.336686e-01 8.850989e-01 8.850090e-01 8.847763e-01 1.149213e-01 1.888587e-01 1.889942e-01 1.046228e-01 1.046718e-01 1.047009e-01
10 2.204097e-01 2.205599e-01 2.203123e-01 9.098868e-01 9.098257e-01 9.098930e-01 9.012684e-02 1.561911e-01 1.560670e-01 9.731650e-02 9.736615e-02 9.735980e-02
11 5.406862e-01 5.409415e-01 5.400466e-01 7.998695e-01 7.997911e-01 7.997395e-01 2.001283e-01 3.226905e-01 3.228646e-01 1.522210e-01 1.522397e-01 1.523230e-01
12 4.329449e+00 4.331860e+00 4.356213e+00 4.103155e-01 4.101475e-01 4.098852e-01 5.897007e-01 7.389869e-01 7.394671e-01 1.243293e-01 1.242916e-01 1.248640e-01
13 1.451142e+01 1.451860e+01 1.455382e+01 1.121912e-01 1.120976e-01 1.101607e-01 8.878046e-01 9.613919e-01 9.638844e-01 3.018665e-02 3.015582e-02 2.955790e-02
14 2.335240e+01 2.336219e+01 2.332295e+01 4.470122e-02 4.465122e-02 4.265951e-02 9.553045e-01 9.915150e-01 9.926995e-01 7.933024e-03 7.919586e-03 6.961613e-03
15 1.608141e+01 1.609108e+01 1.611703e+01 2.454062e-01 2.452519e-01 2.452085e-01 7.546319e-01 8.533479e-01 8.530817e-01 7.593262e-02 7.589055e-02 7.640666e-02
16 1.276204e+01 1.276748e+01 1.282188e+01 1.417442e-01 1.416548e-01 1.386875e-01 8.582351e-01 9.414600e-01 9.464782e-01 3.843693e-02 3.841091e-02 3.949652e-02
17 1.616665e+01 1.617590e+01 1.610190e+01 8.885275e-02 8.875359e-02 8.705058e-02 9.111647e-01 9.773164e-01 9.789796e-01 2.022443e-02 2.019217e-02 1.918623e-02
18 7.330239e+00 7.334516e+00 7.322070e+00 3.091561e-01 3.089644e-01 3.087383e-01 6.908800e-01 8.287988e-01 8.294762e-01 9.823566e-02 9.817495e-02 9.903967e-02
19 2.679903e+00 2.681254e+00 2.672929e+00 5.575801e-01 5.574231e-01 5.572550e-01 4.424222e-01 5.954144e-01 5.955577e-01 1.502256e-01 1.502208e-01 1.503167e-01
20 9.662970e-01 9.672404e-01 9.597942e-01 7.616564e-01 7.614881e-01 7.612192e-01 2.384011e-01 3.597781e-01 3.604512e-01 1.533419e-01 1.533774e-01 1.539831e-01
21 3.593312e-01 3.595669e-01 3.511293e-01 8.751434e-01 8.750652e-01 8.754146e-01 1.248615e-01 2.086697e-01 2.084901e-01 1.215249e-01 1.215688e-01 1.218293e-01
22 2.049437e-01 2.050626e-01 2.047103e-01 9.085299e-01 9.084763e-01 9.084240e-01 9.148094e-02 1.667142e-01 1.668040e-01 1.191355e-01 1.191876e-01 1.190934e-01
23 8.434693e-02 8.440165e-02 8.385825e-02 9.602449e-01 9.602195e-01 9.603946e-01 3.975761e-02 7.539109e-02 7.515338e-02 6.162600e-02 6.166187e-02 6.163492e-02
24 2.597359e-02 2.599093e-02 2.511534e-02 9.910592e-01 9.910530e-01 9.906424e-01 8.940213e-03 1.492542e-02 1.539096e-02 9.832941e-03 9.837635e-03 9.253508e-03
25 1.485141e-02 1.486801e-02 1.448567e-02 9.938300e-01 9.938224e-01 9.936747e-01 6.173071e-03 1.090675e-02 1.132741e-02 7.728025e-03 7.738392e-03 7.903575e-03
26 1.996568e-03 1.997538e-03 1.995392e-03 9.990031e-01 9.990026e-01 9.990036e-01 9.968589e-04 1.992058e-03 1.990200e-03 1.980235e-03 1.981196e-03 1.979891e-03
27 8.994303e-03 8.999713e-03 9.035892e-03 9.955556e-01 9.955529e-01 9.955329e-01 4.444045e-03 8.793086e-03 8.836185e-03 8.408278e-03 8.413319e-03 8.463586e-03
28 5.724037e-02 5.726904e-02 5.713648e-02 9.723597e-01 9.723460e-01 9.723954e-01 2.763912e-02 5.351936e-02 5.344322e-02 4.718605e-02 4.720756e-02 4.718284e-02
29 2.230060e-01 2.230986e-01 2.232596e-01 9.002578e-01 9.002177e-01 9.001611e-01 9.974308e-02 1.811183e-01 1.812028e-01 1.264066e-01 1.264451e-01 1.264869e-01
30 2.593014e-01 2.594199e-01 2.582128e-01 8.848421e-01 8.847919e-01 8.850312e-01 1.151582e-01 2.075293e-01 2.073625e-01 1.395354e-01 1.395757e-01 1.398190e-01
31 2.936905e-01 2.938532e-01 2.918391e-01 8.758871e-01 8.758194e-01 8.760448e-01 1.241216e-01 2.184470e-01 2.183923e-01 1.399835e-01 1.400317e-01 1.403917e-01
32 7.964953e-01 7.968269e-01 7.981432e-01 7.187342e-01 7.186353e-01 7.182696e-01 2.812679e-01 4.440688e-01 4.446656e-01 1.902415e-01 1.902536e-01 1.907864e-01
33 2.343800e+00 2.344971e+00 2.357235e+00 4.745716e-01 4.744033e-01 4.732275e-01 5.254553e-01 7.040271e-01 7.057800e-01 1.523697e-01 1.523313e-01 1.529535e-01
34 8.044962e+00 8.048554e+00 8.029368e+00 2.378520e-01 2.377473e-01 2.369931e-01 7.621300e-01 8.885597e-01 8.896981e-01 7.627185e-02 7.623378e-02 7.638340e-02
35 1.459884e+01 1.460547e+01 1.461728e+01 1.401280e-01 1.400177e-01 1.378566e-01 8.598771e-01 9.497188e-01 9.519399e-01 3.934535e-02 3.930448e-02 3.842524e-02
36 1.288722e+01 1.289400e+01 1.285940e+01 1.247610e-01 1.246569e-01 1.234165e-01 8.752494e-01 9.543866e-01 9.565714e-01 3.392705e-02 3.389308e-02 3.395608e-02
37 1.042308e+01 1.042890e+01 1.047636e+01 2.268414e-01 2.266859e-01 2.242842e-01 7.731678e-01 8.902812e-01 8.943114e-01 7.082161e-02 7.076871e-02 7.205162e-02
38 1.499902e+01 1.500515e+01 1.497666e+01 1.054685e-01 1.053772e-01 1.025875e-01 8.945395e-01 9.683235e-01 9.711727e-01 2.656308e-02 2.653128e-02 2.520406e-02
39 6.157862e+00 6.162594e+00 6.109051e+00 3.040262e-01 3.038350e-01 3.028376e-01 6.960115e-01 8.340236e-01 8.362234e-01 9.310457e-02 9.304618e-02 9.460194e-02
40 5.973154e-01 5.977248e-01 5.935392e-01 7.907888e-01 7.906679e-01 7.907340e-01 2.092369e-01 3.318011e-01 3.319074e-01 1.473056e-01 1.473274e-01 1.476964e-01
41 9.785738e-02 9.793616e-02 9.776200e-02 9.541402e-01 9.541051e-01 9.541622e-01 4.587292e-02 8.650596e-02 8.643135e-02 6.920475e-02 6.924538e-02 6.926274e-02
42 4.720938e-02 4.723598e-02 4.735350e-02 9.772670e-01 9.772544e-01 9.772126e-01 2.273339e-02 4.390272e-02 4.396048e-02 3.830357e-02 3.832338e-02 3.831467e-02
43 1.716040e-02 1.716712e-02 1.714355e-02 9.915138e-01 9.915105e-01 9.915217e-01 8.485662e-03 1.679535e-02 1.677396e-02 1.608013e-02 1.608630e-02 1.606879e-02
44 5.741474e-03 5.746154e-03 5.766176e-03 9.971435e-01 9.971412e-01 9.971314e-01 2.857164e-03 5.689464e-03 5.708659e-03 5.574713e-03 5.579213e-03 5.596826e-03
45 2.531900e-03 2.532728e-03 2.530746e-03 9.987361e-01 9.987357e-01 9.987367e-01 1.263656e-03 2.524487e-03 2.522552e-03 2.507307e-03 2.508134e-03 2.506290e-03
46 2.984545e-03 2.986327e-03 2.987461e-03 9.985104e-01 9.985095e-01 9.985089e-01 1.489805e-03 2.975676e-03 2.976766e-03 2.952801e-03 2.954553e-03 2.955559e-03
47 7.182791e-03 7.186035e-03 7.193345e-03 9.964237e-01 9.964221e-01 9.964184e-01 3.576308e-03 7.125889e-03 7.133178e-03 7.004716e-03 7.007853e-03 7.015100e-03
48 2.866698e-02 2.868476e-02 2.862743e-02 9.860035e-01 9.859949e-01 9.860091e-01 1.399650e-02 2.738356e-02 2.737494e-02 2.510123e-02 2.511644e-02 2.515065e-02
49 1.830092e-01 1.831176e-01 1.820559e-01 9.195251e-01 9.194786e-01 9.195937e-01 8.047517e-02 1.457041e-01 1.456467e-01 1.032992e-01 1.033438e-01 1.034656e-01
50 8.830984e-01 8.835351e-01 8.884043e-01 7.196772e-01 7.195648e-01 7.194667e-01 2.803288e-01 4.326565e-01 4.329474e-01 1.779257e-01 1.779361e-01 1.784187e-01
51 1.426536e+00 1.427126e+00 1.437529e+00 6.289914e-01 6.288852e-01 6.283405e-01 3.709971e-01 5.295656e-01 5.304547e-01 1.646899e-01 1.646982e-01 1.652758e-01
52 1.011803e+00 1.011754e+00 1.009846e+00 6.951186e-01 6.950005e-01 6.946976e-01 3.048835e-01 4.569222e-01 4.574154e-01 1.716936e-01 1.717085e-01 1.721563e-01
53 1.870884e+00 1.872386e+00 1.873554e+00 5.504346e-01 5.502682e-01 5.494610e-01 4.495914e-01 6.286036e-01 6.300016e-01 1.675049e-01 1.674777e-01 1.684359e-01
54 1.615849e+00 1.616841e+00 1.612404e+00 6.105219e-01 6.103496e-01 6.103317e-01 3.895353e-01 5.480516e-01 5.481757e-01 1.623411e-01 1.623234e-01 1.624843e-01
55 6.880667e-01 6.884134e-01 6.878380e-01 7.626374e-01 7.625313e-01 7.624564e-01 2.373837e-01 3.704056e-01 3.706046e-01 1.563649e-01 1.563949e-01 1.565005e-01
56 1.153604e-01 1.154196e-01 1.149797e-01 9.467155e-01 9.466889e-01 9.468136e-01 5.328589e-02 9.931101e-02 9.916994e-02 7.630604e-02 7.633918e-02 7.639067e-02
57 1.478527e-02 1.479502e-02 1.473786e-02 9.926817e-01 9.926769e-01 9.927037e-01 7.319378e-03 1.450085e-02 1.445048e-02 1.393016e-02 1.393913e-02 1.390062e-02
58 6.248541e-03 6.251944e-03 6.246243e-03 9.968915e-01 9.968898e-01 9.968926e-01 3.108533e-03 6.189233e-03 6.183895e-03 6.063415e-03 6.066679e-03 6.062030e-03
59 3.537803e-03 3.539340e-03 3.536434e-03 9.982363e-01 9.982355e-01 9.982369e-01 1.763581e-03 3.518731e-03 3.516039e-03 3.476609e-03 3.478109e-03 3.475828e-03
60 1.423434e-03 1.424506e-03 1.423683e-03 9.992893e-01 9.992888e-01 9.992892e-01 7.108229e-04 1.420430e-03 1.419669e-03 1.411274e-03 1.412337e-03 1.411696e-03
61 6.277119e-04 6.280842e-04 6.279186e-04 9.996863e-01 9.996861e-01 9.996862e-01 3.137513e-04 6.275330e-04 6.273650e-04 6.260616e-04 6.264327e-04 6.262600e-04
62 1.020243e-03 1.020751e-03 1.019665e-03 9.994902e-01 9.994899e-01 9.994905e-01 5.098278e-04 1.019593e-03 1.018520e-03 1.016779e-03 1.017283e-03 1.016237e-03
63 3.879481e-03 3.881509e-03 3.914856e-03 9.980665e-01 9.980655e-01 9.980489e-01 1.933355e-03 3.856769e-03 3.889803e-03 3.806718e-03 3.808693e-03 3.840941e-03
64 1.310537e-02 1.311160e-02 1.312129e-02 9.934890e-01 9.934859e-01 9.934807e-01 6.510869e-03 1.294581e-02 1.295694e-02 1.261751e-02 1.262340e-02 1.263698e-02
65 4.316787e-02 4.318685e-02 4.309321e-02 9.788599e-01 9.788507e-01 9.788847e-01 2.113941e-02 4.145228e-02 4.140582e-02 3.827834e-02 3.829413e-02 3.831352e-02
66 1.110680e-01 1.111120e-01 1.114516e-01 9.473223e-01 9.473021e-01 9.471525e-01 5.267661e-02 1.002854e-01 1.005546e-01 8.274721e-02 8.277434e-02 8.296695e-02
67 1.636467e-01 1.637141e-01 1.640403e-01 9.234459e-01 9.234152e-01 9.232640e-01 7.655656e-02 1.438846e-01 1.441680e-01 1.126765e-01 1.127146e-01 1.129436e-01
68 3.769642e-01 3.770990e-01 3.762704e-01 8.415959e-01 8.415459e-01 8.416558e-01 1.583968e-01 2.745657e-01 2.745335e-01 1.618246e-01 1.618484e-01 1.620481e-01
69 8.077889e-01 8.081942e-01 8.116590e-01 7.255310e-01 7.254184e-01 7.245421e-01 2.744797e-01 4.304656e-01 4.318987e-01 1.833988e-01 1.834170e-01 1.845571e-01
70 9.538826e-01 9.542914e-01 9.533898e-01 6.956063e-01 6.955042e-01 6.953400e-01 3.043989e-01 4.683846e-01 4.687325e-01 1.880782e-01 1.880875e-01 1.883866e-01
71 1.111613e+00 1.112132e+00 1.108134e+00 6.675144e-01 6.673910e-01 6.673993e-01 3.325069e-01 4.930939e-01 4.931781e-01 1.731937e-01 1.732016e-01 1.734200e-01
72 9.628078e-01 9.631836e-01 9.627515e-01 6.831999e-01 6.831067e-01 6.827100e-01 3.167913e-01 4.902199e-01 4.908889e-01 1.965419e-01 1.965443e-01 1.971048e-01
73 1.231325e+00 1.231887e+00 1.227665e+00 6.425896e-01 6.424696e-01 6.423008e-01 3.574168e-01 5.185984e-01 5.192983e-01 1.675245e-01 1.675284e-01 1.683778e-01
74 2.342993e-01 2.345863e-01 2.395620e-01 9.348896e-01 9.348067e-01 9.345949e-01 6.514253e-02 1.117147e-01 1.119530e-01 7.253196e-02 7.258547e-02 7.261743e-02
75 1.197516e-02 1.198162e-02 1.194243e-02 9.940561e-01 9.940529e-01 9.940709e-01 5.944050e-03 1.180841e-02 1.177537e-02 1.146915e-02 1.147527e-02 1.145264e-02
76 9.491437e-03 9.495894e-03 9.492813e-03 9.952783e-01 9.952761e-01 9.952775e-01 4.721772e-03 9.400371e-03 9.397588e-03 9.209055e-03 9.213347e-03 9.211130e-03
77 2.820744e-03 2.822215e-03 2.826796e-03 9.985919e-01 9.985912e-01 9.985889e-01 1.408092e-03 2.812950e-03 2.817515e-03 2.793103e-03 2.794555e-03 2.799087e-03
78 6.652230e-04 6.655982e-04 6.677741e-04 9.996675e-01 9.996674e-01 9.996663e-01 3.324605e-04 6.649696e-04 6.671529e-04 6.633421e-04 6.637159e-04 6.659134e-04
79 7.029329e-04 7.032104e-04 7.023152e-04 9.996487e-01 9.996485e-01 9.996490e-01 3.513475e-04 7.027404e-04 7.018476e-04 7.015253e-04 7.018019e-04 7.009137e-04
80 1.405069e-03 1.405637e-03 1.406158e-03 9.992980e-01 9.992977e-01 9.992974e-01 7.019898e-04 1.403580e-03 1.404093e-03 1.398915e-03 1.399479e-03 1.399977e-03
81 2.433864e-03 2.434824e-03 2.441892e-03 9.987846e-01 9.987841e-01 9.987806e-01 1.215366e-03 2.428629e-03 2.435653e-03 2.415360e-03 2.416310e-03 2.423246e-03
82 3.526462e-03 3.527905e-03 3.509824e-03 9.982398e-01 9.982391e-01 9.982480e-01 1.760085e-03 3.515725e-03 3.498282e-03 3.490140e-03 3.491563e-03 3.475360e-03
83 9.501415e-03 9.506282e-03 9.422768e-03 9.952767e-01 9.952743e-01 9.953141e-01 4.723330e-03 9.397435e-03 9.321396e-03 9.182355e-03 9.187008e-03 9.124374e-03
84 3.311836e-02 3.312748e-02 3.310890e-02 9.837367e-01 9.837323e-01 9.837405e-01 1.626109e-02 3.196748e-02 3.195266e-02 2.982014e-02 2.982812e-02 2.981903e-02
85 6.503869e-02 6.507090e-02 6.498560e-02 9.688905e-01 9.688753e-01 9.689165e-01 3.111181e-02 5.971734e-02 5.963960e-02 5.097774e-02 5.100129e-02 5.094753e-02
86 6.248850e-02 6.251467e-02 6.242394e-02 9.702054e-01 9.701932e-01 9.702295e-01 2.979414e-02 5.703302e-02 5.697636e-02 4.823619e-02 4.825397e-02 4.825047e-02
87 9.022451e-02 9.026830e-02 9.001871e-02 9.579111e-01 9.578913e-01 9.579898e-01 4.209008e-02 7.903506e-02 7.888185e-02 6.221613e-02 6.224102e-02 6.222140e-02
88 9.834001e-02 9.837615e-02 9.839180e-02 9.539697e-01 9.539535e-01 9.539442e-01 4.602659e-02 8.666717e-02 8.668375e-02 6.887089e-02 6.889038e-02 6.889005e-02
89 5.239784e-02 5.243085e-02 5.229528e-02 9.746181e-01 9.746024e-01 9.746597e-01 2.538619e-02 4.926909e-02 4.917255e-02 4.371509e-02 4.374005e-02 4.370198e-02
90 7.118554e-03 7.122666e-03 7.090404e-03 9.964557e-01 9.964537e-01 9.964694e-01 3.544557e-03 7.062882e-03 7.032428e-03 6.941877e-03 6.945840e-03 6.918765e-03
91 1.079838e-03 1.080333e-03 1.082549e-03 9.994604e-01 9.994602e-01 9.994591e-01 5.396103e-04 1.079040e-03 1.081249e-03 1.075967e-03 1.076460e-03 1.078657e-03
92 7.052050e-04 7.055932e-04 7.042467e-04 9.996476e-01 9.996474e-01 9.996481e-01 3.524142e-04 7.048148e-04 7.034828e-04 7.028761e-04 7.032627e-04 7.019593e-04
93 3.133498e-04 3.135062e-04 3.132331e-04 9.998434e-01 9.998433e-01 9.998434e-01 1.566393e-04 3.133668e-04 3.130940e-04 3.129322e-04 3.130884e-04 3.128161e-04
94 1.184395e-04 1.184997e-04 1.185075e-04 9.999408e-01 9.999408e-01 9.999408e-01 5.921892e-05 1.184843e-04 1.184919e-04 1.183933e-04 1.184534e-04 1.184608e-04
95 5.035838e-05 5.038446e-05 5.045298e-05 9.999748e-01 9.999748e-01 9.999748e-01 2.517864e-05 5.038156e-05 5.045009e-05 5.034969e-05 5.037577e-05 5.044430e-05
96 9.852913e-05 9.857487e-05 9.883569e-05 9.999507e-01 9.999507e-01 9.999506e-01 4.926184e-05 9.856428e-05 9.882511e-05 9.849737e-05 9.854309e-05 9.880396e-05
97 1.995979e-04 1.996890e-04 1.994220e-04 9.999002e-01 9.999002e-01 9.999003e-01 9.978642e-05 1.996507e-04 1.993845e-04 1.994832e-04 1.995742e-04 1.993096e-04
98 6.240551e-04 6.243189e-04 6.236985e-04 9.996881e-01 9.996879e-01 9.996882e-01 3.119203e-04 6.239407e-04 6.233251e-04 6.229224e-04 6.231855e-04 6.225793e-04
99 2.198144e-03 2.198954e-03 2.197075e-03 9.989021e-01 9.989017e-01 9.989026e-01 1.097874e-03 2.194285e-03 2.192454e-03 2.184191e-03 2.184993e-03 2.183258e-03
100 5.647164e-03 5.648926e-03 5.662882e-03 9.971829e-01 9.971820e-01 9.971750e-01 2.816914e-03 5.623132e-03 5.637031e-03 5.570280e-03 5.572004e-03 5.585790e-03
101 1.112800e-02 1.113297e-02 1.118473e-02 9.944707e-01 9.944683e-01 9.944429e-01 5.529255e-03 1.099516e-02 1.104473e-02 1.072401e-02 1.072872e-02 1.077412e-02
102 1.972569e-02 1.973396e-02 1.966979e-02 9.902758e-01 9.902718e-01 9.903013e-01 9.723436e-03 1.918949e-02 1.913510e-02 1.817272e-02 1.817993e-02 1.814211e-02
103 3.822296e-02 3.824063e-02 3.843104e-02 9.813149e-01 9.813064e-01 9.812214e-01 1.868584e-02 3.658059e-02 3.673259e-02 3.358820e-02 3.360306e-02 3.369663e-02
104 3.772429e-02 3.773659e-02 3.790628e-02 9.815958e-01 9.815899e-01 9.815115e-01 1.840244e-02 3.595551e-02 3.610053e-02 3.276373e-02 3.277362e-02 3.287773e-02
105 3.044547e-02 3.045955e-02 3.046541e-02 9.850687e-01 9.850618e-01 9.850553e-01 1.493178e-02 2.932000e-02 2.933929e-02 2.723010e-02 2.724187e-02 2.727994e-02
106 5.954213e-02 5.956878e-02 5.956856e-02 9.710894e-01 9.710766e-01 9.710713e-01 2.891198e-02 5.622458e-02 5.624406e-02 5.025005e-02 5.027080e-02 5.031575e-02
107 5.693654e-03 5.696864e-03 5.692767e-03 9.971612e-01 9.971596e-01 9.971616e-01 2.839256e-03 5.664856e-03 5.660855e-03 5.598513e-03 5.601633e-03 5.597821e-03
108 5.466776e-03 5.469308e-03 5.455228e-03 9.972752e-01 9.972739e-01 9.972808e-01 2.724813e-03 5.435076e-03 5.421650e-03 5.365146e-03 5.367607e-03 5.355445e-03
109 2.843148e-03 2.844759e-03 2.839760e-03 9.985817e-01 9.985809e-01 9.985834e-01 1.418291e-03 2.831620e-03 2.826821e-03 2.804141e-03 2.805720e-03 2.801300e-03
110 6.460507e-03 6.463314e-03 6.469786e-03 9.967825e-01 9.967811e-01 9.967779e-01 3.217475e-03 6.412458e-03 6.418838e-03 6.309647e-03 6.312356e-03 6.318553e-03
111 1.234859e-03 1.235744e-03 1.228364e-03 9.993836e-01 9.993832e-01 9.993868e-01 6.164152e-04 1.231557e-03 1.224288e-03 1.222379e-03 1.223250e-03 1.216199e-03
112 9.670115e-05 9.678784e-05 9.609199e-05 9.999517e-01 9.999516e-01 9.999520e-01 4.836469e-05 9.677179e-05 9.607636e-05 9.665311e-05 9.673971e-05 9.604512e-05
113 4.804390e-05 4.806908e-05 4.803670e-05 9.999760e-01 9.999760e-01 9.999760e-01 2.402149e-05 4.806561e-05 4.803327e-05 4.803350e-05 4.805868e-05 4.802642e-05
114 3.587763e-05 3.589084e-05 3.594973e-05 9.999821e-01 9.999821e-01 9.999820e-01 1.793703e-05 3.588936e-05 3.594825e-05 3.587320e-05 3.588641e-05 3.594530e-05
115 8.734915e-05 8.738143e-05 8.769630e-05 9.999563e-01 9.999563e-01 9.999562e-01 4.366839e-05 8.737253e-05 8.768733e-05 8.732248e-05 8.735474e-05 8.766940e-05
116 3.084706e-04 3.086295e-04 3.104087e-04 9.998458e-01 9.998457e-01 9.998448e-01 1.541941e-04 3.084868e-04 3.102620e-04 3.080430e-04 3.082017e-04 3.099692e-04
117 1.059260e-03 1.059809e-03 1.056235e-03 9.994708e-01 9.994705e-01 9.994723e-01 5.292496e-04 1.058274e-03 1.054732e-03 1.054672e-03 1.055217e-03 1.051736e-03
118 2.109815e-03 2.110870e-03 2.106915e-03 9.989466e-01 9.989461e-01 9.989480e-01 1.053408e-03 2.104878e-03 2.101088e-03 2.091934e-03 2.092976e-03 2.089510e-03
