0 4.628202e+01 4.631396e+01 4.636414e+01 2.497979e-01 2.497391e-01 2.465645e-01 7.501545e-01 7.979278e-01 8.024939e-01 4.231603e-02 4.230976e-02 4.686665e-02
1 1.937153e+02 1.937694e+02 1.943785e+02 7.614730e-05 7.586597e-05 1.354139e-06 9.999239e-01 9.999997e-01 1.000000e+00 2.725724e-07 2.706302e-07 1.865812e-11
2 2.390188e+02 2.389417e+02 2.386912e+02 1.113421e-03 1.108678e-03 9.157944e-04 9.988867e-01 9.999836e-01 9.999920e-01 1.649533e-05 1.636430e-05 7.971517e-06
3 1.443307e+02 1.447016e+02 1.434046e+02 2.058856e-02 2.054065e-02 2.099943e-02 9.794168e-01 9.958918e-01 9.963008e-01 3.860301e-03 3.846464e-03 3.560198e-03
4 4.472332e+01 4.475179e+01 4.511586e+01 8.072600e-02 8.060659e-02 8.026191e-02 9.192819e-01 9.768844e-01 9.776224e-01 1.979839e-02 1.975595e-02 1.957419e-02
5 9.848946e+00 9.855985e+00 9.847028e+00 2.323276e-01 2.321226e-01 2.299837e-01 7.677152e-01 8.941887e-01 8.970104e-01 7.433647e-02 7.425983e-02 7.397521e-02
6 2.050676e+00 2.051840e+00 2.054782e+00 5.941509e-01 5.939792e-01 5.934974e-01 4.058929e-01 5.492088e-01 5.501964e-01 1.453162e-01 1.453070e-01 1.457889e-01
7 5.772061e-01 5.775799e-01 5.705814e-01 8.171009e-01 8.169998e-01 8.171012e-01 1.829138e-01 2.843623e-01 2.842519e-01 1.271123e-01 1.271460e-01 1.272493e-01
8 1.806952e-01 1.808218e-01 1.837702e-01 9.295744e-01 9.295268e-01 9.289147e-01 7.043435e-02 1.200069e-01 1.206735e-01 7.222472e-02 7.226049e-02 7.211249e-02
9 6.914731e-02 6.919510e-02 6.952138e-02 9.679627e-01 9.679402e-01 9.678654e-01 3.204135e-02 6.001555e-02 6.006551e-02 4.738724e-02 4.741801e-02 4.731232e-02
10 7.432957e-02 7.437372e-02 7.400874e-02 9.655946e-01 9.655748e-01 9.656752e-01 3.440668e-02 6.432845e-02 6.422489e-02 5.031821e-02 5.034393e-02 5.043168e-02
11 1.759182e-01 1.760050e-01 1.760001e-01 9.259447e-01 9.259121e-01 9.260526e-01 7.405181e-02 1.301152e-01 1.298452e-01 8.488790e-02 8.491329e-02 8.488363e-02
12 2.014139e+00 2.015234e+00 2.019121e+00 6.069406e-01 6.068183e-01 6.068179e-01 3.930551e-01 5.285110e-01 5.282744e-01 1.358953e-01 1.358936e-01 1.353619e-01
13 1.555222e+01 1.556026e+01 1.554738e+01 1.483769e-01 1.482695e-01 1.451304e-01 8.516124e-01 9.410889e-01 9.449141e-01 4.281273e-02 4.277550e-02 4.229025e-02
14 3.465318e+01 3.466894e+01 3.468929e+01 3.437595e-02 3.433032e-02 3.067047e-02 9.656264e-01 9.937755e-01 9.959438e-01 5.718790e-03 5.707998e-03 3.940689e-03
15 3.010060e+01 3.011884e+01 3.009142e+01 1.755507e-01 1.754286e-01 1.776229e-01 8.244732e-01 9.002455e-01 8.979634e-01 5.352869e-02 5.349460e-02 5.403397e-02
16 2.765732e+01 2.766955e+01 2.777649e+01 5.434968e-02 5.430647e-02 4.989377e-02 9.456329e-01 9.866418e-01 9.903945e-01 1.148094e-02 1.146973e-02 9.021800e-03
17 2.654806e+01 2.656253e+01 2.657030e+01 4.761968e-02 4.754849e-02 4.675050e-02 9.523984e-01 9.902305e-01 9.909586e-01 8.979826e-03 8.960094e-03 8.477284e-03
18 8.283716e+00 8.288407e+00 8.268431e+00 3.210243e-01 3.208587e-01 3.201285e-01 6.789952e-01 8.097814e-01 8.107964e-01 1.003819e-01 1.003386e-01 1.004895e-01
19 3.069744e+00 3.071316e+00 3.025318e+00 6.100762e-01 6.099328e-01 6.099662e-01 3.899119e-01 5.265187e-01 5.266172e-01 1.458770e-01 1.458936e-01 1.463319e-01
20 8.368235e-01 8.378863e-01 8.212176e-01 8.046902e-01 8.045443e-01 8.047257e-01 1.953643e-01 2.910236e-01 2.908643e-01 1.252986e-01 1.253374e-01 1.253999e-01
21 2.137718e-01 2.139186e-01 2.115793e-01 9.210737e-01 9.210217e-01 9.208754e-01 7.892941e-02 1.348649e-01 1.348712e-01 8.567264e-02 8.571205e-02 8.553765e-02
22 7.760422e-02 7.765445e-02 7.753670e-02 9.630988e-01 9.630750e-01 9.630616e-01 3.690543e-02 7.057924e-02 7.066811e-02 5.968267e-02 5.971761e-02 5.986410e-02
23 1.846786e-02 1.848057e-02 1.848762e-02 9.909274e-01 9.909212e-01 9.909171e-01 9.073205e-03 1.785101e-02 1.785976e-02 1.670050e-02 1.671162e-02 1.671964e-02
24 3.165186e-03 3.167289e-03 3.185245e-03 9.984685e-01 9.984674e-01 9.984472e-01 1.531330e-03 2.973649e-03 3.031277e-03 2.659367e-03 2.661140e-03 2.762050e-03
25 2.283096e-03 2.285347e-03 2.308986e-03 9.988816e-01 9.988805e-01 9.988641e-01 1.118625e-03 2.195659e-03 2.236104e-03 2.037144e-03 2.039235e-03 2.102652e-03
26 4.738067e-04 4.740381e-04 4.751095e-04 9.997632e-01 9.997631e-01 9.997625e-01 2.368320e-04 4.737438e-04 4.748108e-04 4.729254e-04 4.731562e-04 4.742144e-04
27 2.001127e-03 2.002330e-03 1.969438e-03 9.990024e-01 9.990018e-01 9.990177e-01 9.975191e-04 1.990540e-03 1.959696e-03 1.966291e-03 1.967470e-03 1.940485e-03
28 2.201584e-02 2.202894e-02 2.192618e-02 9.892340e-01 9.892276e-01 9.892674e-01 1.076549e-02 2.109389e-02 2.103252e-02 1.945090e-02 1.946171e-02 1.945139e-02
29 2.121689e-01 2.122615e-01 2.137518e-01 9.073085e-01 9.072714e-01 9.068992e-01 9.268822e-02 1.656859e-01 1.661326e-01 1.102136e-01 1.102416e-01 1.103066e-01
30 3.136317e-01 3.137693e-01 3.152126e-01 8.655915e-01 8.655392e-01 8.651461e-01 1.344062e-01 2.353366e-01 2.358047e-01 1.417515e-01 1.417802e-01 1.417237e-01
31 2.128313e-01 2.129320e-01 2.129539e-01 9.045751e-01 9.045325e-01 9.044814e-01 9.542675e-02 1.732931e-01 1.734302e-01 1.202950e-01 1.203330e-01 1.205250e-01
32 5.611495e-01 5.613880e-01 5.603963e-01 7.827324e-01 7.826539e-01 7.822241e-01 2.172664e-01 3.584010e-01 3.592353e-01 1.777268e-01 1.777497e-01 1.780991e-01
33 1.315292e+00 1.315872e+00 1.312477e+00 6.118546e-01 6.117301e-01 6.120617e-01 3.881604e-01 5.646620e-01 5.645244e-01 1.772858e-01 1.772790e-01 1.776971e-01
34 6.403436e+00 6.406234e+00 6.423564e+00 2.794738e-01 2.793731e-01 2.784091e-01 7.204983e-01 8.562571e-01 8.581932e-01 8.800487e-02 8.797086e-02 8.878071e-02
35 2.178577e+01 2.179539e+01 2.182847e+01 8.817044e-02 8.808756e-02 8.514819e-02 9.118313e-01 9.734208e-01 9.763652e-01 2.215774e-02 2.212933e-02 2.061816e-02
36 2.137257e+01 2.138362e+01 2.139068e+01 7.535512e-02 7.528215e-02 7.310082e-02 9.246483e-01 9.792151e-01 9.813437e-01 1.795369e-02 1.792954e-02 1.670962e-02
37 2.270218e+01 2.271462e+01 2.278166e+01 1.199629e-01 1.198606e-01 1.196793e-01 8.800401e-01 9.495771e-01 9.510257e-01 3.504480e-02 3.501094e-02 3.596028e-02
38 2.753859e+01 2.755077e+01 2.752945e+01 4.986857e-02 4.981495e-02 4.503060e-02 9.501334e-01 9.884015e-01 9.916962e-01 1.031029e-02 1.029454e-02 7.864633e-03
39 5.607774e+00 5.612812e+00 5.630273e+00 3.544201e-01 3.542243e-01 3.520044e-01 6.456218e-01 7.878273e-01 7.914363e-01 1.066106e-01 1.065585e-01 1.080733e-01
40 3.087002e-01 3.088664e-01 3.078746e-01 8.745262e-01 8.744673e-01 8.748135e-01 1.254800e-01 2.135182e-01 2.130350e-01 1.204118e-01 1.204401e-01 1.204286e-01
41 8.836990e-02 8.845026e-02 8.896205e-02 9.586590e-01 9.586240e-01 9.584291e-01 4.135670e-02 7.786693e-02 7.816644e-02 6.195909e-02 6.199571e-02 6.205830e-02
42 2.943555e-02 2.945203e-02 2.928104e-02 9.856914e-01 9.856835e-01 9.857547e-01 1.430877e-02 2.787033e-02 2.775108e-02 2.509921e-02 2.511221e-02 2.506311e-02
43 6.489789e-03 6.493269e-03 6.506396e-03 9.967733e-01 9.967715e-01 9.967651e-01 3.226730e-03 6.421063e-03 6.433559e-03 6.277386e-03 6.280708e-03 6.292014e-03
44 2.454508e-03 2.455946e-03 2.447703e-03 9.987754e-01 9.987747e-01 9.987787e-01 1.224665e-03 2.445403e-03 2.437498e-03 2.423160e-03 2.424574e-03 2.417317e-03
45 1.717018e-03 1.717771e-03 1.712960e-03 9.991424e-01 9.991421e-01 9.991445e-01 8.575442e-04 1.713957e-03 1.709201e-03 1.705623e-03 1.706368e-03 1.701720e-03
46 1.333743e-03 1.334283e-03 1.335533e-03 9.993336e-01 9.993333e-01 9.993327e-01 6.663727e-04 1.332379e-03 1.333626e-03 1.328044e-03 1.328581e-03 1.329825e-03
47 3.656007e-03 3.657451e-03 3.664100e-03 9.981761e-01 9.981753e-01 9.981720e-01 1.823869e-03 3.641196e-03 3.647860e-03 3.607594e-03 3.609010e-03 3.615699e-03
48 1.189162e-02 1.189732e-02 1.191642e-02 9.941034e-01 9.941006e-01 9.940912e-01 5.896548e-03 1.170224e-02 1.172063e-02 1.132120e-02 1.132646e-02 1.134354e-02
49 6.760430e-02 6.764418e-02 6.681551e-02 9.679834e-01 9.679648e-01 9.681991e-01 3.201625e-02 6.110806e-02 6.083015e-02 5.159776e-02 5.162450e-02 5.167074e-02
50 6.797800e-01 6.801364e-01 6.857919e-01 7.807844e-01 7.806948e-01 7.804635e-01 2.192082e-01 3.453857e-01 3.458529e-01 1.560646e-01 1.560821e-01 1.565661e-01
51 2.236839e+00 2.237644e+00 2.261573e+00 5.301221e-01 5.300108e-01 5.292625e-01 4.698576e-01 6.370124e-01 6.383441e-01 1.592883e-01 1.592820e-01 1.599149e-01
52 2.018337e+00 2.018365e+00 2.010479e+00 5.724856e-01 5.723467e-01 5.715962e-01 4.275216e-01 5.852974e-01 5.868373e-01 1.588240e-01 1.588157e-01 1.596910e-01
53 3.250587e+00 3.253077e+00 3.241829e+00 4.371622e-01 4.370132e-01 4.357226e-01 5.628489e-01 7.277389e-01 7.299571e-01 1.362134e-01 1.361783e-01 1.374055e-01
54 2.533526e+00 2.535261e+00 2.541080e+00 5.149175e-01 5.147395e-01 5.146266e-01 4.851367e-01 6.466990e-01 6.467772e-01 1.491026e-01 1.490701e-01 1.490405e-01
55 5.735808e-01 5.739019e-01 5.719468e-01 7.990189e-01 7.989228e-01 7.992101e-01 2.009970e-01 3.178565e-01 3.176833e-01 1.427228e-01 1.427576e-01 1.431488e-01
56 5.094918e-02 5.097446e-02 5.100867e-02 9.753828e-01 9.753708e-01 9.753545e-01 2.461769e-02 4.766998e-02 4.770097e-02 4.195873e-02 4.197729e-02 4.200184e-02
57 1.085224e-02 1.085900e-02 1.088198e-02 9.946276e-01 9.946243e-01 9.946129e-01 5.373157e-03 1.064633e-02 1.066859e-02 1.023307e-02 1.023929e-02 1.026015e-02
58 5.012940e-03 5.015675e-03 4.998148e-03 9.975054e-01 9.975040e-01 9.975126e-01 2.494630e-03 4.968465e-03 4.951535e-03 4.873417e-03 4.876037e-03 4.860253e-03
59 2.016715e-03 2.017711e-03 2.011987e-03 9.989933e-01 9.989928e-01 9.989957e-01 1.006636e-03 2.010946e-03 2.005354e-03 1.996548e-03 1.997529e-03 1.992195e-03
60 5.613085e-04 5.616774e-04 5.583820e-04 9.997195e-01 9.997193e-01 9.997210e-01 2.805231e-04 5.610599e-04 5.577914e-04 5.594611e-04 5.598286e-04 5.566134e-04
61 1.935593e-04 1.936684e-04 1.939464e-04 9.999032e-01 9.999032e-01 9.999030e-01 9.677763e-05 1.936249e-04 1.939028e-04 1.934290e-04 1.935380e-04 1.938155e-04
62 3.289565e-04 3.290946e-04 3.292309e-04 9.998355e-01 9.998355e-01 9.998354e-01 1.644489e-04 3.289839e-04 3.291202e-04 3.286248e-04 3.287627e-04 3.288987e-04
63 1.262564e-03 1.263088e-03 1.273541e-03 9.993692e-01 9.993690e-01 9.993638e-01 6.306898e-04 1.261016e-03 1.271408e-03 1.256373e-03 1.256893e-03 1.267165e-03
64 5.104910e-03 5.107111e-03 5.084531e-03 9.974537e-01 9.974526e-01 9.974637e-01 2.546248e-03 5.082658e-03 5.060742e-03 5.032074e-03 5.034222e-03 5.013593e-03
65 2.450339e-02 2.451530e-02 2.450960e-02 9.879116e-01 9.879058e-01 9.879044e-01 1.208816e-02 2.387333e-02 2.388307e-02 2.266718e-02 2.267770e-02 2.270878e-02
66 1.081856e-01 1.082321e-01 1.084250e-01 9.493371e-01 9.493164e-01 9.492051e-01 5.066048e-02 9.545026e-02 9.568655e-02 7.606163e-02 7.608618e-02 7.633184e-02
67 1.606739e-01 1.607433e-01 1.604003e-01 9.254541e-01 9.254232e-01 9.255207e-01 7.454899e-02 1.392014e-01 1.390966e-01 1.067374e-01 1.067730e-01 1.068453e-01
68 3.350510e-01 3.351714e-01 3.348099e-01 8.575170e-01 8.574729e-01 8.573821e-01 1.424710e-01 2.489550e-01 2.493088e-01 1.510105e-01 1.510328e-01 1.514516e-01
69 9.269810e-01 9.274460e-01 9.293001e-01 6.937932e-01 6.936749e-01 6.933629e-01 3.062170e-01 4.704900e-01 4.710419e-01 1.808829e-01 1.808898e-01 1.814402e-01
70 1.540914e+00 1.541583e+00 1.551262e+00 6.004824e-01 6.003721e-01 5.997964e-01 3.995104e-01 5.719388e-01 5.729698e-01 1.739055e-01 1.738975e-01 1.744264e-01
71 2.077584e+00 2.078581e+00 2.081380e+00 5.257719e-01 5.256262e-01 5.248511e-01 4.742520e-01 6.418004e-01 6.431384e-01 1.539992e-01 1.539807e-01 1.548653e-01
72 1.964678e+00 1.965439e+00 1.967486e+00 5.187972e-01 5.186894e-01 5.176399e-01 4.811841e-01 6.681723e-01 6.697597e-01 1.674804e-01 1.674585e-01 1.684545e-01
73 1.604998e+00 1.605900e+00 1.607226e+00 5.945883e-01 5.944383e-01 5.935336e-01 4.054343e-01 5.643794e-01 5.657664e-01 1.538703e-01 1.538541e-01 1.545639e-01
74 7.669660e-02 7.680486e-02 7.549314e-02 9.644674e-01 9.644238e-01 9.647983e-01 3.555638e-02 6.680365e-02 6.633987e-02 5.387868e-02 5.391494e-02 5.395155e-02
75 1.575660e-02 1.576390e-02 1.574184e-02 9.921907e-01 9.921871e-01 9.921974e-01 7.809427e-03 1.549031e-02 1.547103e-02 1.495661e-02 1.496336e-02 1.494898e-02
76 9.063016e-03 9.067362e-03 9.068421e-03 9.954938e-01 9.954917e-01 9.954911e-01 4.506193e-03 8.966515e-03 8.967683e-03 8.765728e-03 8.769866e-03 8.771221e-03
77 1.497722e-03 1.498515e-03 1.504678e-03 9.992519e-01 9.992515e-01 9.992484e-01 7.481457e-04 1.495557e-03 1.501668e-03 1.488882e-03 1.489669e-03 1.495676e-03
78 3.409772e-04 3.411575e-04 3.404118e-04 9.998296e-01 9.998295e-01 9.998298e-01 1.704569e-04 3.409894e-04 3.402463e-04 3.404738e-04 3.406537e-04 3.399156e-04
79 3.702223e-04 3.703939e-04 3.694063e-04 9.998149e-01 9.998148e-01 9.998153e-01 1.850727e-04 3.702344e-04 3.692491e-04 3.697447e-04 3.699159e-04 3.689351e-04
80 1.227259e-03 1.227749e-03 1.230631e-03 9.993868e-01 9.993866e-01 9.993851e-01 6.131324e-04 1.225939e-03 1.228804e-03 1.221845e-03 1.222331e-03 1.225161e-03
81 3.022456e-03 3.023735e-03 3.013305e-03 9.984915e-01 9.984908e-01 9.984960e-01 1.508498e-03 3.012906e-03 3.002720e-03 2.990172e-03 2.991428e-03 2.981718e-03
82 4.178286e-03 4.179832e-03 4.176680e-03 9.979157e-01 9.979150e-01 9.979165e-01 2.084227e-03 4.160405e-03 4.157403e-03 4.120453e-03 4.121963e-03 4.119254e-03
83 6.638580e-03 6.641559e-03 6.640840e-03 9.966934e-01 9.966919e-01 9.966922e-01 3.306670e-03 6.591111e-03 6.590705e-03 6.489549e-03 6.492425e-03 6.492644e-03
84 2.299136e-02 2.299619e-02 2.301867e-02 9.886472e-01 9.886448e-01 9.886332e-01 1.135043e-02 2.243274e-02 2.245655e-02 2.136311e-02 2.136761e-02 2.139319e-02
85 7.996723e-02 8.000839e-02 8.005298e-02 9.622598e-01 9.622408e-01 9.622346e-01 3.774248e-02 7.162508e-02 7.161570e-02 5.875842e-02 5.878503e-02 5.872765e-02
86 1.112636e-01 1.113102e-01 1.109166e-01 9.489688e-01 9.489486e-01 9.490801e-01 5.103005e-02 9.454775e-02 9.437679e-02 7.124497e-02 7.126686e-02 7.132007e-02
87 1.475778e-01 1.476556e-01 1.486430e-01 9.346452e-01 9.346133e-01 9.342223e-01 6.535686e-02 1.177359e-01 1.183795e-01 8.028581e-02 8.031497e-02 8.062408e-02
88 1.786838e-01 1.787539e-01 1.785122e-01 9.199562e-01 9.199272e-01 9.200118e-01 8.004117e-02 1.452796e-01 1.451614e-01 1.008986e-01 1.009224e-01 1.009368e-01
89 5.244548e-02 5.247797e-02 5.245293e-02 9.746635e-01 9.746481e-01 9.746544e-01 2.534024e-02 4.906114e-02 4.905848e-02 4.314738e-02 4.317133e-02 4.319826e-02
90 4.917906e-03 4.920790e-03 4.929646e-03 9.975469e-01 9.975455e-01 9.975411e-01 2.453410e-03 4.897359e-03 4.905997e-03 4.848170e-03 4.850985e-03 4.859198e-03
91 1.329418e-03 1.330105e-03 1.333890e-03 9.993359e-01 9.993356e-01 9.993337e-01 6.641159e-04 1.327677e-03 1.331437e-03 1.322162e-03 1.322844e-03 1.326554e-03
92 7.472329e-04 7.476409e-04 7.473429e-04 9.996267e-01 9.996265e-01 9.996266e-01 3.733352e-04 7.465010e-04 7.462063e-04 7.438255e-04 7.442308e-04 7.439426e-04
93 2.045567e-04 2.046672e-04 2.032511e-04 9.998977e-01 9.998977e-01 9.998984e-01 1.022615e-04 2.045979e-04 2.031843e-04 2.043491e-04 2.044595e-04 2.030508e-04
94 5.893505e-05 5.896216e-05 5.919679e-05 9.999705e-01 9.999705e-01 9.999704e-01 2.946760e-05 5.895870e-05 5.919327e-05 5.892466e-05 5.895177e-05 5.918621e-05
95 3.636699e-05 3.638708e-05 3.645931e-05 9.999818e-01 9.999818e-01 9.999818e-01 1.818294e-05 3.638492e-05 3.645717e-05 3.636053e-05 3.638061e-05 3.645289e-05
96 1.042034e-04 1.042461e-04 1.040813e-04 9.999479e-01 9.999479e-01 9.999480e-01 5.209801e-05 1.042313e-04 1.040666e-04 1.041592e-04 1.042019e-04 1.040373e-04
97 1.267171e-04 1.267644e-04 1.268003e-04 9.999366e-01 9.999366e-01 9.999366e-01 6.335156e-05 1.267491e-04 1.267851e-04 1.266714e-04 1.267187e-04 1.267547e-04
98 3.555016e-04 3.556483e-04 3.556401e-04 9.998223e-01 9.998222e-01 9.998222e-01 1.777193e-04 3.555302e-04 3.555230e-04 3.551477e-04 3.552943e-04 3.552890e-04
99 1.181975e-03 1.182453e-03 1.181570e-03 9.994094e-01 9.994092e-01 9.994096e-01 5.905719e-04 1.180882e-03 1.180021e-03 1.177277e-03 1.177752e-03 1.176933e-03
100 4.670853e-03 4.672436e-03 4.669972e-03 9.976704e-01 9.976696e-01 9.976707e-01 2.329385e-03 4.649269e-03 4.647105e-03 4.601917e-03 4.603459e-03 4.601872e-03
101 1.110440e-02 1.110904e-02 1.110630e-02 9.944778e-01 9.944755e-01 9.944768e-01 5.522270e-03 1.098945e-02 1.098730e-02 1.075109e-02 1.075549e-02 1.075443e-02
102 2.099001e-02 2.099763e-02 2.105521e-02 9.896480e-01 9.896443e-01 9.896155e-01 1.035070e-02 2.043484e-02 2.049235e-02 1.937711e-02 1.938368e-02 1.944006e-02
103 5.635171e-02 5.637820e-02 5.638772e-02 9.727796e-01 9.727670e-01 9.727617e-01 2.722145e-02 5.271591e-02 5.272837e-02 4.650601e-02 4.652594e-02 4.654639e-02
104 6.695047e-02 6.697201e-02 6.709547e-02 9.679123e-01 9.679023e-01 9.678526e-01 3.208491e-02 6.166747e-02 6.174811e-02 5.279690e-02 5.281081e-02 5.283828e-02
105 6.077908e-02 6.080449e-02 6.092848e-02 9.708872e-01 9.708754e-01 9.708168e-01 2.911216e-02 5.592841e-02 5.603939e-02 4.780488e-02 4.782197e-02 4.791348e-02
106 9.076163e-02 9.081035e-02 9.088026e-02 9.568379e-01 9.568154e-01 9.567795e-01 4.316579e-02 8.236941e-02 8.244278e-02 6.852118e-02 6.855230e-02 6.863127e-02
107 6.928154e-03 6.931914e-03 6.931870e-03 9.965483e-01 9.965464e-01 9.965464e-01 3.452105e-03 6.882567e-03 6.882690e-03 6.781954e-03 6.785584e-03 6.786040e-03
108 9.706678e-03 9.710787e-03 9.714611e-03 9.951732e-01 9.951712e-01 9.951692e-01 4.826745e-03 9.605072e-03 9.609408e-03 9.394737e-03 9.398624e-03 9.403915e-03
109 5.828988e-03 5.832247e-03 5.853883e-03 9.970998e-01 9.970982e-01 9.970875e-01 2.900228e-03 5.775366e-03 5.796359e-03 5.661536e-03 5.664647e-03 5.684377e-03
110 1.090339e-02 1.090785e-02 1.089565e-02 9.945836e-01 9.945814e-01 9.945873e-01 5.416423e-03 1.076760e-02 1.075592e-02 1.049007e-02 1.049425e-02 1.048356e-02
111 1.099598e-03 1.100343e-03 1.100848e-03 9.994510e-01 9.994507e-01 9.994504e-01 5.490135e-04 1.097052e-03 1.097526e-03 1.089789e-03 1.090524e-03 1.090936e-03
112 1.321610e-04 1.322680e-04 1.324098e-04 9.999339e-01 9.999339e-01 9.999338e-01 6.609608e-05 1.322413e-04 1.323831e-04 1.320811e-04 1.321880e-04 1.323296e-04
113 4.376732e-05 4.379081e-05 4.401239e-05 9.999781e-01 9.999781e-01 9.999780e-01 2.188368e-05 4.378810e-05 4.400962e-05 4.375919e-05 4.378267e-05 4.400409e-05
114 2.991309e-05 2.992289e-05 2.991806e-05 9.999850e-01 9.999850e-01 9.999850e-01 1.495450e-05 2.992182e-05 2.991699e-05 2.990986e-05 2.991967e-05 2.991485e-05
115 1.050096e-04 1.050475e-04 1.052526e-04 9.999475e-01 9.999475e-01 9.999474e-01 5.249647e-05 1.050348e-04 1.052399e-04 1.049715e-04 1.050094e-04 1.052143e-04
116 2.239102e-04 2.240068e-04 2.233954e-04 9.998881e-01 9.998880e-01 9.998883e-01 1.119417e-04 2.239566e-04 2.233460e-04 2.237598e-04 2.238563e-04 2.232471e-04
117 8.047905e-04 8.051881e-04 8.042562e-04 9.995978e-01 9.995976e-01 9.995981e-01 4.021702e-04 8.042905e-04 8.033646e-04 8.021050e-04 8.025005e-04 8.015866e-04
118 2.710305e-03 2.711676e-03 2.715590e-03 9.986475e-01 9.986468e-01 9.986449e-01 1.352506e-03 2.701135e-03 2.704934e-03 2.678916e-03 2.680262e-03 2.683835e-03
