0 5.603356e+01 5.607198e+01 5.617159e+01 2.312193e-01 2.311659e-01 2.279608e-01 7.687328e-01 8.142584e-01 8.203012e-01 4.035276e-02 4.034404e-02 4.544249e-02
1 2.211354e+02 2.211916e+02 2.214422e+02 2.358495e-05 2.348261e-05 2.731804e-07 9.999764e-01 1.000000e+00 1.000000e+00 2.864870e-08 2.840693e-08 7.637768e-13
2 2.617636e+02 2.616921e+02 2.621641e+02 6.857688e-04 6.826177e-04 5.776527e-04 9.993143e-01 9.999942e-01 9.999969e-01 5.859640e-06 5.809902e-06 3.098916e-06
3 1.456058e+02 1.459906e+02 1.437451e+02 2.031369e-02 2.026553e-02 2.180221e-02 9.796922e-01 9.960908e-01 9.959415e-01 3.702030e-03 3.688725e-03 3.890758e-03
4 3.954111e+01 3.956629e+01 4.030855e+01 9.603211e-02 9.590528e-02 9.614129e-02 9.039737e-01 9.699450e-01 9.702796e-01 2.500595e-02 2.495890e-02 2.511753e-02
5 8.060841e+00 8.066417e+00 8.095068e+00 2.727784e-01 2.725677e-01 2.722904e-01 7.272690e-01 8.638596e-01 8.641147e-01 8.864150e-02 8.856769e-02 8.872461e-02
6 1.721671e+00 1.722663e+00 1.718687e+00 6.313806e-01 6.312258e-01 6.311222e-01 3.686509e-01 5.069436e-01 5.073108e-01 1.436268e-01 1.436264e-01 1.438659e-01
7 4.678834e-01 4.681915e-01 4.615949e-01 8.421695e-01 8.420781e-01 8.420431e-01 1.578446e-01 2.509172e-01 2.510226e-01 1.197361e-01 1.197735e-01 1.198544e-01
8 1.334720e-01 1.335644e-01 1.355704e-01 9.451283e-01 9.450914e-01 9.446727e-01 5.487756e-02 9.574888e-02 9.620414e-02 6.175311e-02 6.178622e-02 6.179122e-02
9 4.890392e-02 4.893745e-02 4.904217e-02 9.767609e-01 9.767450e-01 9.767174e-01 2.324174e-02 4.438837e-02 4.440920e-02 3.728266e-02 3.730728e-02 3.725216e-02
10 5.986113e-02 5.989624e-02 5.944462e-02 9.719846e-01 9.719686e-01 9.721357e-01 2.801609e-02 5.284809e-02 5.259343e-02 4.261282e-02 4.263466e-02 4.257116e-02
11 1.464056e-01 1.464797e-01 1.471411e-01 9.379118e-01 9.378837e-01 9.377431e-01 6.208503e-02 1.096617e-01 1.098247e-01 7.308651e-02 7.310970e-02 7.313853e-02
12 1.670456e+00 1.671354e+00 1.670201e+00 6.444913e-01 6.443783e-01 6.444624e-01 3.555021e-01 4.867994e-01 4.863115e-01 1.347205e-01 1.347216e-01 1.342492e-01
13 1.529129e+01 1.529927e+01 1.527980e+01 1.619842e-01 1.618729e-01 1.598709e-01 8.380032e-01 9.321774e-01 9.346716e-01 4.791987e-02 4.788175e-02 4.777606e-02
14 3.697071e+01 3.698765e+01 3.698737e+01 3.265411e-02 3.261010e-02 2.966700e-02 9.673478e-01 9.941685e-01 9.959936e-01 5.375145e-03 5.364916e-03 3.884613e-03
15 3.354447e+01 3.356474e+01 3.357082e+01 1.634045e-01 1.632902e-01 1.658011e-01 8.366155e-01 9.084710e-01 9.063464e-01 4.988702e-02 4.985546e-02 5.085271e-02
16 3.180747e+01 3.182114e+01 3.184776e+01 4.124012e-02 4.120420e-02 3.729130e-02 9.587452e-01 9.916777e-01 9.944346e-01 7.515170e-03 7.506538e-03 5.362510e-03
17 2.868036e+01 2.869602e+01 2.867816e+01 4.336093e-02 4.329240e-02 4.143555e-02 9.566585e-01 9.910534e-01 9.924442e-01 8.171095e-03 8.151933e-03 7.141539e-03
18 8.416039e+00 8.420867e+00 8.423085e+00 3.239591e-01 3.237945e-01 3.235072e-01 6.760567e-01 8.069730e-01 8.074613e-01 1.010440e-01 1.010020e-01 1.012077e-01
19 3.132702e+00 3.134341e+00 3.091037e+00 6.182073e-01 6.180675e-01 6.175250e-01 3.817799e-01 5.147362e-01 5.151888e-01 1.439328e-01 1.439527e-01 1.439940e-01
20 7.849642e-01 7.860100e-01 7.703249e-01 8.142409e-01 8.140993e-01 8.141545e-01 1.858132e-01 2.768594e-01 2.770383e-01 1.195237e-01 1.195619e-01 1.198688e-01
21 1.826235e-01 1.827489e-01 1.802228e-01 9.309175e-01 9.308717e-01 9.307347e-01 6.908520e-02 1.189838e-01 1.190658e-01 7.736511e-02 7.740271e-02 7.729322e-02
22 6.019694e-02 6.023626e-02 6.003621e-02 9.710753e-01 9.710564e-01 9.711036e-01 2.892812e-02 5.580615e-02 5.577108e-02 4.864624e-02 4.867594e-02 4.874257e-02
23 1.265764e-02 1.266650e-02 1.272243e-02 9.937513e-01 9.937469e-01 9.937194e-01 6.249171e-03 1.235190e-02 1.240589e-02 1.175971e-02 1.176774e-02 1.181677e-02
24 1.942132e-03 1.943406e-03 1.962760e-03 9.990441e-01 9.990434e-01 9.990307e-01 9.558145e-04 1.884587e-03 1.915309e-03 1.778559e-03 1.779739e-03 1.827061e-03
25 1.422401e-03 1.423731e-03 1.442947e-03 9.992966e-01 9.992960e-01 9.992850e-01 7.034990e-04 1.392948e-03 1.417391e-03 1.334753e-03 1.336033e-03 1.368850e-03
26 3.482207e-04 3.484022e-04 3.474157e-04 9.998259e-01 9.998258e-01 9.998263e-01 1.740716e-04 3.482299e-04 3.472471e-04 3.477045e-04 3.478856e-04 3.469103e-04
27 1.501153e-03 1.502050e-03 1.478950e-03 9.992511e-01 9.992507e-01 9.992619e-01 7.488430e-04 1.495368e-03 1.473334e-03 1.481318e-03 1.482199e-03 1.462213e-03
28 1.774143e-02 1.775229e-02 1.771246e-02 9.913008e-01 9.912956e-01 9.913094e-01 8.698730e-03 1.708643e-02 1.706818e-02 1.589737e-02 1.590654e-02 1.591463e-02
29 2.101827e-01 2.102761e-01 2.114033e-01 9.084859e-01 9.084490e-01 9.082252e-01 9.150981e-02 1.632282e-01 1.634269e-01 1.078349e-01 1.078615e-01 1.077951e-01
30 3.366106e-01 3.367551e-01 3.380467e-01 8.576021e-01 8.575486e-01 8.571877e-01 1.423954e-01 2.469001e-01 2.473651e-01 1.434177e-01 1.434435e-01 1.434937e-01
31 2.072299e-01 2.073249e-01 2.072571e-01 9.072445e-01 9.072047e-01 9.071783e-01 9.275693e-02 1.682534e-01 1.683911e-01 1.165186e-01 1.165538e-01 1.168939e-01
32 5.412768e-01 5.415045e-01 5.399193e-01 7.873400e-01 7.872642e-01 7.871743e-01 2.126592e-01 3.527444e-01 3.531764e-01 1.769251e-01 1.769473e-01 1.774325e-01
33 1.191316e+00 1.191854e+00 1.188226e+00 6.369905e-01 6.368701e-01 6.370052e-01 3.630225e-01 5.357727e-01 5.358763e-01 1.789858e-01 1.789832e-01 1.793921e-01
34 5.923492e+00 5.925988e+00 5.942253e+00 2.946299e-01 2.945300e-01 2.935345e-01 7.053412e-01 8.453732e-01 8.468926e-01 9.257576e-02 9.254242e-02 9.302063e-02
35 2.287195e+01 2.288198e+01 2.288530e+01 8.277754e-02 8.269822e-02 8.065460e-02 9.172239e-01 9.753453e-01 9.775439e-01 2.062589e-02 2.059901e-02 1.954643e-02
36 2.355101e+01 2.356301e+01 2.348459e+01 6.519796e-02 6.513206e-02 6.284196e-02 9.348047e-01 9.837972e-01 9.858351e-01 1.441433e-02 1.439334e-02 1.303291e-02
37 2.600872e+01 2.602291e+01 2.617085e+01 1.041942e-01 1.041029e-01 1.045946e-01 8.958081e-01 9.577153e-01 9.586263e-01 3.020774e-02 3.017752e-02 3.102457e-02
38 3.040989e+01 3.042375e+01 3.039020e+01 4.348666e-02 4.343813e-02 3.967855e-02 9.565148e-01 9.900458e-01 9.928635e-01 8.869475e-03 8.855624e-03 6.779903e-03
39 5.314094e+00 5.318985e+00 5.314919e+00 3.705498e-01 3.703540e-01 3.689202e-01 6.294936e-01 7.737531e-01 7.767532e-01 1.109313e-01 1.108814e-01 1.126149e-01
40 2.804309e-01 2.805801e-01 2.789910e-01 8.849766e-01 8.849228e-01 8.852870e-01 1.150265e-01 1.971211e-01 1.967662e-01 1.143355e-01 1.143653e-01 1.145776e-01
41 8.550606e-02 8.558582e-02 8.595791e-02 9.599323e-01 9.598976e-01 9.597511e-01 4.008332e-02 7.557152e-02 7.580606e-02 6.040663e-02 6.044318e-02 6.052494e-02
42 2.573037e-02 2.574473e-02 2.566538e-02 9.874603e-01 9.874534e-01 9.874859e-01 1.253979e-02 2.448240e-02 2.442910e-02 2.224293e-02 2.225444e-02 2.223569e-02
43 5.119967e-03 5.122808e-03 5.123128e-03 9.974524e-01 9.974510e-01 9.974506e-01 2.547645e-03 5.073668e-03 5.074633e-03 4.975148e-03 4.977879e-03 4.980019e-03
44 2.119898e-03 2.121081e-03 2.106958e-03 9.989420e-01 9.989414e-01 9.989484e-01 1.057991e-03 2.113190e-03 2.099408e-03 2.096398e-03 2.097564e-03 2.084446e-03
45 1.718019e-03 1.718820e-03 1.714087e-03 9.991420e-01 9.991416e-01 9.991440e-01 8.579968e-04 1.714764e-03 1.710083e-03 1.705906e-03 1.706698e-03 1.702120e-03
46 1.182578e-03 1.183021e-03 1.186165e-03 9.994091e-01 9.994089e-01 9.994073e-01 5.908875e-04 1.181536e-03 1.184662e-03 1.178134e-03 1.178574e-03 1.181662e-03
47 3.158028e-03 3.159243e-03 3.158301e-03 9.984240e-01 9.984234e-01 9.984238e-01 1.575957e-03 3.147306e-03 3.146401e-03 3.122437e-03 3.123630e-03 3.122799e-03
48 1.028834e-02 1.029325e-02 1.030130e-02 9.948935e-01 9.948910e-01 9.948870e-01 5.106470e-03 1.014386e-02 1.015210e-02 9.850402e-03 9.854972e-03 9.863539e-03
49 5.624349e-02 5.627614e-02 5.611242e-02 9.730875e-01 9.730721e-01 9.730730e-01 2.691213e-02 5.176710e-02 5.185089e-02 4.479249e-02 4.481557e-02 4.502179e-02
50 6.246164e-01 6.249445e-01 6.301322e-01 7.956971e-01 7.956123e-01 7.953562e-01 2.042938e-01 3.244351e-01 3.247900e-01 1.509167e-01 1.509357e-01 1.511831e-01
51 2.384904e+00 2.385742e+00 2.401410e+00 5.147691e-01 5.146555e-01 5.138661e-01 4.852097e-01 6.532140e-01 6.549029e-01 1.574884e-01 1.574788e-01 1.585688e-01
52 2.313249e+00 2.313325e+00 2.305793e+00 5.441935e-01 5.440546e-01 5.432119e-01 4.558135e-01 6.135338e-01 6.151794e-01 1.542822e-01 1.542699e-01 1.552743e-01
53 3.613611e+00 3.616311e+00 3.609444e+00 4.142267e-01 4.140833e-01 4.135651e-01 5.857828e-01 7.464929e-01 7.476180e-01 1.299753e-01 1.299403e-01 1.308799e-01
54 2.708083e+00 2.709947e+00 2.712887e+00 4.991134e-01 4.989370e-01 4.989722e-01 5.009396e-01 6.622553e-01 6.621961e-01 1.458694e-01 1.458350e-01 1.457268e-01
55 5.332506e-01 5.335566e-01 5.353954e-01 8.107143e-01 8.106219e-01 8.102549e-01 1.893006e-01 3.014193e-01 3.018924e-01 1.388465e-01 1.388825e-01 1.391297e-01
56 4.348062e-02 4.350142e-02 4.337146e-02 9.788775e-01 9.788676e-01 9.789257e-01 2.112282e-02 4.110405e-02 4.099993e-02 3.684937e-02 3.686529e-02 3.680078e-02
57 1.044368e-02 1.045027e-02 1.045771e-02 9.948292e-01 9.948259e-01 9.948224e-01 5.171580e-03 1.024823e-02 1.025502e-02 9.854919e-03 9.860991e-03 9.866552e-03
58 4.640416e-03 4.642986e-03 4.632020e-03 9.976902e-01 9.976889e-01 9.976943e-01 2.309804e-03 4.601482e-03 4.590802e-03 4.517672e-03 4.520138e-03 4.510006e-03
59 1.732822e-03 1.733679e-03 1.734281e-03 9.991348e-01 9.991344e-01 9.991341e-01 8.651649e-04 1.728772e-03 1.729401e-03 1.718178e-03 1.719026e-03 1.719707e-03
60 4.501294e-04 4.504168e-04 4.487041e-04 9.997750e-01 9.997749e-01 9.997757e-01 2.249849e-04 4.500355e-04 4.483340e-04 4.489880e-04 4.492745e-04 4.475953e-04
61 1.529156e-04 1.529984e-04 1.538004e-04 9.999235e-01 9.999235e-01 9.999231e-01 7.645746e-05 1.529721e-04 1.537737e-04 1.528368e-04 1.529196e-04 1.537202e-04
62 2.698727e-04 2.699833e-04 2.703564e-04 9.998651e-01 9.998650e-01 9.998648e-01 1.349165e-04 2.699091e-04 2.702820e-04 2.696502e-04 2.697606e-04 2.701332e-04
63 9.884228e-04 9.888063e-04 9.904618e-04 9.995061e-01 9.995059e-01 9.995051e-01 4.938502e-04 9.875981e-04 9.892456e-04 9.848090e-04 9.851902e-04 9.868214e-04
64 4.240250e-03 4.242004e-03 4.232070e-03 9.978842e-01 9.978833e-01 9.978882e-01 2.115729e-03 4.224764e-03 4.215118e-03 4.188847e-03 4.190564e-03 4.181478e-03
65 2.182637e-02 2.183699e-02 2.187161e-02 9.892173e-01 9.892121e-01 9.891927e-01 1.078253e-02 2.132311e-02 2.136526e-02 2.034910e-02 2.035858e-02 2.041043e-02
66 1.076494e-01 1.076959e-01 1.078087e-01 9.497054e-01 9.496848e-01 9.496094e-01 5.029190e-02 9.457692e-02 9.475094e-02 7.488896e-02 7.491289e-02 7.513422e-02
67 1.668556e-01 1.669292e-01 1.666826e-01 9.230458e-01 9.230134e-01 9.230863e-01 7.695749e-02 1.430031e-01 1.429169e-01 1.078181e-01 1.078541e-01 1.078820e-01
68 3.314712e-01 3.315899e-01 3.323544e-01 8.592769e-01 8.592339e-01 8.589623e-01 1.407104e-01 2.456366e-01 2.460367e-01 1.487930e-01 1.488147e-01 1.489347e-01
69 9.266259e-01 9.270858e-01 9.309269e-01 6.918953e-01 6.917775e-01 6.912246e-01 3.081148e-01 4.736700e-01 4.744083e-01 1.813692e-01 1.813750e-01 1.818669e-01
70 1.665558e+00 1.666279e+00 1.674409e+00 5.830849e-01 5.829754e-01 5.824222e-01 4.169050e-01 5.895591e-01 5.906330e-01 1.705028e-01 1.704939e-01 1.712173e-01
71 2.318002e+00 2.319109e+00 2.324083e+00 4.994038e-01 4.992576e-01 4.983967e-01 5.006204e-01 6.671133e-01 6.683530e-01 1.489130e-01 1.488895e-01 1.495225e-01
72 2.237755e+00 2.238614e+00 2.244624e+00 4.851538e-01 4.850454e-01 4.837925e-01 5.148261e-01 7.004290e-01 7.023579e-01 1.584023e-01 1.583772e-01 1.596106e-01
73 1.654216e+00 1.655185e+00 1.657511e+00 5.915392e-01 5.913849e-01 5.907811e-01 4.084869e-01 5.657107e-01 5.665942e-01 1.509333e-01 1.509148e-01 1.515328e-01
74 6.755126e-02 6.764225e-02 6.788181e-02 9.679848e-01 9.679472e-01 9.678510e-01 3.203654e-02 6.109690e-02 6.125355e-02 5.128881e-02 5.132247e-02 5.138197e-02
75 1.642504e-02 1.643236e-02 1.638479e-02 9.918613e-01 9.918577e-01 9.918806e-01 8.138857e-03 1.613978e-02 1.609557e-02 1.556957e-02 1.557630e-02 1.553828e-02
76 8.740094e-03 8.744338e-03 8.769867e-03 9.956543e-01 9.956522e-01 9.956397e-01 4.345708e-03 8.647378e-03 8.671875e-03 8.454328e-03 8.458366e-03 8.480907e-03
77 1.284066e-03 1.284746e-03 1.288718e-03 9.993585e-01 9.993582e-01 9.993562e-01 6.414965e-04 1.282516e-03 1.286454e-03 1.277401e-03 1.278075e-03 1.281945e-03
78 2.951477e-04 2.953060e-04 2.956777e-04 9.998525e-01 9.998524e-01 9.998522e-01 1.475523e-04 2.951747e-04 2.955459e-04 2.947544e-04 2.949124e-04 2.952825e-04
79 3.154564e-04 3.156082e-04 3.155351e-04 9.998423e-01 9.998422e-01 9.998423e-01 1.576991e-04 3.154853e-04 3.154123e-04 3.150881e-04 3.152396e-04 3.151671e-04
80 1.191732e-03 1.192213e-03 1.192024e-03 9.994046e-01 9.994043e-01 9.994044e-01 5.953789e-04 1.190456e-03 1.190263e-03 1.186478e-03 1.186955e-03 1.186755e-03
81 3.133059e-03 3.134395e-03 3.117257e-03 9.984364e-01 9.984358e-01 9.984442e-01 1.563564e-03 3.122628e-03 3.105797e-03 3.097988e-03 3.099300e-03 3.083071e-03
82 4.467867e-03 4.469583e-03 4.482163e-03 9.977718e-01 9.977709e-01 9.977647e-01 2.228163e-03 4.446695e-03 4.459036e-03 4.399787e-03 4.401460e-03 4.413337e-03
83 6.637316e-03 6.640368e-03 6.667897e-03 9.966946e-01 9.966931e-01 9.966796e-01 3.305458e-03 6.587652e-03 6.613855e-03 6.481752e-03 6.484689e-03 6.508419e-03
84 2.100595e-02 2.101009e-02 2.090650e-02 9.896153e-01 9.896132e-01 9.896619e-01 1.038241e-02 2.054302e-02 2.045161e-02 1.965125e-02 1.965518e-02 1.958512e-02
85 8.081891e-02 8.086135e-02 8.076641e-02 9.619025e-01 9.618830e-01 9.619244e-01 3.809967e-02 7.223508e-02 7.216254e-02 5.907068e-02 5.909757e-02 5.905890e-02
86 1.240738e-01 1.241252e-01 1.238984e-01 9.435468e-01 9.435248e-01 9.435911e-01 5.645182e-02 1.039183e-01 1.038474e-01 7.653883e-02 7.656120e-02 7.662365e-02
87 1.624464e-01 1.625319e-01 1.637050e-01 9.289356e-01 9.289012e-01 9.285119e-01 7.106674e-02 1.268758e-01 1.274202e-01 8.401466e-02 8.404412e-02 8.411201e-02
88 1.978140e-01 1.978940e-01 1.975553e-01 9.121946e-01 9.121622e-01 9.122381e-01 8.780318e-02 1.582083e-01 1.581654e-01 1.069944e-01 1.070190e-01 1.071888e-01
89 5.080192e-02 5.083300e-02 5.078179e-02 9.754436e-01 9.754289e-01 9.754516e-01 2.455977e-02 4.757497e-02 4.753384e-02 4.192443e-02 4.194744e-02 4.191808e-02
90 4.702352e-03 4.705091e-03 4.718733e-03 9.976540e-01 9.976527e-01 9.976459e-01 2.346304e-03 4.684287e-03 4.697604e-03 4.640382e-03 4.643058e-03 4.655741e-03
91 1.383460e-03 1.384181e-03 1.388427e-03 9.993090e-01 9.993086e-01 9.993065e-01 6.910602e-04 1.381450e-03 1.385635e-03 1.375302e-03 1.376016e-03 1.380081e-03
92 7.363265e-04 7.367334e-04 7.347809e-04 9.996321e-01 9.996319e-01 9.996329e-01 3.678761e-04 7.355703e-04 7.336245e-04 7.328501e-04 7.332542e-04 7.313220e-04
93 1.792183e-04 1.793176e-04 1.788362e-04 9.999104e-01 9.999104e-01 9.999106e-01 8.959609e-05 1.792627e-04 1.787825e-04 1.790538e-04 1.791530e-04 1.786752e-04
94 4.915380e-05 4.917582e-05 4.924313e-05 9.999754e-01 9.999754e-01 9.999754e-01 2.457694e-05 4.917343e-05 4.924072e-05 4.914663e-05 4.916865e-05 4.923590e-05
95 3.386225e-05 3.388112e-05 3.396553e-05 9.999831e-01 9.999831e-01 9.999830e-01 1.693056e-05 3.387909e-05 3.396348e-05 3.385616e-05 3.387503e-05 3.395940e-05
96 1.074807e-04 1.075252e-04 1.076029e-04 9.999463e-01 9.999462e-01 9.999462e-01 5.373621e-05 1.075087e-04 1.075865e-04 1.074314e-04 1.074758e-04 1.075536e-04
97 1.217555e-04 1.218009e-04 1.218456e-04 9.999391e-01 9.999391e-01 9.999391e-01 6.087061e-05 1.217856e-04 1.218303e-04 1.217096e-04 1.217550e-04 1.217998e-04
98 3.305279e-04 3.306700e-04 3.313412e-04 9.998348e-01 9.998347e-01 9.998344e-01 1.652363e-04 3.305640e-04 3.312338e-04 3.302101e-04 3.303521e-04 3.310190e-04
99 1.024205e-03 1.024626e-03 1.024244e-03 9.994882e-01 9.994880e-01 9.994882e-01 5.117790e-04 1.023411e-03 1.023053e-03 1.020570e-03 1.020988e-03 1.020677e-03
100 4.451430e-03 4.452959e-03 4.461272e-03 9.977799e-01 9.977791e-01 9.977749e-01 2.219883e-03 4.430617e-03 4.439027e-03 4.384968e-03 4.386456e-03 4.395049e-03
101 1.120827e-02 1.121287e-02 1.120360e-02 9.944266e-01 9.944243e-01 9.944287e-01 5.573561e-03 1.109067e-02 1.108229e-02 1.084719e-02 1.085156e-02 1.084485e-02
102 2.089683e-02 2.090403e-02 2.093742e-02 9.896888e-01 9.896852e-01 9.896681e-01 1.030991e-02 2.036376e-02 2.039869e-02 1.934370e-02 1.934995e-02 1.938691e-02
103 5.952655e-02 5.955500e-02 5.936024e-02 9.713011e-01 9.712876e-01 9.713698e-01 2.870003e-02 5.548579e-02 5.534688e-02 4.865272e-02 4.867361e-02 4.861395e-02
104 7.366554e-02 7.368919e-02 7.376695e-02 9.648295e-01 9.648186e-01 9.647813e-01 3.516753e-02 6.735661e-02 6.742869e-02 5.691270e-02 5.692723e-02 5.699008e-02
105 6.949676e-02 6.952492e-02 6.979823e-02 9.669132e-01 9.669002e-01 9.667703e-01 3.308581e-02 6.321401e-02 6.346204e-02 5.292778e-02 5.294568e-02 5.315499e-02
106 9.694441e-02 9.699835e-02 9.682033e-02 9.541220e-01 9.540973e-01 9.541690e-01 4.588236e-02 8.717648e-02 8.706017e-02 7.136613e-02 7.139898e-02 7.135935e-02
107 7.125154e-03 7.128936e-03 7.117519e-03 9.964506e-01 9.964487e-01 9.964543e-01 3.549808e-03 7.076568e-03 7.065703e-03 6.970069e-03 6.973718e-03 6.963932e-03
108 1.067214e-02 1.067656e-02 1.070474e-02 9.946959e-01 9.946937e-01 9.946797e-01 5.304096e-03 1.054952e-02 1.057724e-02 1.029777e-02 1.030192e-02 1.032873e-02
109 6.649803e-03 6.653506e-03 6.664161e-03 9.966935e-01 9.966917e-01 9.966864e-01 3.306514e-03 6.580265e-03 6.590750e-03 6.434581e-03 6.438093e-03 6.448217e-03
110 1.182354e-02 1.182838e-02 1.182643e-02 9.941298e-01 9.941274e-01 9.941283e-01 5.870163e-03 1.166300e-02 1.166141e-02 1.133692e-02 1.134144e-02 1.134053e-02
111 1.038537e-03 1.039246e-03 1.034826e-03 9.994815e-01 9.994811e-01 9.994833e-01 5.185739e-04 1.036322e-03 1.031930e-03 1.029821e-03 1.030520e-03 1.026183e-03
112 1.356554e-04 1.357635e-04 1.358090e-04 9.999322e-01 9.999321e-01 9.999321e-01 6.784320e-05 1.357361e-04 1.357815e-04 1.355731e-04 1.356812e-04 1.357265e-04
113 4.112050e-05 4.114232e-05 4.128065e-05 9.999794e-01 9.999794e-01 9.999794e-01 2.056036e-05 4.113992e-05 4.127821e-05 4.111333e-05 4.113514e-05 4.127335e-05
114 2.774565e-05 2.775453e-05 2.785370e-05 9.999861e-01 9.999861e-01 9.999861e-01 1.387080e-05 2.775359e-05 2.785275e-05 2.774284e-05 2.775171e-05 2.785085e-05
115 1.064327e-04 1.064716e-04 1.068020e-04 9.999468e-01 9.999468e-01 9.999466e-01 5.320788e-05 1.064585e-04 1.067887e-04 1.063933e-04 1.064322e-04 1.067622e-04
116 2.170030e-04 2.170911e-04 2.171441e-04 9.998915e-01 9.998915e-01 9.998914e-01 1.084900e-04 2.170457e-04 2.170990e-04 2.168667e-04 2.169547e-04 2.170089e-04
117 7.420428e-04 7.424040e-04 7.427496e-04 9.996292e-01 9.996290e-01 9.996288e-01 3.708313e-04 7.416481e-04 7.419968e-04 7.397809e-04 7.401403e-04 7.404951e-04
118 2.753982e-03 2.755396e-03 2.765127e-03 9.986258e-01 9.986251e-01 9.986202e-01 1.374229e-03 2.744398e-03 2.753909e-03 2.721241e-03 2.722628e-03 2.731710e-03
