0 2.070418e+01 2.071894e+01 2.077066e+01 3.332947e-01 3.332186e-01 3.302443e-01 6.666598e-01 7.247008e-01 7.289540e-01 5.068993e-02 5.068187e-02 5.035470e-02
1 1.086394e+02 1.086793e+02 1.085178e+02 1.602475e-03 1.598916e-03 2.106694e-04 9.983976e-01 9.999109e-01 9.999996e-01 8.902186e-05 8.867731e-05 4.275390e-07
2 1.571145e+02 1.570387e+02 1.569248e+02 3.481202e-03 3.469921e-03 3.283883e-03 9.965196e-01 9.998326e-01 9.998953e-01 1.677756e-04 1.667864e-04 1.045753e-04
3 1.239838e+02 1.242614e+02 1.250793e+02 2.135399e-02 2.130693e-02 1.713905e-02 9.786508e-01 9.952034e-01 9.977323e-01 4.257859e-03 4.245322e-03 2.216330e-03
4 6.077848e+01 6.081805e+01 6.076613e+01 3.865445e-02 3.857588e-02 3.723396e-02 9.613520e-01 9.928655e-01 9.938471e-01 6.692150e-03 6.670751e-03 5.900349e-03
5 2.056908e+01 2.058411e+01 2.054649e+01 1.081416e-01 1.079903e-01 1.062353e-01 8.918783e-01 9.673513e-01 9.695529e-01 2.720168e-02 2.715046e-02 2.641438e-02
6 4.505627e+00 4.508550e+00 4.475225e+00 4.008640e-01 4.006363e-01 4.001985e-01 5.991943e-01 7.506497e-01 7.517504e-01 1.216776e-01 1.216170e-01 1.227773e-01
7 1.174728e+00 1.175442e+00 1.167969e+00 7.029669e-01 7.028268e-01 7.027677e-01 2.970514e-01 4.321091e-01 4.320923e-01 1.537880e-01 1.538075e-01 1.537000e-01
8 5.156521e-01 5.160109e-01 5.084021e-01 8.446090e-01 8.445095e-01 8.446870e-01 1.554152e-01 2.410808e-01 2.410906e-01 1.083854e-01 1.084160e-01 1.085414e-01
9 2.419227e-01 2.421042e-01 2.403277e-01 9.093901e-01 9.093198e-01 9.091749e-01 9.062575e-02 1.533562e-01 1.535437e-01 9.185548e-02 9.190186e-02 9.198297e-02
10 1.710973e-01 1.712065e-01 1.715311e-01 9.267319e-01 9.266853e-01 9.265984e-01 7.327701e-02 1.299747e-01 1.300336e-01 8.634214e-02 8.638581e-02 8.626496e-02
11 4.101283e-01 4.103130e-01 4.109531e-01 8.403320e-01 8.402708e-01 8.403810e-01 1.596643e-01 2.652251e-01 2.648036e-01 1.394316e-01 1.394545e-01 1.390448e-01
12 3.739608e+00 3.741698e+00 3.756473e+00 4.556965e-01 4.555381e-01 4.543626e-01 5.443135e-01 6.923099e-01 6.938066e-01 1.310517e-01 1.310249e-01 1.315310e-01
13 1.512997e+01 1.513752e+01 1.511262e+01 1.158787e-01 1.157833e-01 1.129314e-01 8.841159e-01 9.594071e-01 9.627038e-01 3.135315e-02 3.132127e-02 3.039732e-02
14 2.590139e+01 2.591266e+01 2.588024e+01 4.204414e-02 4.199461e-02 3.965527e-02 9.579605e-01 9.922600e-01 9.936831e-01 7.252384e-03 7.239347e-03 6.069142e-03
15 1.887623e+01 1.888767e+01 1.894916e+01 2.281683e-01 2.280194e-01 2.263045e-01 7.718675e-01 8.650546e-01 8.672663e-01 7.054924e-02 7.050790e-02 7.140256e-02
16 1.545470e+01 1.546150e+01 1.553797e+01 1.187840e-01 1.187075e-01 1.153290e-01 8.811939e-01 9.539880e-01 9.591978e-01 3.184160e-02 3.181974e-02 3.194316e-02
17 1.847605e+01 1.848644e+01 1.844271e+01 7.565087e-02 7.556130e-02 7.445883e-02 9.243653e-01 9.822549e-01 9.833691e-01 1.606758e-02 1.604008e-02 1.534465e-02
18 7.634973e+00 7.639399e+00 7.600341e+00 3.103799e-01 3.101964e-01 3.099885e-01 6.896519e-01 8.252411e-01 8.257789e-01 9.857488e-02 9.851882e-02 9.929395e-02
19 2.771192e+00 2.772614e+00 2.737557e+00 5.700527e-01 5.698988e-01 5.701589e-01 4.299449e-01 5.798305e-01 5.798287e-01 1.500914e-01 1.500915e-01 1.505386e-01
20 9.586073e-01 9.596049e-01 9.495513e-01 7.705557e-01 7.703915e-01 7.701552e-01 2.295009e-01 3.449878e-01 3.450806e-01 1.477034e-01 1.477409e-01 1.477417e-01
21 3.323415e-01 3.325612e-01 3.267551e-01 8.841573e-01 8.840844e-01 8.842491e-01 1.158471e-01 1.941113e-01 1.939829e-01 1.146934e-01 1.147370e-01 1.148456e-01
22 1.713334e-01 1.714360e-01 1.707354e-01 9.223442e-01 9.222975e-01 9.223145e-01 7.766483e-02 1.431395e-01 1.432487e-01 1.064030e-01 1.064533e-01 1.065944e-01
23 6.287123e-02 6.291294e-02 6.274706e-02 9.700178e-01 9.699982e-01 9.700385e-01 2.998408e-02 5.743530e-02 5.740506e-02 4.870214e-02 4.873175e-02 4.879311e-02
24 1.707855e-02 1.709018e-02 1.668010e-02 9.933837e-01 9.933792e-01 9.931423e-01 6.615843e-03 1.134343e-02 1.180364e-02 7.652849e-03 7.656573e-03 7.470661e-03
25 1.042300e-02 1.043432e-02 1.027626e-02 9.954080e-01 9.954026e-01 9.953197e-01 4.594012e-03 8.350728e-03 8.632076e-03 6.228326e-03 6.236313e-03 6.509072e-03
26 1.478651e-03 1.479369e-03 1.476983e-03 9.992614e-01 9.992610e-01 9.992622e-01 7.385760e-04 1.476498e-03 1.474234e-03 1.470078e-03 1.470792e-03 1.468765e-03
27 6.473441e-03 6.477389e-03 6.504302e-03 9.967921e-01 9.967902e-01 9.967751e-01 3.207621e-03 6.363975e-03 6.396750e-03 6.148415e-03 6.152154e-03 6.192842e-03
28 4.704084e-02 4.706548e-02 4.691815e-02 9.772209e-01 9.772091e-01 9.772651e-01 2.277806e-02 4.422718e-02 4.413942e-02 3.942114e-02 3.944002e-02 3.940887e-02
29 2.195098e-01 2.196006e-01 2.200803e-01 9.023742e-01 9.023355e-01 9.022294e-01 9.762588e-02 1.766197e-01 1.767395e-01 1.220139e-01 1.220493e-01 1.221089e-01
30 2.630297e-01 2.631466e-01 2.632307e-01 8.833809e-01 8.833325e-01 8.832847e-01 1.166183e-01 2.096998e-01 2.097818e-01 1.394675e-01 1.395047e-01 1.395094e-01
31 2.703404e-01 2.704853e-01 2.706086e-01 8.835962e-01 8.835352e-01 8.832523e-01 1.164104e-01 2.067632e-01 2.073458e-01 1.355987e-01 1.356450e-01 1.361193e-01
32 7.127087e-01 7.130047e-01 7.138113e-01 7.413393e-01 7.412483e-01 7.409713e-01 2.586606e-01 4.145537e-01 4.149248e-01 1.879863e-01 1.880035e-01 1.881197e-01
33 2.046998e+00 2.047997e+00 2.049385e+00 5.052457e-01 5.050863e-01 5.047546e-01 4.947788e-01 6.748526e-01 6.754751e-01 1.593096e-01 1.592782e-01 1.598000e-01
34 7.857645e+00 7.861234e+00 7.840016e+00 2.425942e-01 2.424917e-01 2.405729e-01 7.573842e-01 8.841111e-01 8.870977e-01 7.746830e-02 7.743112e-02 7.755692e-02
35 1.643684e+01 1.644422e+01 1.643974e+01 1.238297e-01 1.237277e-01 1.220581e-01 8.761743e-01 9.576421e-01 9.592201e-01 3.379822e-02 3.376097e-02 3.318482e-02
36 1.455291e+01 1.456037e+01 1.450352e+01 1.135644e-01 1.134693e-01 1.125633e-01 8.864438e-01 9.600231e-01 9.617659e-01 3.074492e-02 3.071344e-02 3.053676e-02
37 1.270319e+01 1.271026e+01 1.277008e+01 1.973569e-01 1.972152e-01 1.936051e-01 8.026503e-01 9.073567e-01 9.128941e-01 6.063584e-02 6.058778e-02 6.137253e-02
38 1.759458e+01 1.760178e+01 1.763740e+01 8.827442e-02 8.819471e-02 8.503541e-02 9.117314e-01 9.753917e-01 9.783991e-01 2.107454e-02 2.104784e-02 1.941828e-02
39 6.201274e+00 6.206232e+00 6.188293e+00 3.110439e-01 3.108532e-01 3.093896e-01 6.889938e-01 8.267353e-01 8.291523e-01 9.491533e-02 9.485863e-02 9.621416e-02
40 5.074426e-01 5.077805e-01 5.092145e-01 8.139161e-01 8.138110e-01 8.132521e-01 1.861046e-01 3.008714e-01 3.014474e-01 1.426265e-01 1.426513e-01 1.426855e-01
41 9.590479e-02 9.598532e-02 9.568418e-02 9.551328e-01 9.550973e-01 9.552010e-01 4.488123e-02 8.451931e-02 8.437584e-02 6.731969e-02 6.735936e-02 6.736945e-02
42 4.370905e-02 4.373395e-02 4.396178e-02 9.789234e-01 9.789116e-01 9.788153e-01 2.107686e-02 4.075497e-02 4.091836e-02 3.572526e-02 3.574388e-02 3.581918e-02
43 1.420943e-02 1.421546e-02 1.424022e-02 9.929629e-01 9.929599e-01 9.929477e-01 7.036808e-03 1.394773e-02 1.397178e-02 1.342888e-02 1.343447e-02 1.345714e-02
44 4.693584e-03 4.697064e-03 4.725412e-03 9.976628e-01 9.976611e-01 9.976472e-01 2.337629e-03 4.658866e-03 4.685864e-03 4.580916e-03 4.584296e-03 4.608720e-03
45 2.202849e-03 2.203647e-03 2.206629e-03 9.989000e-01 9.988996e-01 9.988981e-01 1.099820e-03 2.197824e-03 2.200820e-03 2.185456e-03 2.186248e-03 2.189273e-03
46 2.469905e-03 2.471252e-03 2.473410e-03 9.987668e-01 9.987662e-01 9.987651e-01 1.233275e-03 2.464125e-03 2.466269e-03 2.448638e-03 2.449968e-03 2.452084e-03
47 6.275547e-03 6.278386e-03 6.293728e-03 9.968740e-01 9.968726e-01 9.968650e-01 3.125988e-03 6.231467e-03 6.246615e-03 6.136470e-03 6.139219e-03 6.153988e-03
48 2.279493e-02 2.280849e-02 2.273682e-02 9.887962e-01 9.887896e-01 9.888140e-01 1.120376e-02 2.205190e-02 2.202159e-02 2.066332e-02 2.067526e-02 2.069883e-02
49 1.465051e-01 1.465933e-01 1.456903e-01 9.343549e-01 9.343163e-01 9.343933e-01 6.564503e-02 1.204542e-01 1.204932e-01 8.948246e-02 8.952391e-02 8.973748e-02
50 8.538151e-01 8.542371e-01 8.568344e-01 7.304230e-01 7.303155e-01 7.304626e-01 2.695793e-01 4.168673e-01 4.170029e-01 1.738760e-01 1.738873e-01 1.744000e-01
51 1.618230e+00 1.618867e+00 1.629350e+00 6.026205e-01 6.025142e-01 6.023925e-01 3.973649e-01 5.587905e-01 5.589748e-01 1.639594e-01 1.639648e-01 1.642049e-01
52 1.183921e+00 1.183874e+00 1.184180e+00 6.697801e-01 6.696531e-01 6.689238e-01 3.302244e-01 4.842221e-01 4.851622e-01 1.698691e-01 1.698785e-01 1.702525e-01
53 2.136495e+00 2.138210e+00 2.134010e+00 5.237681e-01 5.236050e-01 5.232561e-01 4.762529e-01 6.534766e-01 6.542082e-01 1.604277e-01 1.603972e-01 1.613239e-01
54 1.825897e+00 1.827053e+00 1.821909e+00 5.863633e-01 5.861877e-01 5.867282e-01 4.136942e-01 5.736057e-01 5.729038e-01 1.599683e-01 1.599465e-01 1.598749e-01
55 6.792805e-01 6.796279e-01 6.776425e-01 7.668246e-01 7.667200e-01 7.670098e-01 2.331953e-01 3.636364e-01 3.634599e-01 1.537765e-01 1.538067e-01 1.541293e-01
56 9.712009e-02 9.717032e-02 9.687176e-02 9.546226e-01 9.545997e-01 9.546768e-01 4.537857e-02 8.537605e-02 8.531200e-02 6.781999e-02 6.784985e-02 6.796792e-02
57 1.335382e-02 1.336246e-02 1.334095e-02 9.933881e-01 9.933839e-01 9.933944e-01 6.612801e-03 1.310504e-02 1.308432e-02 1.260531e-02 1.261327e-02 1.259378e-02
58 6.094551e-03 6.097869e-03 6.084113e-03 9.969683e-01 9.969667e-01 9.969734e-01 3.031678e-03 6.035722e-03 6.022580e-03 5.911132e-03 5.914308e-03 5.902333e-03
59 3.211653e-03 3.213094e-03 3.203027e-03 9.983985e-01 9.983978e-01 9.984027e-01 1.601398e-03 3.195868e-03 3.186049e-03 3.160465e-03 3.161874e-03 3.152539e-03
60 1.192836e-03 1.193708e-03 1.189536e-03 9.994043e-01 9.994039e-01 9.994059e-01 5.957864e-04 1.190824e-03 1.186756e-03 1.184225e-03 1.185090e-03 1.181229e-03
61 4.909861e-04 4.912762e-04 4.929749e-04 9.997546e-01 9.997544e-01 9.997536e-01 2.454383e-04 4.909524e-04 4.926439e-04 4.900163e-04 4.903057e-04 4.919829e-04
62 7.915691e-04 7.919522e-04 7.898730e-04 9.996044e-01 9.996042e-01 9.996052e-01 3.956110e-04 7.912731e-04 7.892022e-04 7.895357e-04 7.899173e-04 7.878630e-04
63 3.070770e-03 3.072310e-03 3.100250e-03 9.984684e-01 9.984676e-01 9.984537e-01 1.531507e-03 3.057434e-03 3.085074e-03 3.026810e-03 3.028319e-03 3.055299e-03
64 1.064334e-02 1.064838e-02 1.061882e-02 9.947052e-01 9.947027e-01 9.947169e-01 5.294658e-03 1.054125e-02 1.051427e-02 1.032686e-02 1.033167e-02 1.030945e-02
65 3.838036e-02 3.839792e-02 3.821608e-02 9.811739e-01 9.811654e-01 9.812426e-01 1.882556e-02 3.697404e-02 3.684280e-02 3.435974e-02 3.437453e-02 3.431579e-02
66 1.101383e-01 1.101828e-01 1.107650e-01 9.479092e-01 9.478888e-01 9.476292e-01 5.208947e-02 9.893969e-02 9.941105e-02 8.100994e-02 8.103647e-02 8.137671e-02
67 1.580384e-01 1.581032e-01 1.578569e-01 9.259035e-01 9.258739e-01 9.259351e-01 7.409903e-02 1.395253e-01 1.394877e-01 1.099828e-01 1.100197e-01 1.101791e-01
68 3.677318e-01 3.678651e-01 3.664199e-01 8.449713e-01 8.449222e-01 8.452918e-01 1.550201e-01 2.692870e-01 2.688137e-01 1.597902e-01 1.598136e-01 1.597631e-01
69 8.538750e-01 8.543018e-01 8.552214e-01 7.147227e-01 7.146082e-01 7.141863e-01 2.852880e-01 4.436334e-01 4.445277e-01 1.823992e-01 1.824142e-01 1.835207e-01
70 1.081013e+00 1.081483e+00 1.081208e+00 6.723811e-01 6.722752e-01 6.727136e-01 3.276217e-01 4.949919e-01 4.942571e-01 1.857836e-01 1.857870e-01 1.857216e-01
71 1.304450e+00 1.305068e+00 1.304252e+00 6.331387e-01 6.330079e-01 6.326127e-01 3.668833e-01 5.313672e-01 5.319605e-01 1.702264e-01 1.702277e-01 1.705600e-01
72 1.147424e+00 1.147874e+00 1.148332e+00 6.462406e-01 6.461415e-01 6.455793e-01 3.537483e-01 5.334734e-01 5.344230e-01 1.930983e-01 1.930935e-01 1.939127e-01
73 1.334260e+00 1.334889e+00 1.332687e+00 6.262993e-01 6.261739e-01 6.255598e-01 3.737104e-01 5.354884e-01 5.368407e-01 1.645722e-01 1.645708e-01 1.656909e-01
74 1.733070e-01 1.735321e-01 1.783738e-01 9.428621e-01 9.427888e-01 9.421452e-01 5.716917e-02 9.967941e-02 9.995110e-02 6.792565e-02 6.797532e-02 6.767930e-02
75 1.292520e-02 1.293193e-02 1.289320e-02 9.935874e-01 9.935841e-01 9.936019e-01 6.412732e-03 1.273366e-02 1.270087e-02 1.234603e-02 1.235237e-02 1.232957e-02
76 9.611061e-03 9.615529e-03 9.600654e-03 9.952198e-01 9.952176e-01 9.952250e-01 4.780210e-03 9.514579e-03 9.500045e-03 9.312895e-03 9.317184e-03 9.303307e-03
77 2.504922e-03 2.506239e-03 2.504838e-03 9.987494e-01 9.987488e-01 9.987495e-01 1.250621e-03 2.498738e-03 2.497365e-03 2.482536e-03 2.483836e-03 2.482519e-03
78 5.794532e-04 5.797772e-04 5.821704e-04 9.997104e-01 9.997102e-01 9.997090e-01 2.896167e-04 5.793098e-04 5.817067e-04 5.780541e-04 5.783771e-04 5.807810e-04
79 6.245245e-04 6.247718e-04 6.243295e-04 9.996878e-01 9.996877e-01 9.996879e-01 3.121664e-04 6.243911e-04 6.239519e-04 6.233840e-04 6.236306e-04 6.231978e-04
80 1.372338e-03 1.372900e-03 1.378856e-03 9.993143e-01 9.993141e-01 9.993111e-01 6.856299e-04 1.370877e-03 1.376798e-03 1.366286e-03 1.366844e-03 1.372697e-03
81 2.580479e-03 2.581509e-03 2.586383e-03 9.987116e-01 9.987111e-01 9.987086e-01 1.288416e-03 2.574287e-03 2.579136e-03 2.558917e-03 2.559934e-03 2.564733e-03
82 3.549373e-03 3.550680e-03 3.539783e-03 9.982284e-01 9.982277e-01 9.982331e-01 1.771544e-03 3.538486e-03 3.527884e-03 3.512994e-03 3.514281e-03 3.504258e-03
83 8.437110e-03 8.441361e-03 8.416743e-03 9.958024e-01 9.958002e-01 9.958117e-01 4.197702e-03 8.358289e-03 8.336838e-03 8.192872e-03 8.196957e-03 8.181098e-03
84 3.112790e-02 3.113588e-02 3.123862e-02 9.846979e-01 9.846940e-01 9.846446e-01 1.529971e-02 3.010783e-02 3.020321e-02 2.819484e-02 2.820189e-02 2.828411e-02
85 6.997878e-02 7.001351e-02 7.008568e-02 9.666642e-01 9.666478e-01 9.666182e-01 3.333826e-02 6.376500e-02 6.381435e-02 5.375474e-02 5.377933e-02 5.380287e-02
86 7.171599e-02 7.174666e-02 7.146069e-02 9.660913e-01 9.660772e-01 9.661943e-01 3.390807e-02 6.444072e-02 6.424859e-02 5.311610e-02 5.313541e-02 5.306825e-02
87 1.015803e-01 1.016310e-01 1.018695e-01 9.530954e-01 9.530729e-01 9.529746e-01 4.690595e-02 8.731575e-02 8.748162e-02 6.659510e-02 6.662134e-02 6.670768e-02
88 1.145289e-01 1.145710e-01 1.148000e-01 9.469210e-01 9.469024e-01 9.468250e-01 5.307536e-02 9.909253e-02 9.919482e-02 7.632344e-02 7.634398e-02 7.632144e-02
89 5.385441e-02 5.388849e-02 5.374283e-02 9.739504e-01 9.739342e-01 9.739978e-01 2.605392e-02 5.049818e-02 5.038731e-02 4.458478e-02 4.461016e-02 4.455334e-02
90 6.500893e-03 6.504665e-03 6.493856e-03 9.967616e-01 9.967598e-01 9.967650e-01 3.238661e-03 6.456512e-03 6.446502e-03 6.358357e-03 6.362006e-03 6.353485e-03
91 1.135842e-03 1.136379e-03 1.136727e-03 9.994325e-01 9.994322e-01 9.994320e-01 5.675605e-04 1.134876e-03 1.135230e-03 1.131344e-03 1.131879e-03 1.132244e-03
92 7.306502e-04 7.310489e-04 7.285214e-04 9.996349e-01 9.996347e-01 9.996360e-01 3.651080e-04 7.301596e-04 7.276504e-04 7.279901e-04 7.283868e-04 7.259137e-04
93 2.952441e-04 2.953934e-04 2.957337e-04 9.998524e-01 9.998523e-01 9.998522e-01 1.475897e-04 2.952658e-04 2.956054e-04 2.948617e-04 2.950107e-04 2.953491e-04
94 1.047915e-04 1.048443e-04 1.051198e-04 9.999476e-01 9.999476e-01 9.999474e-01 5.239535e-05 1.048325e-04 1.051079e-04 1.047563e-04 1.048090e-04 1.050841e-04
95 4.728670e-05 4.731118e-05 4.735369e-05 9.999764e-01 9.999763e-01 9.999763e-01 2.364282e-05 4.730851e-05 4.735104e-05 4.727868e-05 4.730315e-05 4.734573e-05
96 9.871479e-05 9.875928e-05 9.873252e-05 9.999506e-01 9.999506e-01 9.999506e-01 4.935463e-05 9.874834e-05 9.872170e-05 9.868202e-05 9.872648e-05 9.870006e-05
97 1.767313e-04 1.768073e-04 1.769898e-04 9.999116e-01 9.999116e-01 9.999115e-01 8.835574e-05 1.767793e-04 1.769619e-04 1.766474e-04 1.767233e-04 1.769062e-04
98 5.445706e-04 5.448028e-04 5.452553e-04 9.997278e-01 9.997277e-01 9.997274e-01 2.722062e-04 5.445225e-04 5.449775e-04 5.437310e-04 5.439626e-04 5.444225e-04
99 1.947157e-03 1.947876e-03 1.943237e-03 9.990274e-01 9.990270e-01 9.990293e-01 9.726032e-04 1.944099e-03 1.939494e-03 1.935867e-03 1.936580e-03 1.932043e-03
100 5.462512e-03 5.464234e-03 5.477433e-03 9.972751e-01 9.972742e-01 9.972676e-01 2.724687e-03 5.438891e-03 5.452075e-03 5.386998e-03 5.388681e-03 5.401835e-03
101 1.114407e-02 1.114899e-02 1.117814e-02 9.944612e-01 9.944588e-01 9.944445e-01 5.538809e-03 1.101693e-02 1.104478e-02 1.075604e-02 1.076070e-02 1.078612e-02
102 2.039361e-02 2.040193e-02 2.036848e-02 9.899504e-01 9.899463e-01 9.899591e-01 1.004873e-02 1.982416e-02 1.980586e-02 1.874727e-02 1.875448e-02 1.876059e-02
103 4.265828e-02 4.267802e-02 4.286444e-02 9.792086e-01 9.791991e-01 9.791176e-01 2.079224e-02 4.059259e-02 4.073588e-02 3.689124e-02 3.690739e-02 3.698927e-02
104 4.385853e-02 4.387274e-02 4.401605e-02 9.786860e-01 9.786793e-01 9.786167e-01 2.131195e-02 4.148900e-02 4.159827e-02 3.728517e-02 3.729605e-02 3.735396e-02
105 3.587610e-02 3.589219e-02 3.588673e-02 9.824833e-01 9.824755e-01 9.824752e-01 1.751704e-02 3.425260e-02 3.425821e-02 3.130589e-02 3.131883e-02 3.133900e-02
106 6.675917e-02 6.679053e-02 6.670947e-02 9.677241e-01 9.677092e-01 9.677410e-01 3.227763e-02 6.251995e-02 6.247100e-02 5.502720e-02 5.505062e-02 5.504732e-02
107 6.032431e-03 6.035819e-03 6.014766e-03 9.969929e-01 9.969912e-01 9.970015e-01 3.007604e-03 5.999616e-03 5.979236e-03 5.924910e-03 5.928197e-03 5.909126e-03
108 6.362617e-03 6.365486e-03 6.361909e-03 9.968303e-01 9.968289e-01 9.968305e-01 3.169715e-03 6.319264e-03 6.316113e-03 6.225582e-03 6.228353e-03 6.226020e-03
109 3.396242e-03 3.398168e-03 3.406879e-03 9.983067e-01 9.983057e-01 9.983014e-01 1.693340e-03 3.379042e-03 3.387703e-03 3.339566e-03 3.341445e-03 3.349993e-03
110 7.455262e-03 7.458473e-03 7.452019e-03 9.962891e-01 9.962875e-01 9.962907e-01 3.710850e-03 7.391695e-03 7.385609e-03 7.257445e-03 7.260525e-03 7.255140e-03
111 1.242354e-03 1.243236e-03 1.235746e-03 9.993799e-01 9.993794e-01 9.993832e-01 6.201562e-04 1.239013e-03 1.231620e-03 1.229770e-03 1.230638e-03 1.223435e-03
112 1.072081e-04 1.073009e-04 1.070149e-04 9.999464e-01 9.999464e-01 9.999465e-01 5.361883e-05 1.072817e-04 1.069959e-04 1.071506e-04 1.072433e-04 1.069580e-04
113 4.876759e-05 4.879336e-05 4.868472e-05 9.999756e-01 9.999756e-01 9.999757e-01 2.438341e-05 4.878986e-05 4.868128e-05 4.875710e-05 4.878287e-05 4.867440e-05
114 3.557909e-05 3.559194e-05 3.545506e-05 9.999822e-01 9.999822e-01 9.999823e-01 1.778764e-05 3.559048e-05 3.545363e-05 3.557472e-05 3.558756e-05 3.545075e-05
115 9.318586e-05 9.321793e-05 9.338526e-05 9.999534e-01 9.999534e-01 9.999533e-01 4.658606e-05 9.320793e-05 9.337523e-05 9.315591e-05 9.318795e-05 9.335520e-05
116 2.847925e-04 2.849339e-04 2.860351e-04 9.998576e-01 9.998576e-01 9.998570e-01 1.423640e-04 2.848231e-04 2.859234e-04 2.844605e-04 2.846017e-04 2.857002e-04
117 1.023474e-03 1.024002e-03 1.021380e-03 9.994886e-01 9.994884e-01 9.994897e-01 5.113778e-04 1.022557e-03 1.019970e-03 1.019154e-03 1.019678e-03 1.017159e-03
118 2.300617e-03 2.301775e-03 2.299494e-03 9.988515e-01 9.988509e-01 9.988520e-01 1.148496e-03 2.294536e-03 2.292375e-03 2.279029e-03 2.280170e-03 2.278243e-03
