0 4.420571e+01 4.423641e+01 4.427258e+01 2.543424e-01 2.542825e-01 2.510965e-01 7.456101e-01 7.939778e-01 7.982692e-01 4.274087e-02 4.273550e-02 4.703077e-02
1 1.875971e+02 1.876509e+02 1.880525e+02 9.735998e-05 9.699894e-05 2.046184e-06 9.999026e-01 9.999996e-01 1.000000e+00 4.373746e-07 4.342596e-07 4.260157e-11
2 2.337330e+02 2.336517e+02 2.334933e+02 1.236012e-03 1.230923e-03 9.999022e-04 9.987642e-01 9.999796e-01 9.999905e-01 2.051886e-05 2.036372e-05 9.533952e-06
3 1.437663e+02 1.441332e+02 1.432769e+02 2.071555e-02 2.066686e-02 2.114455e-02 9.792898e-01 9.958222e-01 9.962635e-01 3.916689e-03 3.902482e-03 3.594784e-03
4 4.592719e+01 4.595659e+01 4.615328e+01 7.744635e-02 7.732887e-02 7.617956e-02 9.225618e-01 9.783023e-01 9.794949e-01 1.870853e-02 1.866726e-02 1.811979e-02
5 1.032772e+01 1.033503e+01 1.031797e+01 2.231271e-01 2.229246e-01 2.205826e-01 7.769143e-01 9.007602e-01 9.037346e-01 7.087342e-02 7.079677e-02 7.035579e-02
6 2.139094e+00 2.140301e+00 2.148456e+00 5.846988e-01 5.845244e-01 5.836280e-01 4.153468e-01 5.598767e-01 5.612413e-01 1.455070e-01 1.454963e-01 1.457969e-01
7 6.054074e-01 6.057973e-01 5.984667e-01 8.109927e-01 8.108899e-01 8.109464e-01 1.890220e-01 2.924061e-01 2.924378e-01 1.288357e-01 1.288686e-01 1.290516e-01
8 1.936773e-01 1.938121e-01 1.964859e-01 9.255034e-01 9.254529e-01 9.249380e-01 7.450615e-02 1.262455e-01 1.268431e-01 7.469867e-02 7.473511e-02 7.470758e-02
9 7.495961e-02 7.501212e-02 7.544750e-02 9.655316e-01 9.655071e-01 9.654246e-01 3.447287e-02 6.422710e-02 6.425166e-02 4.991422e-02 4.994659e-02 4.978188e-02
10 7.818150e-02 7.822751e-02 7.759488e-02 9.639138e-01 9.638931e-01 9.640979e-01 3.608767e-02 6.731906e-02 6.704767e-02 5.225517e-02 5.228184e-02 5.230561e-02
11 1.841058e-01 1.841974e-01 1.842335e-01 9.226531e-01 9.226190e-01 9.227938e-01 7.734325e-02 1.356846e-01 1.353139e-01 8.793161e-02 8.795711e-02 8.782446e-02
12 2.101885e+00 2.103023e+00 2.107330e+00 5.979601e-01 5.978360e-01 5.981311e-01 4.020361e-01 5.384178e-01 5.377845e-01 1.361096e-01 1.361074e-01 1.356691e-01
13 1.559334e+01 1.560135e+01 1.557542e+01 1.454543e-01 1.453467e-01 1.423067e-01 8.545355e-01 9.429076e-01 9.468176e-01 4.172281e-02 4.168536e-02 4.122051e-02
14 3.410919e+01 3.412471e+01 3.413929e+01 3.478533e-02 3.473890e-02 3.081331e-02 9.652171e-01 9.937020e-01 9.959726e-01 5.790311e-03 5.779305e-03 3.916409e-03
15 2.932375e+01 2.934162e+01 2.928249e+01 1.784578e-01 1.783338e-01 1.802583e-01 8.215669e-01 8.983241e-01 8.961042e-01 5.442475e-02 5.439009e-02 5.473590e-02
16 2.674597e+01 2.675781e+01 2.689561e+01 5.768075e-02 5.763563e-02 5.314886e-02 9.423012e-01 9.852303e-01 9.892364e-01 1.252872e-02 1.251691e-02 1.003834e-02
17 2.604625e+01 2.606033e+01 2.606763e+01 4.875640e-02 4.868534e-02 4.806288e-02 9.512614e-01 9.899907e-01 9.906059e-01 9.207819e-03 9.188150e-03 8.794890e-03
18 8.252229e+00 8.256834e+00 8.227206e+00 3.203112e-01 3.201465e-01 3.192673e-01 6.797091e-01 8.105601e-01 8.116962e-01 1.002514e-01 1.002079e-01 1.003779e-01
19 3.053373e+00 3.054924e+00 3.006359e+00 6.079997e-01 6.078561e-01 6.081099e-01 3.919887e-01 5.294589e-01 5.293448e-01 1.462937e-01 1.463090e-01 1.468365e-01
20 8.480040e-01 8.490606e-01 8.326849e-01 8.024858e-01 8.023383e-01 8.024678e-01 1.975688e-01 2.943529e-01 2.940924e-01 1.266820e-01 1.267212e-01 1.265433e-01
21 2.212827e-01 2.214315e-01 2.194627e-01 9.187296e-01 9.186771e-01 9.184643e-01 8.127354e-02 1.386352e-01 1.387282e-01 8.761028e-02 8.764970e-02 8.747803e-02
22 8.214173e-02 8.219463e-02 8.204365e-02 9.610438e-01 9.610188e-01 9.610085e-01 3.896066e-02 7.435067e-02 7.444300e-02 6.240696e-02 6.244331e-02 6.259888e-02
23 2.011277e-02 2.012660e-02 2.010933e-02 9.901323e-01 9.901256e-01 9.901331e-01 9.868316e-03 1.939143e-02 1.937783e-02 1.805778e-02 1.806977e-02 1.805801e-02
24 3.543482e-03 3.545764e-03 3.555421e-03 9.982952e-01 9.982941e-01 9.982742e-01 1.704567e-03 3.293888e-03 3.355605e-03 2.897991e-03 2.899911e-03 3.012969e-03
25 2.540687e-03 2.543173e-03 2.568597e-03 9.987592e-01 9.987580e-01 9.987393e-01 1.241129e-03 2.429524e-03 2.476632e-03 2.232509e-03 2.234820e-03 2.310101e-03
26 5.094260e-04 5.096716e-04 5.107146e-04 9.997454e-01 9.997452e-01 9.997447e-01 2.546305e-04 5.093358e-04 5.103757e-04 5.084204e-04 5.086653e-04 5.096990e-04
27 2.146435e-03 2.147711e-03 2.113089e-03 9.989302e-01 9.989296e-01 9.989463e-01 1.069720e-03 2.134153e-03 2.101834e-03 2.106430e-03 2.107681e-03 2.079673e-03
28 2.314213e-02 2.315578e-02 2.305144e-02 9.886903e-01 9.886837e-01 9.887235e-01 1.130912e-02 2.214630e-02 2.208607e-02 2.037871e-02 2.038992e-02 2.038250e-02
29 2.125871e-01 2.126788e-01 2.141669e-01 9.070435e-01 9.070065e-01 9.066007e-01 9.295349e-02 1.662562e-01 1.667933e-01 1.108015e-01 1.108299e-01 1.109907e-01
30 3.087795e-01 3.089149e-01 3.101802e-01 8.672854e-01 8.672336e-01 8.669045e-01 1.327123e-01 2.328839e-01 2.332551e-01 1.414225e-01 1.414515e-01 1.413751e-01
31 2.148160e-01 2.149189e-01 2.152111e-01 9.037308e-01 9.036872e-01 9.035552e-01 9.627119e-02 1.747763e-01 1.750124e-01 1.212123e-01 1.212509e-01 1.214286e-01
32 5.666594e-01 5.669015e-01 5.654318e-01 7.813910e-01 7.813118e-01 7.809995e-01 2.186078e-01 3.601281e-01 3.607844e-01 1.780645e-01 1.780873e-01 1.783969e-01
33 1.347951e+00 1.348542e+00 1.347159e+00 6.056777e-01 6.055529e-01 6.058160e-01 3.943378e-01 5.715735e-01 5.714531e-01 1.766745e-01 1.766665e-01 1.771652e-01
34 6.513865e+00 6.516723e+00 6.523873e+00 2.762545e-01 2.761535e-01 2.753449e-01 7.237178e-01 8.585763e-01 8.603713e-01 8.705475e-02 8.702039e-02 8.788184e-02
35 2.150843e+01 2.151794e+01 2.156584e+01 8.963853e-02 8.955529e-02 8.641928e-02 9.103633e-01 9.728636e-01 9.758856e-01 2.259258e-02 2.256391e-02 2.099042e-02
36 2.088721e+01 2.089801e+01 2.093106e+01 7.775359e-02 7.767932e-02 7.559923e-02 9.222500e-01 9.780864e-01 9.801526e-01 1.879874e-02 1.877404e-02 1.764835e-02
37 2.197094e+01 2.198301e+01 2.201811e+01 1.239058e-01 1.238021e-01 1.234993e-01 8.760973e-01 9.475233e-01 9.491103e-01 3.626794e-02 3.623356e-02 3.720027e-02
38 2.687843e+01 2.689027e+01 2.682635e+01 5.155383e-02 5.149872e-02 4.703429e-02 9.484482e-01 9.879365e-01 9.910557e-01 1.071419e-02 1.069790e-02 8.437233e-03
39 5.670291e+00 5.675353e+00 5.695109e+00 3.509132e-01 3.507184e-01 3.484545e-01 6.491283e-01 7.908837e-01 7.942926e-01 1.056661e-01 1.056138e-01 1.069413e-01
40 3.165524e-01 3.167230e-01 3.159929e-01 8.717459e-01 8.716855e-01 8.719415e-01 1.282611e-01 2.177875e-01 2.174511e-01 1.218698e-01 1.218978e-01 1.219534e-01
41 8.897139e-02 8.905221e-02 8.957422e-02 9.583900e-01 9.583548e-01 9.581563e-01 4.162564e-02 7.835501e-02 7.865927e-02 6.229836e-02 6.233530e-02 6.239535e-02
42 3.032605e-02 3.034319e-02 3.019065e-02 9.852672e-01 9.852590e-01 9.853205e-01 1.473296e-02 2.868121e-02 2.858209e-02 2.577771e-02 2.579111e-02 2.576268e-02
43 6.849345e-03 6.853002e-03 6.867482e-03 9.965952e-01 9.965934e-01 9.965864e-01 3.404825e-03 6.774143e-03 6.787630e-03 6.617483e-03 6.620966e-03 6.632604e-03
44 2.544799e-03 2.546295e-03 2.545342e-03 9.987304e-01 9.987297e-01 9.987301e-01 1.269622e-03 2.534961e-03 2.534193e-03 2.511109e-03 2.512581e-03 2.512164e-03
45 1.722990e-03 1.723734e-03 1.721227e-03 9.991395e-01 9.991391e-01 9.991403e-01 8.605333e-04 1.719948e-03 1.717485e-03 1.711678e-03 1.712415e-03 1.710038e-03
46 1.377061e-03 1.377629e-03 1.381421e-03 9.993120e-01 9.993117e-01 9.993098e-01 6.880011e-04 1.375590e-03 1.379369e-03 1.370962e-03 1.371526e-03 1.375278e-03
47 3.785327e-03 3.786850e-03 3.794421e-03 9.981117e-01 9.981110e-01 9.981072e-01 1.888227e-03 3.769382e-03 3.776980e-03 3.733320e-03 3.734810e-03 3.742456e-03
48 1.231521e-02 1.232122e-02 1.233056e-02 9.938949e-01 9.938919e-01 9.938873e-01 6.105023e-03 1.211305e-02 1.212212e-02 1.170696e-02 1.171251e-02 1.172103e-02
49 7.072730e-02 7.076952e-02 6.988358e-02 9.665959e-01 9.665763e-01 9.668132e-01 3.340370e-02 6.362797e-02 6.336670e-02 5.338628e-02 5.341416e-02 5.350114e-02
50 6.924570e-01 6.928219e-01 6.972183e-01 7.773332e-01 7.772417e-01 7.769607e-01 2.226598e-01 3.502380e-01 3.509213e-01 1.572678e-01 1.572846e-01 1.578910e-01
51 2.200945e+00 2.201727e+00 2.228162e+00 5.339389e-01 5.338285e-01 5.331144e-01 4.660411e-01 6.329621e-01 6.340594e-01 1.596779e-01 1.596722e-01 1.601865e-01
52 1.954060e+00 1.954074e+00 1.947329e+00 5.789765e-01 5.788392e-01 5.780915e-01 4.210306e-01 5.787470e-01 5.802145e-01 1.597802e-01 1.597732e-01 1.605979e-01
53 3.170167e+00 3.172613e+00 3.159021e+00 4.425071e-01 4.423567e-01 4.410140e-01 5.575044e-01 7.233401e-01 7.257759e-01 1.376820e-01 1.376465e-01 1.390842e-01
54 2.491445e+00 2.493141e+00 2.498242e+00 5.188337e-01 5.186555e-01 5.186464e-01 4.812208e-01 6.427989e-01 6.428516e-01 1.498543e-01 1.498217e-01 1.498737e-01
55 5.825374e-01 5.828560e-01 5.809205e-01 7.964209e-01 7.963251e-01 7.965775e-01 2.035952e-01 3.214992e-01 3.213028e-01 1.435647e-01 1.435991e-01 1.437762e-01
56 5.297158e-02 5.299804e-02 5.294596e-02 9.744447e-01 9.744322e-01 9.744550e-01 2.555582e-02 4.941887e-02 4.937910e-02 4.327984e-02 4.329908e-02 4.327950e-02
57 1.095293e-02 1.095975e-02 1.098247e-02 9.945778e-01 9.945745e-01 9.945632e-01 5.422927e-03 1.074481e-02 1.076726e-02 1.032726e-02 1.033354e-02 1.035536e-02
58 5.096775e-03 5.099535e-03 5.075691e-03 9.974638e-01 9.974624e-01 9.974741e-01 2.536223e-03 5.051037e-03 5.028025e-03 4.953462e-03 4.956106e-03 4.934697e-03
59 2.086485e-03 2.087515e-03 2.080637e-03 9.989586e-01 9.989581e-01 9.989615e-01 1.041394e-03 2.080252e-03 2.073542e-03 2.064838e-03 2.065853e-03 2.059471e-03
60 5.907985e-04 5.911837e-04 5.860775e-04 9.997048e-01 9.997046e-01 9.997071e-01 2.952524e-04 5.904948e-04 5.854229e-04 5.887376e-04 5.891214e-04 5.841174e-04
61 2.049857e-04 2.051017e-04 2.051028e-04 9.998975e-01 9.998975e-01 9.998975e-01 1.024901e-04 2.050525e-04 2.050538e-04 2.048382e-04 2.049542e-04 2.049558e-04
62 3.457426e-04 3.458891e-04 3.456734e-04 9.998272e-01 9.998271e-01 9.998272e-01 1.728388e-04 3.457666e-04 3.455509e-04 3.453755e-04 3.455218e-04 3.453061e-04
63 1.336937e-03 1.337501e-03 1.350669e-03 9.993321e-01 9.993318e-01 9.993253e-01 6.678020e-04 1.335147e-03 1.348237e-03 1.329909e-03 1.330468e-03 1.343401e-03
64 5.336678e-03 5.338999e-03 5.318391e-03 9.973383e-01 9.973372e-01 9.973473e-01 2.661586e-03 5.312369e-03 5.292483e-03 5.257383e-03 5.259647e-03 5.241153e-03
65 2.519370e-02 2.520597e-02 2.520069e-02 9.875753e-01 9.875693e-01 9.875672e-01 1.242447e-02 2.452959e-02 2.454167e-02 2.326122e-02 2.327203e-02 2.330819e-02
66 1.082977e-01 1.083442e-01 1.086506e-01 9.492555e-01 9.492347e-01 9.490773e-01 5.074220e-02 9.564899e-02 9.596060e-02 7.633946e-02 7.636424e-02 7.663631e-02
67 1.595334e-01 1.596023e-01 1.592273e-01 9.258901e-01 9.258594e-01 9.259557e-01 7.411294e-02 1.385293e-01 1.384514e-01 1.065986e-01 1.066342e-01 1.067895e-01
68 3.363388e-01 3.364613e-01 3.355698e-01 8.569600e-01 8.569153e-01 8.569649e-01 1.430281e-01 2.499340e-01 2.501509e-01 1.515594e-01 1.515818e-01 1.520992e-01
69 9.259767e-01 9.264410e-01 9.286317e-01 6.944467e-01 6.943280e-01 6.940502e-01 3.055635e-01 4.695206e-01 4.700356e-01 1.808277e-01 1.808346e-01 1.813947e-01
70 1.511698e+00 1.512356e+00 1.523126e+00 6.046542e-01 6.045436e-01 6.038815e-01 3.953393e-01 5.676663e-01 5.687973e-01 1.747064e-01 1.746990e-01 1.753210e-01
71 2.023660e+00 2.024633e+00 2.028645e+00 5.320581e-01 5.319124e-01 5.309165e-01 4.679657e-01 6.356724e-01 6.372749e-01 1.551655e-01 1.551479e-01 1.559338e-01
72 1.904419e+00 1.905157e+00 1.907510e+00 5.267093e-01 5.266017e-01 5.255069e-01 4.732723e-01 6.604016e-01 6.620923e-01 1.695102e-01 1.694891e-01 1.704917e-01
73 1.592054e+00 1.592930e+00 1.592584e+00 5.956003e-01 5.954526e-01 5.948567e-01 4.044215e-01 5.637145e-01 5.647631e-01 1.545485e-01 1.545329e-01 1.552414e-01
74 7.946786e-02 7.958106e-02 7.751061e-02 9.634824e-01 9.634371e-01 9.639847e-01 3.654197e-02 6.834715e-02 6.771167e-02 5.454629e-02 5.458314e-02 5.469582e-02
75 1.559569e-02 1.560295e-02 1.558754e-02 9.922700e-01 9.922665e-01 9.922735e-01 7.730088e-03 1.533380e-02 1.532095e-02 1.480868e-02 1.481540e-02 1.480696e-02
76 9.130075e-03 9.134423e-03 9.130421e-03 9.954605e-01 9.954583e-01 9.954602e-01 4.539543e-03 9.032862e-03 9.029262e-03 8.830661e-03 8.834803e-03 8.831944e-03
77 1.551556e-03 1.552371e-03 1.558496e-03 9.992250e-01 9.992246e-01 9.992216e-01 7.750143e-04 1.549216e-03 1.555290e-03 1.542127e-03 1.542935e-03 1.548908e-03
78 3.527189e-04 3.529059e-04 3.522936e-04 9.998237e-01 9.998236e-01 9.998239e-01 1.763250e-04 3.527275e-04 3.521184e-04 3.521845e-04 3.523711e-04 3.517683e-04
79 3.839633e-04 3.841391e-04 3.832096e-04 9.998081e-01 9.998080e-01 9.998084e-01 1.919406e-04 3.839700e-04 3.830429e-04 3.834566e-04 3.836320e-04 3.827097e-04
80 1.235951e-03 1.236452e-03 1.236853e-03 9.993825e-01 9.993822e-01 9.993820e-01 6.174760e-04 1.234628e-03 1.235025e-03 1.230498e-03 1.230994e-03 1.231383e-03
81 2.996331e-03 2.997593e-03 2.990256e-03 9.985045e-01 9.985039e-01 9.985075e-01 1.495491e-03 2.986987e-03 2.979857e-03 2.964708e-03 2.965949e-03 2.959224e-03
82 4.117172e-03 4.118695e-03 4.110938e-03 9.979461e-01 9.979453e-01 9.979492e-01 2.053847e-03 4.099985e-03 4.092457e-03 4.061464e-03 4.062953e-03 4.055875e-03
83 6.665307e-03 6.668290e-03 6.651457e-03 9.966800e-01 9.966785e-01 9.966867e-01 3.320035e-03 6.617842e-03 6.602149e-03 6.516255e-03 6.519136e-03 6.505646e-03
84 2.347968e-02 2.348470e-02 2.353273e-02 9.884093e-01 9.884069e-01 9.883832e-01 1.158825e-02 2.289650e-02 2.294307e-02 2.178133e-02 2.178600e-02 2.182937e-02
85 7.965965e-02 7.970071e-02 7.969287e-02 9.623916e-01 9.623727e-01 9.623823e-01 3.761068e-02 7.139574e-02 7.137024e-02 5.862796e-02 5.865459e-02 5.862329e-02
86 1.084085e-01 1.084543e-01 1.081053e-01 9.501843e-01 9.501643e-01 9.502831e-01 4.981462e-02 9.243843e-02 9.227996e-02 7.003506e-02 7.005693e-02 7.009222e-02
87 1.442857e-01 1.443617e-01 1.452033e-01 9.359226e-01 9.358912e-01 9.355550e-01 6.407940e-02 1.156784e-01 1.162345e-01 7.943251e-02 7.946179e-02 7.973131e-02
88 1.743214e-01 1.743898e-01 1.742453e-01 9.217439e-01 9.217155e-01 9.217612e-01 7.825338e-02 1.422791e-01 1.422214e-01 9.943706e-02 9.946070e-02 9.947924e-02
89 5.276792e-02 5.280047e-02 5.277479e-02 9.745098e-01 9.744943e-01 9.745005e-01 2.549403e-02 4.935497e-02 4.935355e-02 4.339316e-02 4.341717e-02 4.344814e-02
90 4.981316e-03 4.984235e-03 4.987468e-03 9.975154e-01 9.975140e-01 9.975124e-01 2.484907e-03 4.959985e-03 4.963114e-03 4.909162e-03 4.912009e-03 4.914934e-03
91 1.316901e-03 1.317574e-03 1.321718e-03 9.993421e-01 9.993418e-01 9.993397e-01 6.578744e-04 1.315213e-03 1.319338e-03 1.309846e-03 1.310514e-03 1.314599e-03
92 7.489436e-04 7.493598e-04 7.483862e-04 9.996258e-01 9.996256e-01 9.996261e-01 3.741926e-04 7.482281e-04 7.472612e-04 7.455609e-04 7.459742e-04 7.450204e-04
93 2.105885e-04 2.107020e-04 2.088554e-04 9.998947e-01 9.998947e-01 9.998956e-01 1.052765e-04 2.106292e-04 2.087853e-04 2.103702e-04 2.104836e-04 2.086453e-04
94 6.141016e-05 6.143869e-05 6.164164e-05 9.999693e-01 9.999693e-01 9.999692e-01 3.070515e-05 6.143491e-05 6.163780e-05 6.139884e-05 6.142737e-05 6.163011e-05
95 3.698498e-05 3.700520e-05 3.713975e-05 9.999815e-01 9.999815e-01 9.999814e-01 1.849194e-05 3.700301e-05 3.713758e-05 3.697843e-05 3.699864e-05 3.713323e-05
96 1.035476e-04 1.035902e-04 1.034401e-04 9.999482e-01 9.999482e-01 9.999483e-01 5.177019e-05 1.035759e-04 1.034257e-04 1.035045e-04 1.035471e-04 1.033971e-04
97 1.283623e-04 1.284105e-04 1.284705e-04 9.999358e-01 9.999358e-01 9.999358e-01 6.417417e-05 1.283951e-04 1.284551e-04 1.283162e-04 1.283644e-04 1.284245e-04
98 3.628112e-04 3.629583e-04 3.629850e-04 9.998186e-01 9.998186e-01 9.998185e-01 1.813728e-04 3.628360e-04 3.628631e-04 3.624449e-04 3.625918e-04 3.626195e-04
99 1.221934e-03 1.222424e-03 1.219951e-03 9.993894e-01 9.993892e-01 9.993904e-01 6.105269e-04 1.220757e-03 1.218312e-03 1.216949e-03 1.217436e-03 1.215043e-03
100 4.722106e-03 4.723697e-03 4.723799e-03 9.976448e-01 9.976440e-01 9.976439e-01 2.354968e-03 4.700356e-03 4.700742e-03 4.652648e-03 4.654198e-03 4.655131e-03
101 1.109036e-02 1.109506e-02 1.108613e-02 9.944848e-01 9.944825e-01 9.944868e-01 5.515293e-03 1.097566e-02 1.096740e-02 1.073763e-02 1.074210e-02 1.073510e-02
102 2.100342e-02 2.101106e-02 2.104622e-02 9.896426e-01 9.896389e-01 9.896207e-01 1.035617e-02 2.044349e-02 2.048078e-02 1.937787e-02 1.938447e-02 1.942462e-02
103 5.557695e-02 5.560320e-02 5.561818e-02 9.731409e-01 9.731285e-01 9.731214e-01 2.686013e-02 5.203851e-02 5.205281e-02 4.597927e-02 4.599904e-02 4.601697e-02
104 6.541531e-02 6.543642e-02 6.554058e-02 9.686202e-01 9.686104e-01 9.685697e-01 3.137711e-02 6.035606e-02 6.041930e-02 5.183268e-02 5.184643e-02 5.185898e-02
105 5.888246e-02 5.890701e-02 5.903678e-02 9.717572e-01 9.717457e-01 9.716845e-01 2.824226e-02 5.432436e-02 5.444026e-02 4.665138e-02 4.666815e-02 4.676176e-02
106 8.930142e-02 8.934869e-02 8.937490e-02 9.574851e-01 9.574632e-01 9.574457e-01 4.251847e-02 8.121424e-02 8.125670e-02 6.781038e-02 6.784090e-02 6.790742e-02
107 6.880232e-03 6.883953e-03 6.889941e-03 9.965721e-01 9.965702e-01 9.965672e-01 3.428339e-03 6.835351e-03 6.841434e-03 6.736220e-03 6.739814e-03 6.746087e-03
108 9.485577e-03 9.489545e-03 9.492745e-03 9.952826e-01 9.952806e-01 9.952789e-01 4.717362e-03 9.388460e-03 9.392218e-03 9.187205e-03 9.190965e-03 9.195767e-03
109 5.648703e-03 5.651859e-03 5.674658e-03 9.971891e-01 9.971875e-01 9.971763e-01 2.810933e-03 5.598345e-03 5.620513e-03 5.491094e-03 5.494112e-03 5.515042e-03
110 1.068814e-02 1.069254e-02 1.067434e-02 9.946898e-01 9.946876e-01 9.946966e-01 5.310188e-03 1.055780e-02 1.054026e-02 1.029092e-02 1.029505e-02 1.027878e-02
111 1.113185e-03 1.113944e-03 1.117671e-03 9.994443e-01 9.994439e-01 9.994420e-01 5.557861e-04 1.110569e-03 1.114241e-03 1.103127e-03 1.103874e-03 1.107439e-03
112 1.311485e-04 1.312554e-04 1.313326e-04 9.999344e-01 9.999344e-01 9.999343e-01 6.558984e-05 1.312289e-04 1.313062e-04 1.310694e-04 1.311762e-04 1.312534e-04
113 4.432986e-05 4.435325e-05 4.448068e-05 9.999778e-01 9.999778e-01 9.999778e-01 2.216492e-05 4.435046e-05 4.447785e-05 4.432151e-05 4.434489e-05 4.447219e-05
114 3.039772e-05 3.040784e-05 3.037759e-05 9.999848e-01 9.999848e-01 9.999848e-01 1.519682e-05 3.040673e-05 3.037650e-05 3.039440e-05 3.040451e-05 3.037430e-05
115 1.045859e-04 1.046231e-04 1.046895e-04 9.999477e-01 9.999477e-01 9.999477e-01 5.228465e-05 1.046106e-04 1.046769e-04 1.045481e-04 1.045854e-04 1.046517e-04
116 2.261412e-04 2.262392e-04 2.258588e-04 9.998869e-01 9.998869e-01 9.998871e-01 1.130566e-04 2.261874e-04 2.258077e-04 2.259859e-04 2.260838e-04 2.257053e-04
117 8.198050e-04 8.202101e-04 8.199271e-04 9.995903e-01 9.995901e-01 9.995903e-01 4.096688e-04 8.192773e-04 8.190010e-04 8.170145e-04 8.174174e-04 8.171541e-04
118 2.696143e-03 2.697524e-03 2.699971e-03 9.986545e-01 9.986538e-01 9.986526e-01 1.345460e-03 2.687120e-03 2.689475e-03 2.665160e-03 2.666516e-03 2.668691e-03
