0 4.041324e+01 4.044108e+01 4.043474e+01 2.633176e-01 2.632557e-01 2.604130e-01 7.366351e-01 7.861814e-01 7.895619e-01 4.353313e-02 4.352830e-02 4.707284e-02
1 1.761331e+02 1.761846e+02 1.768869e+02 1.528247e-04 1.522981e-04 4.161157e-06 9.998472e-01 9.999990e-01 1.000000e+00 1.039381e-06 1.032523e-06 1.753988e-10
2 2.236071e+02 2.235246e+02 2.237950e+02 1.498885e-03 1.492821e-03 1.267034e-03 9.985014e-01 9.999699e-01 9.999845e-01 3.035716e-05 3.012765e-05 1.545986e-05
3 1.423985e+02 1.427570e+02 1.413858e+02 2.102125e-02 2.097330e-02 2.196000e-02 9.789840e-01 9.956538e-01 9.959902e-01 4.053746e-03 4.039521e-03 3.846833e-03
4 4.821287e+01 4.824387e+01 4.812253e+01 7.147590e-02 7.136183e-02 7.040097e-02 9.285324e-01 9.807806e-01 9.819000e-01 1.676007e-02 1.672090e-02 1.619242e-02
5 1.131829e+01 1.132639e+01 1.131063e+01 2.057746e-01 2.055757e-01 2.036692e-01 7.942645e-01 9.127416e-01 9.153016e-01 6.417421e-02 6.409788e-02 6.370291e-02
6 2.324547e+00 2.325855e+00 2.335247e+00 5.656000e-01 5.654212e-01 5.647294e-01 4.344480e-01 5.812864e-01 5.820519e-01 1.455296e-01 1.455145e-01 1.453297e-01
7 6.626348e-01 6.630635e-01 6.560492e-01 7.989684e-01 7.988601e-01 7.987758e-01 2.010465e-01 3.081683e-01 3.084382e-01 1.322008e-01 1.322317e-01 1.325042e-01
8 2.210016e-01 2.211588e-01 2.234597e-01 9.171821e-01 9.171256e-01 9.166562e-01 8.282896e-02 1.388490e-01 1.393690e-01 7.941611e-02 7.945276e-02 7.938185e-02
9 8.750980e-02 8.757196e-02 8.782082e-02 9.604216e-01 9.603929e-01 9.603988e-01 3.958380e-02 7.294536e-02 7.281900e-02 5.493288e-02 5.496771e-02 5.476356e-02
10 8.617999e-02 8.623085e-02 8.555247e-02 9.604531e-01 9.604303e-01 9.606417e-01 3.954887e-02 7.343681e-02 7.316260e-02 5.612521e-02 5.615366e-02 5.617140e-02
11 2.015326e-01 2.016306e-01 2.023602e-01 9.157057e-01 9.156693e-01 9.155752e-01 8.429052e-02 1.473450e-01 1.473924e-01 9.406237e-02 9.408879e-02 9.407400e-02
12 2.278677e+00 2.279936e+00 2.282977e+00 5.804930e-01 5.803649e-01 5.809505e-01 4.195045e-01 5.576276e-01 5.566100e-01 1.364192e-01 1.364150e-01 1.361484e-01
13 1.564957e+01 1.565763e+01 1.559443e+01 1.401550e-01 1.400500e-01 1.370689e-01 8.598355e-01 9.461191e-01 9.502812e-01 3.976216e-02 3.972594e-02 3.918717e-02
14 3.306072e+01 3.307585e+01 3.307555e+01 3.559417e-02 3.554782e-02 3.136253e-02 9.644085e-01 9.935646e-01 9.959173e-01 5.929097e-03 5.918058e-03 3.973459e-03
15 2.785843e+01 2.787534e+01 2.777703e+01 1.841838e-01 1.840571e-01 1.842831e-01 8.158427e-01 8.945764e-01 8.939819e-01 5.622487e-02 5.618936e-02 5.604307e-02
16 2.505260e+01 2.506394e+01 2.520595e+01 6.438761e-02 6.433864e-02 5.960761e-02 9.355932e-01 9.822481e-01 9.867874e-01 1.466630e-02 1.465323e-02 1.214360e-02
17 2.507794e+01 2.509152e+01 2.503080e+01 5.112501e-02 5.105224e-02 5.056114e-02 9.488922e-01 9.894655e-01 9.900186e-01 9.700897e-03 9.680754e-03 9.332714e-03
18 8.190144e+00 8.194684e+00 8.198455e+00 3.189179e-01 3.187529e-01 3.179547e-01 6.811040e-01 8.121854e-01 8.132101e-01 1.000277e-01 9.998348e-02 1.001584e-01
19 3.020437e+00 3.022008e+00 2.969104e+00 6.038141e-01 6.036694e-01 6.036672e-01 3.961750e-01 5.353152e-01 5.355012e-01 1.470515e-01 1.470658e-01 1.474263e-01
20 8.683712e-01 8.694252e-01 8.504170e-01 7.982724e-01 7.981242e-01 7.982707e-01 2.017824e-01 3.007760e-01 3.004047e-01 1.293715e-01 1.294103e-01 1.290716e-01
21 2.358960e-01 2.360543e-01 2.343550e-01 9.141922e-01 9.141367e-01 9.138985e-01 8.581117e-02 1.459282e-01 1.460932e-01 9.131964e-02 9.136001e-02 9.124810e-02
22 9.138205e-02 9.144038e-02 9.117235e-02 9.568880e-01 9.568605e-01 9.568779e-01 4.311697e-02 8.193686e-02 8.199766e-02 6.778040e-02 6.781882e-02 6.797189e-02
23 2.362501e-02 2.364115e-02 2.358206e-02 9.884408e-01 9.884329e-01 9.884595e-01 1.155993e-02 2.265784e-02 2.260917e-02 2.090011e-02 2.091386e-02 2.087610e-02
24 4.394534e-03 4.397386e-03 4.389085e-03 9.979138e-01 9.979124e-01 9.978908e-01 2.085947e-03 3.986919e-03 4.063956e-03 3.386235e-03 3.388474e-03 3.530573e-03
25 3.107883e-03 3.110981e-03 3.133876e-03 9.984924e-01 9.984909e-01 9.984696e-01 1.507979e-03 2.934275e-03 2.992143e-03 2.640516e-03 2.643327e-03 2.741742e-03
26 5.857770e-04 5.860576e-04 5.853071e-04 9.997072e-01 9.997071e-01 9.997075e-01 2.927792e-04 5.856217e-04 5.848815e-04 5.844718e-04 5.847516e-04 5.840319e-04
27 2.462402e-03 2.463888e-03 2.444104e-03 9.987733e-01 9.987725e-01 9.987818e-01 1.226613e-03 2.446069e-03 2.428815e-03 2.409978e-03 2.411429e-03 2.398811e-03
28 2.545577e-02 2.547068e-02 2.531534e-02 9.875746e-01 9.875674e-01 9.876286e-01 1.242476e-02 2.430427e-02 2.420743e-02 2.227477e-02 2.228690e-02 2.226108e-02
29 2.133601e-01 2.134518e-01 2.147285e-01 9.065365e-01 9.064994e-01 9.061702e-01 9.346090e-02 1.673638e-01 1.677884e-01 1.119752e-01 1.120042e-01 1.121433e-01
30 3.000307e-01 3.001625e-01 3.007500e-01 8.703446e-01 8.702935e-01 8.701878e-01 1.296532e-01 2.284570e-01 2.285256e-01 1.408603e-01 1.408906e-01 1.408416e-01
31 2.193253e-01 2.194325e-01 2.199824e-01 9.018895e-01 9.018441e-01 9.015991e-01 9.811283e-02 1.779226e-01 1.783555e-01 1.230022e-01 1.230419e-01 1.233262e-01
32 5.783149e-01 5.785632e-01 5.768561e-01 7.784730e-01 7.783925e-01 7.780674e-01 2.215257e-01 3.639658e-01 3.645962e-01 1.788806e-01 1.789031e-01 1.791179e-01
33 1.415120e+00 1.415735e+00 1.414733e+00 5.935076e-01 5.933807e-01 5.936381e-01 4.065090e-01 5.849818e-01 5.849030e-01 1.752627e-01 1.752526e-01 1.757764e-01
34 6.722654e+00 6.725622e+00 6.728570e+00 2.704094e-01 2.703089e-01 2.695867e-01 7.295632e-01 8.628039e-01 8.646020e-01 8.534281e-02 8.530820e-02 8.619117e-02
35 2.095074e+01 2.095994e+01 2.100568e+01 9.271011e-02 9.262505e-02 8.943708e-02 9.072919e-01 9.716624e-01 9.745467e-01 2.352355e-02 2.349412e-02 2.199965e-02
36 1.997782e+01 1.998815e+01 1.997480e+01 8.238075e-02 8.230463e-02 8.076398e-02 9.176233e-01 9.758517e-01 9.775891e-01 2.044047e-02 2.041492e-02 1.961748e-02
37 2.060672e+01 2.061813e+01 2.059404e+01 1.317901e-01 1.316827e-01 1.305423e-01 8.682134e-01 9.433910e-01 9.453925e-01 3.873983e-02 3.870434e-02 3.949575e-02
38 2.562099e+01 2.563205e+01 2.557430e+01 5.501430e-02 5.495627e-02 5.052161e-02 9.449880e-01 9.869458e-01 9.900539e-01 1.156928e-02 1.155182e-02 9.336778e-03
39 5.782969e+00 5.788095e+00 5.799411e+00 3.444642e-01 3.442688e-01 3.416918e-01 6.555767e-01 7.965138e-01 8.001169e-01 1.039286e-01 1.038752e-01 1.048761e-01
40 3.331343e-01 3.333191e-01 3.322934e-01 8.660222e-01 8.659574e-01 8.660831e-01 1.339863e-01 2.264733e-01 2.263904e-01 1.246961e-01 1.247242e-01 1.247033e-01
41 9.006043e-02 9.014188e-02 9.059574e-02 9.579005e-01 9.578651e-01 9.576931e-01 4.211504e-02 7.924742e-02 7.950888e-02 6.293237e-02 6.296973e-02 6.301114e-02
42 3.205791e-02 3.207579e-02 3.200071e-02 9.844432e-01 9.844346e-01 9.844575e-01 1.555696e-02 3.025434e-02 3.023152e-02 2.708937e-02 2.710334e-02 2.714404e-02
43 7.585311e-03 7.589192e-03 7.616401e-03 9.962308e-01 9.962289e-01 9.962157e-01 3.769169e-03 7.495960e-03 7.521435e-03 7.311429e-03 7.315117e-03 7.337389e-03
44 2.733284e-03 2.734930e-03 2.727488e-03 9.986366e-01 9.986358e-01 9.986395e-01 1.363448e-03 2.721844e-03 2.714565e-03 2.694421e-03 2.696039e-03 2.689070e-03
45 1.741965e-03 1.742697e-03 1.738009e-03 9.991300e-01 9.991296e-01 9.991319e-01 8.700172e-04 1.738930e-03 1.734302e-03 1.730707e-03 1.731432e-03 1.726923e-03
46 1.469657e-03 1.470293e-03 1.472917e-03 9.992658e-01 9.992654e-01 9.992641e-01 7.342292e-04 1.467948e-03 1.470562e-03 1.462646e-03 1.463277e-03 1.465868e-03
47 4.047971e-03 4.049622e-03 4.057592e-03 9.979810e-01 9.979802e-01 9.979762e-01 2.018908e-03 4.029585e-03 4.037603e-03 3.988347e-03 3.989961e-03 3.998064e-03
48 1.319386e-02 1.320053e-02 1.318023e-02 9.934629e-01 9.934596e-01 9.934689e-01 6.537059e-03 1.296361e-02 1.294672e-02 1.250275e-02 1.250888e-02 1.249808e-02
49 7.729775e-02 7.734434e-02 7.652730e-02 9.636965e-01 9.636750e-01 9.638378e-01 3.630312e-02 6.886913e-02 6.877077e-02 5.704768e-02 5.707729e-02 5.727778e-02
50 7.164676e-01 7.168371e-01 7.196712e-01 7.707558e-01 7.706626e-01 7.705570e-01 2.292383e-01 3.594929e-01 3.599828e-01 1.595746e-01 1.595904e-01 1.601413e-01
51 2.130634e+00 2.131395e+00 2.154874e+00 5.415279e-01 5.414194e-01 5.414809e-01 4.584524e-01 6.248913e-01 6.248973e-01 1.603966e-01 1.603926e-01 1.607641e-01
52 1.835215e+00 1.835219e+00 1.829014e+00 5.913296e-01 5.911916e-01 5.905081e-01 4.086775e-01 5.662074e-01 5.676349e-01 1.615191e-01 1.615142e-01 1.623851e-01
53 3.019927e+00 3.022269e+00 3.006649e+00 4.527843e-01 4.526316e-01 4.511082e-01 5.472280e-01 7.148484e-01 7.175752e-01 1.405322e-01 1.404972e-01 1.418742e-01
54 2.409302e+00 2.410929e+00 2.412422e+00 5.265949e-01 5.264164e-01 5.265700e-01 4.734602e-01 6.350258e-01 6.350055e-01 1.512847e-01 1.512536e-01 1.515043e-01
55 5.991331e-01 5.994597e-01 5.957617e-01 7.915939e-01 7.914965e-01 7.920754e-01 2.084226e-01 3.282690e-01 3.277033e-01 1.451165e-01 1.451504e-01 1.452914e-01
56 5.717496e-02 5.720393e-02 5.720614e-02 9.725051e-01 9.724915e-01 9.724913e-01 2.749544e-02 5.301826e-02 5.301809e-02 4.595213e-02 4.597270e-02 4.597505e-02
57 1.115622e-02 1.116319e-02 1.113997e-02 9.944772e-01 9.944738e-01 9.944847e-01 5.523509e-03 1.094405e-02 1.092359e-02 1.051852e-02 1.052493e-02 1.050939e-02
58 5.253719e-03 5.256536e-03 5.222118e-03 9.973859e-01 9.973845e-01 9.974014e-01 2.614090e-03 5.205633e-03 5.172486e-03 5.103339e-03 5.106038e-03 5.075334e-03
59 2.223881e-03 2.224968e-03 2.221945e-03 9.988901e-01 9.988896e-01 9.988911e-01 1.109828e-03 2.216678e-03 2.213804e-03 2.199184e-03 2.200254e-03 2.197668e-03
60 6.513856e-04 6.518188e-04 6.462253e-04 9.996745e-01 9.996743e-01 9.996771e-01 3.255114e-04 6.509721e-04 6.454194e-04 6.488531e-04 6.492844e-04 6.438127e-04
61 2.292642e-04 2.293957e-04 2.287515e-04 9.998854e-01 9.998853e-01 9.998856e-01 1.146275e-04 2.293331e-04 2.286896e-04 2.290765e-04 2.292078e-04 2.285659e-04
62 3.816856e-04 3.818495e-04 3.821383e-04 9.998092e-01 9.998091e-01 9.998090e-01 1.908033e-04 3.816995e-04 3.819879e-04 3.812364e-04 3.813999e-04 3.816872e-04
63 1.492254e-03 1.492897e-03 1.511089e-03 9.992546e-01 9.992543e-01 9.992452e-01 7.452891e-04 1.489890e-03 1.507964e-03 1.483283e-03 1.483921e-03 1.501758e-03
64 5.818149e-03 5.820725e-03 5.794732e-03 9.970988e-01 9.970975e-01 9.971103e-01 2.901101e-03 5.789236e-03 5.764314e-03 5.724445e-03 5.726953e-03 5.704095e-03
65 2.659186e-02 2.660474e-02 2.657201e-02 9.868945e-01 9.868882e-01 9.868984e-01 1.310524e-02 2.585710e-02 2.584711e-02 2.446009e-02 2.447140e-02 2.449375e-02
66 1.085037e-01 1.085496e-01 1.089458e-01 9.491012e-01 9.490807e-01 9.488844e-01 5.089657e-02 9.602819e-02 9.641159e-02 7.687970e-02 7.690463e-02 7.724254e-02
67 1.576796e-01 1.577468e-01 1.574532e-01 9.265861e-01 9.265561e-01 9.266155e-01 7.341681e-02 1.374799e-01 1.374703e-01 1.064600e-01 1.064954e-01 1.067042e-01
68 3.392410e-01 3.393641e-01 3.384311e-01 8.557537e-01 8.557087e-01 8.558400e-01 1.442347e-01 2.519999e-01 2.520505e-01 1.526353e-01 1.526577e-01 1.531329e-01
69 9.228064e-01 9.232707e-01 9.245313e-01 6.959358e-01 6.958171e-01 6.955937e-01 3.040745e-01 4.674070e-01 4.678667e-01 1.807849e-01 1.807924e-01 1.813238e-01
70 1.455502e+00 1.456140e+00 1.467343e+00 6.127990e-01 6.126882e-01 6.116654e-01 3.871957e-01 5.592643e-01 5.608847e-01 1.762455e-01 1.762387e-01 1.769424e-01
71 1.922207e+00 1.923124e+00 1.924775e+00 5.442922e-01 5.441484e-01 5.433878e-01 4.557313e-01 6.236339e-01 6.250491e-01 1.573731e-01 1.573580e-01 1.582397e-01
72 1.792162e+00 1.792865e+00 1.793384e+00 5.419727e-01 5.418653e-01 5.408149e-01 4.580097e-01 6.451982e-01 6.470467e-01 1.732971e-01 1.732775e-01 1.744162e-01
73 1.565616e+00 1.566463e+00 1.564203e+00 5.978836e-01 5.977387e-01 5.976700e-01 4.021367e-01 5.620415e-01 5.624694e-01 1.558465e-01 1.558325e-01 1.565748e-01
74 8.562771e-02 8.575001e-02 8.329141e-02 9.614221e-01 9.613739e-01 9.620270e-01 3.860336e-02 7.152161e-02 7.065535e-02 5.591467e-02 5.595270e-02 5.585419e-02
75 1.528074e-02 1.528798e-02 1.528126e-02 9.924253e-01 9.924218e-01 9.924241e-01 7.574777e-03 1.502739e-02 1.502466e-02 1.451886e-02 1.452556e-02 1.452961e-02
76 9.248970e-03 9.253356e-03 9.255273e-03 9.954013e-01 9.953992e-01 9.953981e-01 4.598704e-03 9.150651e-03 9.153015e-03 8.946133e-03 8.950316e-03 8.953498e-03
77 1.659172e-03 1.660046e-03 1.661754e-03 9.991713e-01 9.991709e-01 9.991700e-01 8.287210e-04 1.656479e-03 1.658174e-03 1.648515e-03 1.649381e-03 1.651048e-03
78 3.764664e-04 3.766670e-04 3.757601e-04 9.998118e-01 9.998117e-01 9.998122e-01 1.881928e-04 3.764663e-04 3.755646e-04 3.758655e-04 3.760656e-04 3.751739e-04
79 4.113753e-04 4.115613e-04 4.109784e-04 9.997944e-01 9.997943e-01 9.997946e-01 2.056414e-04 4.113721e-04 4.107918e-04 4.108083e-04 4.109939e-04 4.104190e-04
80 1.253042e-03 1.253549e-03 1.249958e-03 9.993739e-01 9.993737e-01 9.993755e-01 6.260163e-04 1.251699e-03 1.248129e-03 1.247510e-03 1.248013e-03 1.244485e-03
81 2.945706e-03 2.946943e-03 2.944082e-03 9.985297e-01 9.985291e-01 9.985305e-01 1.470287e-03 2.936768e-03 2.934041e-03 2.915362e-03 2.916579e-03 2.914115e-03
82 4.006933e-03 4.008393e-03 4.006293e-03 9.980009e-01 9.980002e-01 9.980012e-01 1.999044e-03 3.990967e-03 3.988978e-03 3.955032e-03 3.956461e-03 3.954689e-03
83 6.746615e-03 6.749615e-03 6.719693e-03 9.966395e-01 9.966380e-01 9.966526e-01 3.360535e-03 6.698545e-03 6.670046e-03 6.595706e-03 6.598607e-03 6.572846e-03
84 2.444014e-02 2.444549e-02 2.447719e-02 9.879418e-01 9.879392e-01 9.879236e-01 1.205571e-02 2.380743e-02 2.383800e-02 2.260080e-02 2.260575e-02 2.263401e-02
85 7.895033e-02 7.899114e-02 7.927868e-02 9.626979e-01 9.626790e-01 9.625620e-01 3.730451e-02 7.085949e-02 7.105426e-02 5.831327e-02 5.833989e-02 5.843442e-02
86 1.030636e-01 1.031067e-01 1.026636e-01 9.524670e-01 9.524481e-01 9.526004e-01 4.753195e-02 8.846673e-02 8.826036e-02 6.773766e-02 6.775916e-02 6.779426e-02
87 1.381340e-01 1.382068e-01 1.386598e-01 9.383242e-01 9.382940e-01 9.381015e-01 6.167770e-02 1.117948e-01 1.121310e-01 7.780383e-02 7.783256e-02 7.804559e-02
88 1.660517e-01 1.661159e-01 1.659761e-01 9.251507e-01 9.251240e-01 9.251732e-01 7.484637e-02 1.365370e-01 1.364641e-01 9.659035e-02 9.661342e-02 9.660095e-02
89 5.331421e-02 5.334730e-02 5.327707e-02 9.742484e-01 9.742327e-01 9.742625e-01 2.575552e-02 4.985659e-02 4.980572e-02 4.381776e-02 4.384213e-02 4.381845e-02
90 5.117409e-03 5.120422e-03 5.117076e-03 9.974478e-01 9.974463e-01 9.974480e-01 2.552493e-03 5.094354e-03 5.091023e-03 5.039887e-03 5.042825e-03 5.039521e-03
91 1.292976e-03 1.293635e-03 1.296118e-03 9.993541e-01 9.993537e-01 9.993525e-01 6.459439e-04 1.291401e-03 1.293877e-03 1.286297e-03 1.286951e-03 1.289414e-03
92 7.512956e-04 7.517086e-04 7.503764e-04 9.996246e-01 9.996244e-01 9.996251e-01 3.753734e-04 7.505960e-04 7.492733e-04 7.479693e-04 7.483798e-04 7.470760e-04
93 2.222347e-04 2.223534e-04 2.207804e-04 9.998889e-01 9.998888e-01 9.998896e-01 1.110977e-04 2.222735e-04 2.207025e-04 2.219953e-04 2.221138e-04 2.205468e-04
94 6.636402e-05 6.639537e-05 6.665508e-05 9.999668e-01 9.999668e-01 9.999667e-01 3.318208e-05 6.639093e-05 6.665056e-05 6.635073e-05 6.638206e-05 6.664150e-05
95 3.820724e-05 3.822818e-05 3.833767e-05 9.999809e-01 9.999809e-01 9.999808e-01 1.910307e-05 3.822594e-05 3.833546e-05 3.820053e-05 3.822146e-05 3.833103e-05
96 1.024073e-04 1.024498e-04 1.024329e-04 9.999488e-01 9.999488e-01 9.999488e-01 5.120025e-05 1.024361e-04 1.024192e-04 1.023662e-04 1.024086e-04 1.023918e-04
97 1.320680e-04 1.321188e-04 1.322145e-04 9.999340e-01 9.999339e-01 9.999339e-01 6.602700e-05 1.321030e-04 1.321987e-04 1.320207e-04 1.320714e-04 1.321671e-04
98 3.785239e-04 3.786803e-04 3.789670e-04 9.998108e-01 9.998107e-01 9.998105e-01 1.892262e-04 3.785483e-04 3.788355e-04 3.781286e-04 3.782847e-04 3.785727e-04
99 1.302078e-03 1.302597e-03 1.300593e-03 9.993494e-01 9.993492e-01 9.993502e-01 6.505480e-04 1.300731e-03 1.298752e-03 1.296499e-03 1.297014e-03 1.295081e-03
100 4.820572e-03 4.822183e-03 4.820267e-03 9.975956e-01 9.975948e-01 9.975957e-01 2.404121e-03 4.798525e-03 4.796981e-03 4.750163e-03 4.751733e-03 4.750905e-03
101 1.107305e-02 1.107781e-02 1.104820e-02 9.944935e-01 9.944911e-01 9.945056e-01 5.506606e-03 1.095832e-02 1.093014e-02 1.072018e-02 1.072470e-02 1.069920e-02
102 2.101672e-02 2.102452e-02 2.096590e-02 9.896381e-01 9.896343e-01 9.896613e-01 1.036066e-02 2.044857e-02 2.039902e-02 1.936914e-02 1.937589e-02 1.934156e-02
103 5.405289e-02 5.407825e-02 5.419026e-02 9.738524e-01 9.738403e-01 9.737901e-01 2.614865e-02 5.070327e-02 5.079509e-02 4.493864e-02 4.495792e-02 4.502634e-02
104 6.249728e-02 6.251721e-02 6.256905e-02 9.699688e-01 9.699596e-01 9.699441e-01 3.002852e-02 5.785169e-02 5.786668e-02 4.997510e-02 4.998843e-02 4.996073e-02
105 5.537593e-02 5.539915e-02 5.551279e-02 9.733710e-01 9.733601e-01 9.733076e-01 2.662861e-02 5.134017e-02 5.143732e-02 4.447899e-02 4.449524e-02 4.456615e-02
106 8.647630e-02 8.652145e-02 8.652974e-02 9.587433e-01 9.587223e-01 9.587141e-01 4.126006e-02 7.895904e-02 7.898261e-02 6.639331e-02 6.642292e-02 6.647033e-02
107 6.785747e-03 6.789475e-03 6.788639e-03 9.966189e-01 9.966171e-01 9.966175e-01 3.381479e-03 6.742339e-03 6.741643e-03 6.646049e-03 6.649650e-03 6.649233e-03
108 9.064883e-03 9.068710e-03 9.075042e-03 9.954908e-01 9.954889e-01 9.954857e-01 4.509170e-03 8.976164e-03 8.982737e-03 8.791560e-03 8.795196e-03 8.802217e-03
109 5.313548e-03 5.316528e-03 5.333051e-03 9.973552e-01 9.973537e-01 9.973456e-01 2.644874e-03 5.269047e-03 5.285049e-03 5.173593e-03 5.176452e-03 5.191428e-03
110 1.027376e-02 1.027800e-02 1.025978e-02 9.948944e-01 9.948923e-01 9.949013e-01 5.105574e-03 1.015349e-02 1.013588e-02 9.906471e-03 9.910463e-03 9.893988e-03
111 1.138265e-03 1.139043e-03 1.146993e-03 9.994318e-01 9.994314e-01 9.994274e-01 5.682869e-04 1.135512e-03 1.143385e-03 1.127740e-03 1.128506e-03 1.136228e-03
112 1.289910e-04 1.290968e-04 1.288494e-04 9.999355e-01 9.999355e-01 9.999356e-01 6.451108e-05 1.290710e-04 1.288237e-04 1.289137e-04 1.290194e-04 1.287723e-04
113 4.534015e-05 4.536454e-05 4.542003e-05 9.999773e-01 9.999773e-01 9.999773e-01 2.267002e-05 4.536162e-05 4.541709e-05 4.533140e-05 4.535578e-05 4.541120e-05
114 3.129835e-05 3.130894e-05 3.130304e-05 9.999844e-01 9.999843e-01 9.999843e-01 1.564713e-05 3.130777e-05 3.130188e-05 3.129485e-05 3.130544e-05 3.129956e-05
115 1.036657e-04 1.037023e-04 1.036799e-04 9.999482e-01 9.999482e-01 9.999482e-01 5.182470e-05 1.036900e-04 1.036676e-04 1.036288e-04 1.036653e-04 1.036430e-04
116 2.310893e-04 2.311926e-04 2.309114e-04 9.998845e-01 9.998844e-01 9.998846e-01 1.155292e-04 2.311369e-04 2.308565e-04 2.309224e-04 2.310255e-04 2.307467e-04
117 8.487919e-04 8.492140e-04 8.494324e-04 9.995759e-01 9.995756e-01 9.995755e-01 4.241453e-04 8.482121e-04 8.484378e-04 8.457947e-04 8.462144e-04 8.464544e-04
118 2.664616e-03 2.665964e-03 2.664683e-03 9.986702e-01 9.986696e-01 9.986702e-01 1.329771e-03 2.655855e-03 2.654548e-03 2.634506e-03 2.635830e-03 2.634474e-03
