0 2.145106e+01 2.146645e+01 2.152888e+01 3.294754e-01 3.293979e-01 3.262623e-01 6.704789e-01 7.281019e-01 7.324072e-01 5.026348e-02 5.025536e-02 5.001482e-02
1 1.115155e+02 1.115556e+02 1.113452e+02 1.469782e-03 1.466442e-03 1.798912e-04 9.985303e-01 9.999238e-01 9.999997e-01 7.614735e-05 7.584221e-05 3.133147e-07
2 1.602323e+02 1.601550e+02 1.600827e+02 3.408570e-03 3.397660e-03 3.259170e-03 9.965923e-01 9.998403e-01 9.998966e-01 1.600785e-04 1.591522e-04 1.032815e-04
3 1.252164e+02 1.254974e+02 1.260978e+02 2.149943e-02 2.145246e-02 1.751135e-02 9.785054e-01 9.951734e-01 9.976010e-01 4.298535e-03 4.285788e-03 2.341270e-03
4 6.035998e+01 6.039891e+01 6.031390e+01 4.000844e-02 3.992783e-02 3.868275e-02 9.599981e-01 9.924341e-01 9.934148e-01 7.074447e-03 7.052040e-03 6.297512e-03
5 2.002658e+01 2.004133e+01 2.001680e+01 1.118178e-01 1.116639e-01 1.098107e-01 8.882029e-01 9.657066e-01 9.679578e-01 2.846807e-02 2.841528e-02 2.766347e-02
6 4.343944e+00 4.346745e+00 4.309929e+00 4.101059e-01 4.098793e-01 4.094685e-01 5.899522e-01 7.421459e-01 7.431472e-01 1.239635e-01 1.239049e-01 1.249067e-01
7 1.143715e+00 1.144403e+00 1.136190e+00 7.084563e-01 7.083185e-01 7.083958e-01 2.915615e-01 4.252574e-01 4.250429e-01 1.531891e-01 1.532098e-01 1.529991e-01
8 4.958113e-01 4.961548e-01 4.861464e-01 8.486607e-01 8.485636e-01 8.488931e-01 1.513629e-01 2.356377e-01 2.354878e-01 1.071238e-01 1.071551e-01 1.073595e-01
9 2.307581e-01 2.309319e-01 2.290389e-01 9.125180e-01 9.124498e-01 9.124414e-01 8.749728e-02 1.486878e-01 1.487211e-01 9.005706e-02 9.010313e-02 9.019503e-02
10 1.652863e-01 1.653911e-01 1.654007e-01 9.288479e-01 9.288032e-01 9.287702e-01 7.116049e-02 1.265902e-01 1.266293e-01 8.479656e-02 8.483928e-02 8.479538e-02
11 3.950062e-01 3.951835e-01 3.958072e-01 8.453232e-01 8.452638e-01 8.453548e-01 1.546730e-01 2.578766e-01 2.575139e-01 1.373939e-01 1.374176e-01 1.371054e-01
12 3.659955e+00 3.662003e+00 3.671655e+00 4.619485e-01 4.617911e-01 4.609894e-01 5.380606e-01 6.857463e-01 6.868837e-01 1.317432e-01 1.317174e-01 1.322980e-01
13 1.519568e+01 1.520322e+01 1.518010e+01 1.165846e-01 1.164894e-01 1.131122e-01 8.834098e-01 9.590411e-01 9.627138e-01 3.157584e-02 3.154404e-02 3.040763e-02
14 2.625070e+01 2.626214e+01 2.621718e+01 4.168905e-02 4.163949e-02 3.910631e-02 9.583155e-01 9.923511e-01 9.938579e-01 7.165440e-03 7.152460e-03 5.908620e-03
15 1.927542e+01 1.928709e+01 1.934834e+01 2.258731e-01 2.257255e-01 2.236937e-01 7.741624e-01 8.666247e-01 8.691946e-01 6.982092e-02 6.977965e-02 7.065547e-02
16 1.585119e+01 1.585818e+01 1.594210e+01 1.158009e-01 1.157273e-01 1.123420e-01 8.841770e-01 9.556233e-01 9.608021e-01 3.095599e-02 3.093524e-02 3.095876e-02
17 1.879543e+01 1.880581e+01 1.878481e+01 7.404750e-02 7.395919e-02 7.285894e-02 9.259686e-01 9.828070e-01 9.839153e-01 1.559309e-02 1.556620e-02 1.486418e-02
18 7.670867e+00 7.675362e+00 7.644177e+00 3.106793e-01 3.104969e-01 3.104352e-01 6.893520e-01 8.246435e-01 8.250367e-01 9.864843e-02 9.859314e-02 9.941737e-02
19 2.783669e+00 2.785054e+00 2.746127e+00 5.718061e-01 5.716532e-01 5.719133e-01 4.281909e-01 5.776139e-01 5.775616e-01 1.500355e-01 1.500369e-01 1.505072e-01
20 9.564485e-01 9.574455e-01 9.480371e-01 7.718440e-01 7.716810e-01 7.714567e-01 2.282124e-01 3.428679e-01 3.429536e-01 1.468660e-01 1.469035e-01 1.469420e-01
21 3.281540e-01 3.283739e-01 3.235743e-01 8.855043e-01 8.854319e-01 8.854769e-01 1.145000e-01 1.919460e-01 1.919637e-01 1.136762e-01 1.137200e-01 1.138665e-01
22 1.668456e-01 1.669457e-01 1.662950e-01 9.242211e-01 9.241755e-01 9.241698e-01 7.578770e-02 1.398954e-01 1.400540e-01 1.045596e-01 1.046095e-01 1.047966e-01
23 6.024186e-02 6.028205e-02 6.012134e-02 9.712279e-01 9.712090e-01 9.712513e-01 2.877384e-02 5.519028e-02 5.515108e-02 4.702425e-02 4.705300e-02 4.709702e-02
24 1.607511e-02 1.608572e-02 1.571906e-02 9.936795e-01 9.936752e-01 9.934605e-01 6.320064e-03 1.088899e-02 1.133249e-02 7.387596e-03 7.391309e-03 7.262084e-03
25 9.895621e-03 9.906332e-03 9.771563e-03 9.956093e-01 9.956042e-01 9.955271e-01 4.392529e-03 8.016771e-03 8.280924e-03 6.030420e-03 6.038094e-03 6.314237e-03
26 1.416562e-03 1.417246e-03 1.415341e-03 9.992924e-01 9.992920e-01 9.992930e-01 7.075968e-04 1.414626e-03 1.412828e-03 1.408736e-03 1.409416e-03 1.407827e-03
27 6.179724e-03 6.183458e-03 6.206991e-03 9.969366e-01 9.969347e-01 9.969215e-01 3.063156e-03 6.079361e-03 6.108180e-03 5.880958e-03 5.884513e-03 5.920568e-03
28 4.573824e-02 4.576212e-02 4.555618e-02 9.778432e-01 9.778317e-01 9.779143e-01 2.215579e-02 4.303457e-02 4.289850e-02 3.841320e-02 3.843168e-02 3.836791e-02
29 2.191015e-01 2.191915e-01 2.197194e-01 9.026336e-01 9.025953e-01 9.024823e-01 9.736629e-02 1.760556e-01 1.761803e-01 1.214344e-01 1.214694e-01 1.215313e-01
30 2.638977e-01 2.640135e-01 2.640970e-01 8.830653e-01 8.830175e-01 8.829974e-01 1.169338e-01 2.101533e-01 2.101670e-01 1.394613e-01 1.394981e-01 1.394525e-01
31 2.672346e-01 2.673777e-01 2.674551e-01 8.846416e-01 8.845814e-01 8.843715e-01 1.153646e-01 2.051686e-01 2.055912e-01 1.349813e-01 1.350273e-01 1.353742e-01
32 7.030632e-01 7.033581e-01 7.035492e-01 7.440303e-01 7.439395e-01 7.437496e-01 2.559694e-01 4.109509e-01 4.112763e-01 1.875553e-01 1.875732e-01 1.878196e-01
33 2.008852e+00 2.009823e+00 2.008557e+00 5.095635e-01 5.094059e-01 5.092067e-01 4.904607e-01 6.706932e-01 6.712823e-01 1.602418e-01 1.602115e-01 1.608535e-01
34 7.820359e+00 7.823892e+00 7.814082e+00 2.434648e-01 2.433625e-01 2.411492e-01 7.565131e-01 8.833696e-01 8.866595e-01 7.770181e-02 7.766475e-02 7.774727e-02
35 1.668131e+01 1.668880e+01 1.668854e+01 1.218499e-01 1.217489e-01 1.204041e-01 8.781540e-01 9.585825e-01 9.598460e-01 3.312826e-02 3.309155e-02 3.269072e-02
36 1.479047e+01 1.479805e+01 1.476097e+01 1.120509e-01 1.119562e-01 1.109869e-01 8.879571e-01 9.607964e-01 9.624905e-01 3.029334e-02 3.026189e-02 3.005423e-02
37 1.303638e+01 1.304362e+01 1.309923e+01 1.936089e-01 1.934692e-01 1.898396e-01 8.063981e-01 9.094915e-01 9.150608e-01 5.935328e-02 5.930569e-02 6.002239e-02
38 1.796191e+01 1.796928e+01 1.801335e+01 8.618043e-02 8.610238e-02 8.276421e-02 9.138251e-01 9.762070e-01 9.793304e-01 2.042735e-02 2.040134e-02 1.866050e-02
39 6.198128e+00 6.203115e+00 6.189187e+00 3.122317e-01 3.120397e-01 3.106218e-01 6.878060e-01 8.255787e-01 8.279689e-01 9.523096e-02 9.517400e-02 9.653975e-02
40 4.962232e-01 4.965524e-01 4.979008e-01 8.169467e-01 8.168437e-01 8.162886e-01 1.830734e-01 2.967315e-01 2.973798e-01 1.418868e-01 1.419118e-01 1.420570e-01
41 9.564587e-02 9.572631e-02 9.539742e-02 9.552627e-01 9.552272e-01 9.553375e-01 4.475145e-02 8.426118e-02 8.411435e-02 6.707832e-02 6.711785e-02 6.714582e-02
42 4.318358e-02 4.320828e-02 4.349279e-02 9.791719e-01 9.791602e-01 9.790359e-01 2.082836e-02 4.028309e-02 4.050094e-02 3.533939e-02 3.535788e-02 3.547914e-02
43 1.382384e-02 1.382974e-02 1.383021e-02 9.931526e-01 9.931496e-01 9.931491e-01 6.847175e-03 1.357439e-02 1.357600e-02 1.307905e-02 1.308453e-02 1.308812e-02
44 4.565217e-03 4.568555e-03 4.598310e-03 9.977265e-01 9.977248e-01 9.977103e-01 2.273925e-03 4.532371e-03 4.560720e-03 4.458454e-03 4.461697e-03 4.487371e-03
45 2.164780e-03 2.165564e-03 2.168279e-03 9.989190e-01 9.989186e-01 9.989173e-01 1.080855e-03 2.159978e-03 2.162694e-03 2.148092e-03 2.148870e-03 2.151588e-03
46 2.405331e-03 2.406628e-03 2.407311e-03 9.987990e-01 9.987984e-01 9.987980e-01 1.201076e-03 2.399890e-03 2.400579e-03 2.385224e-03 2.386505e-03 2.387205e-03
47 6.152898e-03 6.155630e-03 6.160323e-03 9.969349e-01 9.969335e-01 9.969312e-01 3.065087e-03 6.110406e-03 6.115201e-03 6.018819e-03 6.021467e-03 6.026454e-03
48 2.211691e-02 2.213002e-02 2.206058e-02 9.891219e-01 9.891154e-01 9.891399e-01 1.087810e-02 2.142469e-02 2.139251e-02 2.012343e-02 2.013502e-02 2.015224e-02
49 1.419975e-01 1.420833e-01 1.412381e-01 9.362126e-01 9.361750e-01 9.362330e-01 6.378727e-02 1.172556e-01 1.173209e-01 8.764148e-02 8.768258e-02 8.787627e-02
50 8.487368e-01 8.491568e-01 8.517035e-01 7.321011e-01 7.319943e-01 7.320231e-01 2.679007e-01 4.144389e-01 4.147738e-01 1.732684e-01 1.732798e-01 1.738326e-01
51 1.644249e+00 1.644892e+00 1.655988e+00 5.992187e-01 5.991126e-01 5.987869e-01 4.007664e-01 5.625257e-01 5.629830e-01 1.638354e-01 1.638405e-01 1.641062e-01
52 1.209766e+00 1.209719e+00 1.209071e+00 6.662011e-01 6.660739e-01 6.654414e-01 3.338037e-01 4.880441e-01 4.888793e-01 1.695832e-01 1.695915e-01 1.699396e-01
53 2.174638e+00 2.176394e+00 2.169371e+00 5.202010e-01 5.200371e-01 5.197208e-01 4.798195e-01 6.567187e-01 6.574442e-01 1.594528e-01 1.594212e-01 1.603386e-01
54 1.854775e+00 1.855954e+00 1.852616e+00 5.831766e-01 5.830003e-01 5.834449e-01 4.168809e-01 5.769432e-01 5.762580e-01 1.596053e-01 1.595828e-01 1.594913e-01
55 6.771056e-01 6.774486e-01 6.758739e-01 7.676236e-01 7.675202e-01 7.677425e-01 2.323961e-01 3.624307e-01 3.623191e-01 1.534092e-01 1.534397e-01 1.537387e-01
56 9.474189e-02 9.479131e-02 9.467514e-02 9.556639e-01 9.556414e-01 9.556407e-01 4.433718e-02 8.352604e-02 8.359920e-02 6.665565e-02 6.668503e-02 6.689298e-02
57 1.319260e-02 1.320118e-02 1.317283e-02 9.934679e-01 9.934637e-01 9.934774e-01 6.533008e-03 1.294707e-02 1.292046e-02 1.245370e-02 1.246162e-02 1.243802e-02
58 6.065967e-03 6.069251e-03 6.052429e-03 9.969826e-01 9.969809e-01 9.969892e-01 3.017448e-03 6.007354e-03 5.991308e-03 5.883284e-03 5.886426e-03 5.871859e-03
59 3.164293e-03 3.165711e-03 3.159876e-03 9.984221e-01 9.984213e-01 9.984242e-01 1.577844e-03 3.148964e-03 3.143316e-03 3.114523e-03 3.115910e-03 3.110625e-03
60 1.162038e-03 1.162880e-03 1.157551e-03 9.994197e-01 9.994192e-01 9.994219e-01 5.804190e-04 1.160140e-03 1.154924e-03 1.153858e-03 1.154694e-03 1.149699e-03
61 4.739483e-04 4.742303e-04 4.755991e-04 9.997631e-01 9.997630e-01 9.997623e-01 2.369244e-04 4.739302e-04 4.752935e-04 4.730496e-04 4.733309e-04 4.746833e-04
62 7.637383e-04 7.641075e-04 7.623577e-04 9.996183e-01 9.996181e-01 9.996190e-01 3.817079e-04 7.634773e-04 7.617343e-04 7.618513e-04 7.622191e-04 7.604899e-04
63 2.970056e-03 2.971530e-03 2.999184e-03 9.985184e-01 9.985177e-01 9.985040e-01 1.481417e-03 2.957701e-03 2.985055e-03 2.929164e-03 2.930609e-03 2.957312e-03
64 1.033663e-02 1.034150e-02 1.032209e-02 9.948570e-01 9.948546e-01 9.948638e-01 5.142897e-03 1.024070e-02 1.022341e-02 1.003870e-02 1.004336e-02 1.002996e-02
65 3.773252e-02 3.774986e-02 3.753830e-02 9.814875e-01 9.814790e-01 9.815703e-01 1.851205e-02 3.636645e-02 3.620875e-02 3.382502e-02 3.383964e-02 3.376021e-02
66 1.100292e-01 1.100738e-01 1.106701e-01 9.479815e-01 9.479611e-01 9.476927e-01 5.201711e-02 9.876987e-02 9.926140e-02 8.078226e-02 8.080864e-02 8.117484e-02
67 1.574788e-01 1.575441e-01 1.572422e-01 9.261592e-01 9.261295e-01 9.262133e-01 7.384329e-02 1.390562e-01 1.389811e-01 1.096523e-01 1.096892e-01 1.098329e-01
68 3.662824e-01 3.664141e-01 3.648079e-01 8.455014e-01 8.454528e-01 8.459040e-01 1.544898e-01 2.684584e-01 2.678538e-01 1.594783e-01 1.595018e-01 1.594272e-01
69 8.592776e-01 8.597121e-01 8.607553e-01 7.134273e-01 7.133119e-01 7.128693e-01 2.865834e-01 4.452171e-01 4.461146e-01 1.822648e-01 1.822791e-01 1.833187e-01
70 1.098744e+00 1.099220e+00 1.099468e+00 6.692914e-01 6.691853e-01 6.696909e-01 3.307110e-01 4.984614e-01 4.976435e-01 1.854038e-01 1.854067e-01 1.853535e-01
71 1.331908e+00 1.332533e+00 1.332177e+00 6.285508e-01 6.284193e-01 6.277907e-01 3.714713e-01 5.363581e-01 5.373310e-01 1.697324e-01 1.697329e-01 1.701690e-01
72 1.174422e+00 1.174888e+00 1.174583e+00 6.411641e-01 6.410641e-01 6.406063e-01 3.588244e-01 5.392548e-01 5.401653e-01 1.924455e-01 1.924398e-01 1.933769e-01
73 1.347551e+00 1.348187e+00 1.346975e+00 6.243432e-01 6.242175e-01 6.234734e-01 3.756671e-01 5.374647e-01 5.389310e-01 1.641582e-01 1.641559e-01 1.652447e-01
74 1.664500e-01 1.666712e-01 1.716075e-01 9.439170e-01 9.438447e-01 9.430730e-01 5.611405e-02 9.807713e-02 9.845990e-02 6.728072e-02 6.733008e-02 6.697829e-02
75 1.305006e-02 1.305686e-02 1.301920e-02 9.935258e-01 9.935225e-01 9.935397e-01 6.474328e-03 1.285530e-02 1.282371e-02 1.246125e-02 1.246765e-02 1.244631e-02
76 9.615483e-03 9.619944e-03 9.611225e-03 9.952178e-01 9.952155e-01 9.952199e-01 4.782287e-03 9.518466e-03 9.509809e-03 9.315789e-03 9.320071e-03 9.311538e-03
77 2.460975e-03 2.462266e-03 2.459752e-03 9.987713e-01 9.987707e-01 9.987719e-01 1.228705e-03 2.454999e-03 2.452543e-03 2.439284e-03 2.440559e-03 2.438218e-03
78 5.680400e-04 5.683547e-04 5.705743e-04 9.997161e-01 9.997159e-01 9.997148e-01 2.839150e-04 5.679063e-04 5.701295e-04 5.666977e-04 5.670115e-04 5.692417e-04
79 6.135498e-04 6.137951e-04 6.135403e-04 9.996933e-01 9.996932e-01 9.996933e-01 3.066820e-04 6.134259e-04 6.131737e-04 6.124439e-04 6.126885e-04 6.124414e-04
80 1.367040e-03 1.367602e-03 1.373298e-03 9.993170e-01 9.993167e-01 9.993139e-01 6.829824e-04 1.365585e-03 1.371244e-03 1.361009e-03 1.361566e-03 1.367150e-03
81 2.599612e-03 2.600658e-03 2.606084e-03 9.987020e-01 9.987015e-01 9.986988e-01 1.297946e-03 2.593293e-03 2.598693e-03 2.577626e-03 2.578658e-03 2.584005e-03
82 3.558536e-03 3.559839e-03 3.552121e-03 9.982238e-01 9.982232e-01 9.982270e-01 1.776103e-03 3.547551e-03 3.540067e-03 3.521877e-03 3.523161e-03 3.516134e-03
83 8.308043e-03 8.312206e-03 8.291891e-03 9.958662e-01 9.958641e-01 9.958735e-01 4.133903e-03 8.232036e-03 8.214511e-03 8.072241e-03 8.076245e-03 8.063629e-03
84 3.082424e-02 3.083201e-02 3.089712e-02 9.848448e-01 9.848410e-01 9.848087e-01 1.515286e-02 2.982338e-02 2.988737e-02 2.794516e-02 2.795206e-02 2.801312e-02
85 7.058466e-02 7.061971e-02 7.071561e-02 9.663929e-01 9.663764e-01 9.663372e-01 3.360954e-02 6.425541e-02 6.432075e-02 5.408375e-02 5.410849e-02 5.413969e-02
86 7.305279e-02 7.308379e-02 7.280363e-02 9.655001e-01 9.654859e-01 9.655984e-01 3.449927e-02 6.549777e-02 6.531756e-02 5.379424e-02 5.381355e-02 5.376582e-02
87 1.031887e-01 1.032403e-01 1.035591e-01 9.524233e-01 9.524005e-01 9.522649e-01 4.757809e-02 8.845772e-02 8.869229e-02 6.717005e-02 6.719644e-02 6.733041e-02
88 1.168379e-01 1.168808e-01 1.171009e-01 9.459244e-01 9.459056e-01 9.458318e-01 5.407200e-02 1.008364e-01 1.009334e-01 7.733767e-02 7.735822e-02 7.733930e-02
89 5.397847e-02 5.401245e-02 5.386641e-02 9.738946e-01 9.738784e-01 9.739429e-01 2.610979e-02 5.059907e-02 5.048509e-02 4.465027e-02 4.467558e-02 4.461158e-02
90 6.418509e-03 6.422289e-03 6.412673e-03 9.968025e-01 9.968006e-01 9.968052e-01 3.197841e-03 6.375609e-03 6.366707e-03 6.280306e-03 6.283962e-03 6.276389e-03
91 1.143393e-03 1.143934e-03 1.143734e-03 9.994287e-01 9.994284e-01 9.994285e-01 5.713287e-04 1.142400e-03 1.142208e-03 1.138804e-03 1.139342e-03 1.139166e-03
92 7.333133e-04 7.337153e-04 7.308526e-04 9.996336e-01 9.996334e-01 9.996348e-01 3.664359e-04 7.328118e-04 7.299682e-04 7.306108e-04 7.310109e-04 7.282050e-04
93 2.922807e-04 2.924284e-04 2.928693e-04 9.998539e-01 9.998538e-01 9.998536e-01 1.461085e-04 2.923027e-04 2.927429e-04 2.919042e-04 2.920516e-04 2.924904e-04
94 1.028470e-04 1.028986e-04 1.030844e-04 9.999486e-01 9.999486e-01 9.999485e-01 5.142314e-05 1.028873e-04 1.030730e-04 1.028132e-04 1.028648e-04 1.030502e-04
95 4.684064e-05 4.686524e-05 4.689500e-05 9.999766e-01 9.999766e-01 9.999766e-01 2.341980e-05 4.686259e-05 4.689237e-05 4.683270e-05 4.685729e-05 4.688713e-05
96 9.876038e-05 9.880443e-05 9.877414e-05 9.999506e-01 9.999506e-01 9.999506e-01 4.937741e-05 9.879343e-05 9.876326e-05 9.872740e-05 9.877143e-05 9.874151e-05
97 1.738134e-04 1.738874e-04 1.740038e-04 9.999131e-01 9.999131e-01 9.999130e-01 8.689707e-05 1.738605e-04 1.739771e-04 1.737328e-04 1.738068e-04 1.739236e-04
98 5.342666e-04 5.344933e-04 5.350053e-04 9.997329e-01 9.997328e-01 9.997326e-01 2.670575e-04 5.342244e-04 5.347389e-04 5.334611e-04 5.336873e-04 5.342066e-04
99 1.912791e-03 1.913498e-03 1.908542e-03 9.990445e-01 9.990442e-01 9.990466e-01 9.554491e-04 1.909836e-03 1.904915e-03 1.901846e-03 1.902547e-03 1.897694e-03
100 5.434108e-03 5.435833e-03 5.450099e-03 9.972893e-01 9.972884e-01 9.972813e-01 2.710501e-03 5.410559e-03 5.424775e-03 5.358804e-03 5.360490e-03 5.374605e-03
101 1.114063e-02 1.114551e-02 1.115415e-02 9.944627e-01 9.944603e-01 9.944560e-01 5.537315e-03 1.101432e-02 1.102272e-02 1.075503e-02 1.075967e-02 1.076760e-02
102 2.046302e-02 2.047126e-02 2.044746e-02 9.899164e-01 9.899124e-01 9.899204e-01 1.008266e-02 1.989053e-02 1.988138e-02 1.880827e-02 1.881543e-02 1.882958e-02
103 4.325168e-02 4.327182e-02 4.349823e-02 9.789278e-01 9.789181e-01 9.788185e-01 2.107307e-02 4.112586e-02 4.130203e-02 3.732489e-02 3.734126e-02 3.744531e-02
104 4.471958e-02 4.473424e-02 4.488695e-02 9.782793e-01 9.782723e-01 9.782064e-01 2.171868e-02 4.225970e-02 4.237353e-02 3.790515e-02 3.791624e-02 3.797189e-02
105 3.667361e-02 3.669013e-02 3.669760e-02 9.821055e-01 9.820976e-01 9.820909e-01 1.789477e-02 3.496999e-02 3.498781e-02 3.188721e-02 3.190039e-02 3.193119e-02
106 6.774022e-02 6.777229e-02 6.772812e-02 9.672697e-01 9.672545e-01 9.672705e-01 3.273215e-02 6.336489e-02 6.334294e-02 5.565175e-02 5.567550e-02 5.568491e-02
107 6.075182e-03 6.078595e-03 6.058764e-03 9.969716e-01 9.969699e-01 9.969797e-01 3.028840e-03 6.041829e-03 6.022615e-03 5.965999e-03 5.969309e-03 5.951297e-03
108 6.488100e-03 6.491000e-03 6.495927e-03 9.967680e-01 9.967666e-01 9.967640e-01 3.231999e-03 6.442962e-03 6.448152e-03 6.345707e-03 6.348506e-03 6.354195e-03
109 3.476738e-03 3.478730e-03 3.489470e-03 9.982667e-01 9.982657e-01 9.982603e-01 1.733347e-03 3.458644e-03 3.469299e-03 3.417232e-03 3.419173e-03 3.429649e-03
110 7.592228e-03 7.595495e-03 7.586088e-03 9.962212e-01 9.962196e-01 9.962242e-01 3.778739e-03 7.526353e-03 7.517371e-03 7.387447e-03 7.390578e-03 7.382407e-03
111 1.241120e-03 1.242003e-03 1.236001e-03 9.993805e-01 9.993801e-01 9.993830e-01 6.195420e-04 1.237790e-03 1.231867e-03 1.228565e-03 1.229434e-03 1.223667e-03
112 1.085440e-04 1.086382e-04 1.083578e-04 9.999457e-01 9.999457e-01 9.999458e-01 5.428686e-05 1.086186e-04 1.083384e-04 1.084853e-04 1.085794e-04 1.082997e-04
113 4.877480e-05 4.880046e-05 4.868555e-05 9.999756e-01 9.999756e-01 9.999757e-01 2.438704e-05 4.879697e-05 4.868211e-05 4.876434e-05 4.878999e-05 4.867525e-05
114 3.547550e-05 3.548829e-05 3.532098e-05 9.999823e-01 9.999823e-01 9.999823e-01 1.773583e-05 3.548683e-05 3.531956e-05 3.547114e-05 3.548393e-05 3.531670e-05
115 9.389061e-05 9.392295e-05 9.401451e-05 9.999531e-01 9.999530e-01 9.999530e-01 4.693835e-05 9.391282e-05 9.400436e-05 9.386024e-05 9.389256e-05 9.398408e-05
116 2.815825e-04 2.817202e-04 2.828516e-04 9.998592e-01 9.998592e-01 9.998586e-01 1.407601e-04 2.816133e-04 2.827438e-04 2.812623e-04 2.813998e-04 2.825284e-04
117 1.016992e-03 1.017516e-03 1.015129e-03 9.994919e-01 9.994916e-01 9.994928e-01 5.081412e-04 1.016088e-03 1.013734e-03 1.012722e-03 1.013242e-03 1.010954e-03
118 2.324337e-03 2.325498e-03 2.324713e-03 9.988397e-01 9.988391e-01 9.988395e-01 1.160314e-03 2.318094e-03 2.317404e-03 2.302257e-03 2.303401e-03 2.302898e-03
