0 3.868004e+01 3.870683e+01 3.868230e+01 2.677415e-01 2.676785e-01 2.652779e-01 7.322113e-01 7.823365e-01 7.848618e-01 4.391117e-02 4.390584e-02 4.693573e-02
1 1.707612e+02 1.708120e+02 1.714415e+02 1.880012e-04 1.873753e-04 5.710805e-06 9.998120e-01 9.999985e-01 1.000000e+00 1.546142e-06 1.536369e-06 3.293114e-10
2 2.187595e+02 2.186764e+02 2.189058e+02 1.636345e-03 1.629886e-03 1.401347e-03 9.983640e-01 9.999640e-01 9.999810e-01 3.621967e-05 3.595257e-05 1.900873e-05
3 1.416110e+02 1.419644e+02 1.403006e+02 2.117705e-02 2.112922e-02 2.217558e-02 9.788282e-01 9.955642e-01 9.959235e-01 4.126212e-03 4.111978e-03 3.908109e-03
4 4.929308e+01 4.932507e+01 4.912553e+01 6.873476e-02 6.862372e-02 6.796518e-02 9.312734e-01 9.818829e-01 9.827807e-01 1.587853e-02 1.584085e-02 1.545867e-02
5 1.182856e+01 1.183703e+01 1.180656e+01 1.976077e-01 1.974106e-01 1.957066e-01 8.024300e-01 9.181720e-01 9.205322e-01 6.096800e-02 6.089200e-02 6.053170e-02
6 2.421926e+00 2.423295e+00 2.432066e+00 5.559590e-01 5.557778e-01 5.553765e-01 4.440900e-01 5.920064e-01 5.923766e-01 1.453405e-01 1.453232e-01 1.450878e-01
7 6.916107e-01 6.920501e-01 6.858565e-01 7.930475e-01 7.929379e-01 7.928550e-01 2.069675e-01 3.159027e-01 3.161939e-01 1.338511e-01 1.338817e-01 1.341340e-01
8 2.353282e-01 2.354931e-01 2.376913e-01 9.129448e-01 9.128860e-01 9.124523e-01 8.706714e-02 1.451869e-01 1.456156e-01 8.165131e-02 8.168806e-02 8.154406e-02
9 9.425127e-02 9.431794e-02 9.452311e-02 9.577527e-01 9.577220e-01 9.577552e-01 4.225325e-02 7.743284e-02 7.726071e-02 5.741628e-02 5.745233e-02 5.725540e-02
10 9.033103e-02 9.038426e-02 8.965651e-02 9.586734e-01 9.586497e-01 9.588691e-01 4.132875e-02 7.656107e-02 7.628570e-02 5.805390e-02 5.808341e-02 5.811580e-02
11 2.107912e-01 2.108922e-01 2.121518e-01 9.120508e-01 9.120133e-01 9.116993e-01 8.794535e-02 1.534250e-01 1.538216e-01 9.713020e-02 9.715679e-02 9.723886e-02
12 2.367507e+00 2.368809e+00 2.377920e+00 5.719967e-01 5.718666e-01 5.724909e-01 4.280014e-01 5.669494e-01 5.659836e-01 1.365049e-01 1.364998e-01 1.364900e-01
13 1.566569e+01 1.567376e+01 1.562594e+01 1.377621e-01 1.376576e-01 1.344522e-01 8.622288e-01 9.475339e-01 9.519311e-01 3.888453e-02 3.884853e-02 3.813325e-02
14 3.255566e+01 3.257049e+01 3.256981e+01 3.599246e-02 3.594585e-02 3.192524e-02 9.640103e-01 9.934997e-01 9.957865e-01 5.996703e-03 5.985554e-03 4.098731e-03
15 2.716708e+01 2.718357e+01 2.707629e+01 1.870108e-01 1.868814e-01 1.858568e-01 8.130165e-01 8.927409e-01 8.931947e-01 5.713158e-02 5.709540e-02 5.671532e-02
16 2.426553e+01 2.427635e+01 2.439479e+01 6.775229e-02 6.770156e-02 6.295428e-02 9.322281e-01 9.806886e-01 9.854737e-01 1.575072e-02 1.573709e-02 1.325375e-02
17 2.461110e+01 2.462444e+01 2.456200e+01 5.235434e-02 5.228070e-02 5.193335e-02 9.476626e-01 9.891809e-01 9.897108e-01 9.965302e-03 9.944834e-03 9.618884e-03
18 8.159398e+00 8.163943e+00 8.153073e+00 3.182447e-01 3.180795e-01 3.174732e-01 6.817779e-01 8.130180e-01 8.140203e-01 9.992838e-02 9.988381e-02 1.001647e-01
19 3.004023e+00 3.005543e+00 2.948887e+00 6.017101e-01 6.015654e-01 6.017001e-01 3.982793e-01 5.382243e-01 5.382447e-01 1.473900e-01 1.474034e-01 1.477310e-01
20 8.776130e-01 8.786773e-01 8.593824e-01 7.962555e-01 7.961053e-01 7.962442e-01 2.037994e-01 3.038819e-01 3.035532e-01 1.306775e-01 1.307166e-01 1.304220e-01
21 2.429835e-01 2.431474e-01 2.413881e-01 9.119997e-01 9.119428e-01 9.116459e-01 8.800366e-02 1.494490e-01 1.497283e-01 9.309293e-02 9.313360e-02 9.305809e-02
22 9.607011e-02 9.613120e-02 9.585625e-02 9.547939e-01 9.547652e-01 9.547857e-01 4.521127e-02 8.573976e-02 8.578743e-02 7.042213e-02 7.046166e-02 7.058287e-02
23 2.548911e-02 2.550649e-02 2.546981e-02 9.875463e-01 9.875379e-01 9.875534e-01 1.245448e-02 2.437942e-02 2.435210e-02 2.237941e-02 2.239407e-02 2.237388e-02
24 4.869045e-03 4.872197e-03 4.850820e-03 9.977061e-01 9.977046e-01 9.976823e-01 2.293594e-03 4.357440e-03 4.442925e-03 3.633197e-03 3.635562e-03 3.790160e-03
25 3.417440e-03 3.420890e-03 3.442726e-03 9.983485e-01 9.983468e-01 9.983235e-01 1.651918e-03 3.203864e-03 3.269189e-03 2.851136e-03 2.854228e-03 2.966726e-03
26 6.265000e-04 6.268036e-04 6.238163e-04 9.996869e-01 9.996867e-01 9.996882e-01 3.131247e-04 6.263080e-04 6.233430e-04 6.250163e-04 6.253188e-04 6.223982e-04
27 2.633237e-03 2.634823e-03 2.622313e-03 9.986885e-01 9.986877e-01 9.986933e-01 1.311383e-03 2.614471e-03 2.604522e-03 2.573451e-03 2.575000e-03 2.569673e-03
28 2.664082e-02 2.665630e-02 2.648873e-02 9.870037e-01 9.869962e-01 9.870620e-01 1.299566e-02 2.540759e-02 2.530380e-02 2.324107e-02 2.325367e-02 2.322640e-02
29 2.137246e-01 2.138168e-01 2.148517e-01 9.062908e-01 9.062534e-01 9.060034e-01 9.370676e-02 1.679075e-01 1.682132e-01 1.125629e-01 1.125925e-01 1.126864e-01
30 2.961068e-01 2.962369e-01 2.970029e-01 8.717184e-01 8.716677e-01 8.715103e-01 1.282795e-01 2.264708e-01 2.265943e-01 1.406249e-01 1.406557e-01 1.405569e-01
31 2.218121e-01 2.219217e-01 2.224779e-01 9.009062e-01 9.008597e-01 9.006027e-01 9.909640e-02 1.795667e-01 1.800261e-01 1.238737e-01 1.239142e-01 1.242153e-01
32 5.844651e-01 5.847163e-01 5.833658e-01 7.768932e-01 7.768122e-01 7.763804e-01 2.231054e-01 3.660784e-01 3.668423e-01 1.793494e-01 1.793718e-01 1.795888e-01
33 1.449587e+00 1.450221e+00 1.449530e+00 5.875264e-01 5.873978e-01 5.874513e-01 4.124908e-01 5.914702e-01 5.916772e-01 1.744739e-01 1.744623e-01 1.750003e-01
34 6.820993e+00 6.824005e+00 6.822929e+00 2.677582e-01 2.676573e-01 2.672062e-01 7.322147e-01 8.647329e-01 8.664506e-01 8.457089e-02 8.453594e-02 8.557447e-02
35 2.067155e+01 2.068068e+01 2.073782e+01 9.431246e-02 9.422621e-02 9.101959e-02 9.056896e-01 9.710163e-01 9.739100e-01 2.402045e-02 2.399051e-02 2.249642e-02
36 1.955170e+01 1.956178e+01 1.952893e+01 8.461222e-02 8.453442e-02 8.361523e-02 9.153920e-01 9.747432e-01 9.761547e-01 2.123208e-02 2.120590e-02 2.068601e-02
37 1.996989e+01 1.998097e+01 1.994654e+01 1.357342e-01 1.356231e-01 1.346609e-01 8.642695e-01 9.413063e-01 9.432408e-01 3.999704e-02 3.996020e-02 4.085222e-02
38 2.502235e+01 2.503313e+01 2.497402e+01 5.678406e-02 5.672539e-02 5.232864e-02 9.432184e-01 9.864217e-01 9.895351e-01 1.201859e-02 1.200086e-02 9.802204e-03
39 5.833395e+00 5.838488e+00 5.842781e+00 3.414978e-01 3.413026e-01 3.392380e-01 6.585428e-01 7.991089e-01 8.021672e-01 1.031291e-01 1.030753e-01 1.042615e-01
40 3.418443e-01 3.420363e-01 3.411945e-01 8.630888e-01 8.630220e-01 8.631753e-01 1.369204e-01 2.308743e-01 2.307192e-01 1.260613e-01 1.260893e-01 1.260856e-01
41 9.055499e-02 9.063608e-02 9.108977e-02 9.576768e-01 9.576415e-01 9.574617e-01 4.233871e-02 7.965736e-02 7.994479e-02 6.323124e-02 6.326867e-02 6.335950e-02
42 3.289824e-02 3.291684e-02 3.284878e-02 9.840438e-01 9.840349e-01 9.840539e-01 1.595635e-02 3.101638e-02 3.100160e-02 2.772230e-02 2.773672e-02 2.778443e-02
43 7.960737e-03 7.964812e-03 8.000973e-03 9.960451e-01 9.960430e-01 9.960255e-01 3.954923e-03 7.863853e-03 7.897740e-03 7.664294e-03 7.668158e-03 7.697831e-03
44 2.831440e-03 2.833165e-03 2.828175e-03 9.985878e-01 9.985869e-01 9.985894e-01 1.412298e-03 2.819117e-03 2.814198e-03 2.789737e-03 2.791431e-03 2.786646e-03
45 1.754851e-03 1.755576e-03 1.748272e-03 9.991235e-01 9.991232e-01 9.991268e-01 8.764525e-04 1.751799e-03 1.744573e-03 1.743561e-03 1.744279e-03 1.737209e-03
46 1.518752e-03 1.519417e-03 1.517828e-03 9.992413e-01 9.992409e-01 9.992417e-01 7.587375e-04 1.516901e-03 1.515322e-03 1.511227e-03 1.511887e-03 1.510331e-03
47 4.180853e-03 4.182576e-03 4.181853e-03 9.979149e-01 9.979141e-01 9.979144e-01 2.085011e-03 4.161185e-03 4.160647e-03 4.117219e-03 4.118902e-03 4.118714e-03
48 1.365019e-02 1.365724e-02 1.364716e-02 9.932387e-01 9.932353e-01 9.932393e-01 6.761196e-03 1.340445e-02 1.339831e-02 1.291350e-02 1.291996e-02 1.292061e-02
49 8.074021e-02 8.078868e-02 7.993154e-02 9.621873e-01 9.621650e-01 9.623262e-01 3.781229e-02 7.158486e-02 7.150077e-02 5.891483e-02 5.894529e-02 5.915583e-02
50 7.278142e-01 7.281917e-01 7.300667e-01 7.676239e-01 7.675299e-01 7.676380e-01 2.323707e-01 3.639048e-01 3.641541e-01 1.606771e-01 1.606926e-01 1.612456e-01
51 2.096259e+00 2.097004e+00 2.122108e+00 5.452962e-01 5.451882e-01 5.451662e-01 4.546844e-01 6.208742e-01 6.207732e-01 1.607266e-01 1.607231e-01 1.607893e-01
52 1.780267e+00 1.780264e+00 1.775681e+00 5.972068e-01 5.970692e-01 5.963532e-01 4.028002e-01 5.602040e-01 5.616776e-01 1.623096e-01 1.623052e-01 1.631875e-01
53 2.949695e+00 2.951998e+00 2.935745e+00 4.577287e-01 4.575755e-01 4.560117e-01 5.422841e-01 7.107411e-01 7.135943e-01 1.419148e-01 1.418798e-01 1.433855e-01
54 2.369296e+00 2.370893e+00 2.372216e+00 5.304302e-01 5.302518e-01 5.304671e-01 4.696251e-01 6.311623e-01 6.309955e-01 1.519633e-01 1.519326e-01 1.521157e-01
55 6.067924e-01 6.071209e-01 6.035835e-01 7.893565e-01 7.892586e-01 7.897157e-01 2.106602e-01 3.314084e-01 3.310076e-01 1.458326e-01 1.458663e-01 1.459891e-01
56 5.934819e-02 5.937807e-02 5.943455e-02 9.715075e-01 9.714934e-01 9.714683e-01 2.849311e-02 5.486117e-02 5.490659e-02 4.729781e-02 4.731886e-02 4.735193e-02
57 1.125986e-02 1.126689e-02 1.121765e-02 9.944259e-01 9.944225e-01 9.944461e-01 5.574831e-03 1.104577e-02 1.100053e-02 1.061650e-02 1.062297e-02 1.058491e-02
58 5.327015e-03 5.329882e-03 5.299668e-03 9.973496e-01 9.973481e-01 9.973630e-01 2.650458e-03 5.277864e-03 5.248799e-03 5.173362e-03 5.176107e-03 5.149249e-03
59 2.291360e-03 2.292466e-03 2.290147e-03 9.988565e-01 9.988560e-01 9.988571e-01 1.143433e-03 2.283650e-03 2.281478e-03 2.265101e-03 2.266189e-03 2.264302e-03
60 6.823688e-04 6.828263e-04 6.775756e-04 9.996590e-01 9.996588e-01 9.996614e-01 3.409840e-04 6.818932e-04 6.766862e-04 6.795780e-04 6.800336e-04 6.749132e-04
61 2.420863e-04 2.422254e-04 2.416066e-04 9.998790e-01 9.998789e-01 9.998792e-01 1.210374e-04 2.421549e-04 2.415372e-04 2.418751e-04 2.420141e-04 2.413985e-04
62 4.008210e-04 4.009945e-04 4.014759e-04 9.997996e-01 9.997995e-01 9.997993e-01 2.003669e-04 4.008287e-04 4.013098e-04 4.003243e-04 4.004974e-04 4.009779e-04
63 1.573065e-03 1.573760e-03 1.593378e-03 9.992143e-01 9.992140e-01 9.992042e-01 7.855969e-04 1.570378e-03 1.589856e-03 1.562979e-03 1.563668e-03 1.582863e-03
64 6.067596e-03 6.070283e-03 6.046745e-03 9.969748e-01 9.969734e-01 9.969849e-01 3.025146e-03 6.036095e-03 6.013666e-03 5.965893e-03 5.968507e-03 5.948207e-03
65 2.729785e-02 2.731101e-02 2.728557e-02 9.865510e-01 9.865445e-01 9.865503e-01 1.344879e-02 2.652659e-02 2.652683e-02 2.506334e-02 2.507484e-02 2.511178e-02
66 1.086009e-01 1.086470e-01 1.090065e-01 9.490273e-01 9.490066e-01 9.488281e-01 5.097059e-02 9.621160e-02 9.656174e-02 7.714341e-02 7.716852e-02 7.748394e-02
67 1.569522e-01 1.570183e-01 1.566615e-01 9.268518e-01 9.268222e-01 9.269199e-01 7.315106e-02 1.370932e-01 1.369994e-01 1.064553e-01 1.064905e-01 1.066049e-01
68 3.408240e-01 3.409465e-01 3.401241e-01 8.551147e-01 8.550697e-01 8.551900e-01 1.448740e-01 2.530728e-01 2.531160e-01 1.531595e-01 1.531819e-01 1.536327e-01
69 9.206892e-01 9.211506e-01 9.235469e-01 6.967617e-01 6.966435e-01 6.962448e-01 3.032486e-01 4.662720e-01 4.668632e-01 1.807925e-01 1.808006e-01 1.812729e-01
70 1.428505e+00 1.429132e+00 1.441220e+00 6.167723e-01 6.166616e-01 6.156772e-01 3.832231e-01 5.551353e-01 5.566362e-01 1.769850e-01 1.769786e-01 1.776483e-01
71 1.874451e+00 1.875348e+00 1.876936e+00 5.502469e-01 5.501033e-01 5.494575e-01 4.497766e-01 6.177196e-01 6.188912e-01 1.584151e-01 1.584006e-01 1.592508e-01
72 1.739852e+00 1.740531e+00 1.740207e+00 5.493333e-01 5.492257e-01 5.483448e-01 4.506496e-01 6.377676e-01 6.394453e-01 1.750578e-01 1.750391e-01 1.762330e-01
73 1.552192e+00 1.553027e+00 1.551474e+00 5.991419e-01 5.989981e-01 5.987994e-01 4.008776e-01 5.610494e-01 5.616150e-01 1.564701e-01 1.564568e-01 1.571886e-01
74 8.902534e-02 8.915304e-02 8.689341e-02 9.603572e-01 9.603072e-01 9.608675e-01 3.966880e-02 7.314280e-02 7.236769e-02 5.661649e-02 5.665517e-02 5.650857e-02
75 1.512672e-02 1.513395e-02 1.513265e-02 9.925013e-01 9.924977e-01 9.924974e-01 7.498808e-03 1.487751e-02 1.488008e-02 1.437698e-02 1.438369e-02 1.439279e-02
76 9.301225e-03 9.305659e-03 9.300279e-03 9.953753e-01 9.953731e-01 9.953756e-01 4.624722e-03 9.202511e-03 9.197777e-03 8.997065e-03 9.001291e-03 8.997758e-03
77 1.712825e-03 1.713730e-03 1.711753e-03 9.991445e-01 9.991441e-01 9.991451e-01 8.554948e-04 1.709950e-03 1.707980e-03 1.701532e-03 1.702429e-03 1.700471e-03
78 3.884515e-04 3.886586e-04 3.876790e-04 9.998058e-01 9.998057e-01 9.998062e-01 1.941821e-04 3.884461e-04 3.874731e-04 3.878150e-04 3.880216e-04 3.870619e-04
79 4.250143e-04 4.252046e-04 4.244221e-04 9.997875e-01 9.997874e-01 9.997878e-01 2.124583e-04 4.250050e-04 4.242255e-04 4.244163e-04 4.246062e-04 4.238327e-04
80 1.261430e-03 1.261940e-03 1.259261e-03 9.993698e-01 9.993695e-01 9.993708e-01 6.302076e-04 1.260078e-03 1.257420e-03 1.255859e-03 1.256366e-03 1.253751e-03
81 2.921178e-03 2.922403e-03 2.921088e-03 9.985419e-01 9.985413e-01 9.985419e-01 1.458075e-03 2.912436e-03 2.911242e-03 2.891453e-03 2.892658e-03 2.891701e-03
82 3.957458e-03 3.958894e-03 3.959319e-03 9.980255e-01 9.980248e-01 9.980246e-01 1.974448e-03 3.942042e-03 3.942506e-03 3.907257e-03 3.908662e-03 3.909203e-03
83 6.800228e-03 6.803316e-03 6.770684e-03 9.966129e-01 9.966113e-01 9.966273e-01 3.387189e-03 6.751634e-03 6.720562e-03 6.647521e-03 6.650505e-03 6.622416e-03
84 2.491084e-02 2.491632e-02 2.495669e-02 9.877129e-01 9.877102e-01 9.876906e-01 1.228467e-02 2.425327e-02 2.429133e-02 2.300092e-02 2.300597e-02 2.303974e-02
85 7.855407e-02 7.859470e-02 7.887908e-02 9.628699e-01 9.628511e-01 9.627309e-01 3.713252e-02 7.055678e-02 7.076473e-02 5.813156e-02 5.815816e-02 5.828265e-02
86 1.005615e-01 1.006041e-01 1.002812e-01 9.535391e-01 9.535203e-01 9.536210e-01 4.645993e-02 8.659747e-02 8.648252e-02 6.664666e-02 6.666818e-02 6.676428e-02
87 1.352568e-01 1.353272e-01 1.355461e-01 9.394543e-01 9.394249e-01 9.393136e-01 6.054754e-02 1.099598e-01 1.101836e-01 7.702506e-02 7.705371e-02 7.727729e-02
88 1.621326e-01 1.621946e-01 1.620718e-01 9.267735e-01 9.267475e-01 9.268033e-01 7.322353e-02 1.337909e-01 1.336882e-01 9.520564e-02 9.522832e-02 9.516051e-02
89 5.354085e-02 5.357414e-02 5.350295e-02 9.741394e-01 9.741236e-01 9.741540e-01 2.586453e-02 5.006657e-02 5.001442e-02 4.399842e-02 4.402292e-02 4.399711e-02
90 5.189556e-03 5.192613e-03 5.187119e-03 9.974120e-01 9.974105e-01 9.974132e-01 2.588315e-03 5.165551e-03 5.160120e-03 5.109101e-03 5.112079e-03 5.106771e-03
91 1.281550e-03 1.282200e-03 1.284637e-03 9.993598e-01 9.993594e-01 9.993582e-01 6.402460e-04 1.280025e-03 1.282449e-03 1.275048e-03 1.275692e-03 1.278091e-03
92 7.519805e-04 7.523937e-04 7.507705e-04 9.996243e-01 9.996241e-01 9.996249e-01 3.757185e-04 7.512916e-04 7.496787e-04 7.486855e-04 7.490962e-04 7.475036e-04
93 2.278391e-04 2.279611e-04 2.264278e-04 9.998861e-01 9.998860e-01 9.998868e-01 1.138990e-04 2.278776e-04 2.263462e-04 2.275892e-04 2.277110e-04 2.261832e-04
94 6.883471e-05 6.886716e-05 6.910872e-05 9.999656e-01 9.999656e-01 9.999654e-01 3.441741e-05 6.886237e-05 6.910383e-05 6.882036e-05 6.885280e-05 6.909406e-05
95 3.881065e-05 3.883181e-05 3.887622e-05 9.999806e-01 9.999806e-01 9.999806e-01 1.940478e-05 3.882955e-05 3.887400e-05 3.880386e-05 3.882502e-05 3.886955e-05
96 1.019171e-04 1.019593e-04 1.018438e-04 9.999490e-01 9.999490e-01 9.999491e-01 5.095519e-05 1.019459e-04 1.018304e-04 1.018768e-04 1.019190e-04 1.018036e-04
97 1.341106e-04 1.341627e-04 1.343809e-04 9.999329e-01 9.999329e-01 9.999328e-01 6.704824e-05 1.341466e-04 1.343647e-04 1.340623e-04 1.341144e-04 1.343324e-04
98 3.868781e-04 3.870373e-04 3.869371e-04 9.998066e-01 9.998065e-01 9.998066e-01 1.934017e-04 3.868998e-04 3.868010e-04 3.864663e-04 3.866252e-04 3.865290e-04
99 1.342170e-03 1.342698e-03 1.341967e-03 9.993294e-01 9.993291e-01 9.993295e-01 6.705679e-04 1.340730e-03 1.340016e-03 1.336284e-03 1.336809e-03 1.336128e-03
100 4.867891e-03 4.869512e-03 4.867057e-03 9.975720e-01 9.975712e-01 9.975723e-01 2.427745e-03 4.845711e-03 4.843648e-03 4.797048e-03 4.798628e-03 4.797324e-03
101 1.106901e-02 1.107377e-02 1.106364e-02 9.944956e-01 9.944932e-01 9.944980e-01 5.504516e-03 1.095403e-02 1.094489e-02 1.071549e-02 1.072001e-02 1.071269e-02
102 2.101645e-02 2.102429e-02 2.093194e-02 9.896392e-01 9.896354e-01 9.896784e-01 1.035961e-02 2.044478e-02 2.036447e-02 1.935959e-02 1.936635e-02 1.930645e-02
103 5.330481e-02 5.332961e-02 5.347826e-02 9.742020e-01 9.741901e-01 9.741233e-01 2.579906e-02 5.004656e-02 5.016850e-02 4.442548e-02 4.444445e-02 4.453346e-02
104 6.111013e-02 6.112977e-02 6.114279e-02 9.706115e-01 9.706023e-01 9.706049e-01 2.938595e-02 5.665611e-02 5.663725e-02 4.908048e-02 4.909372e-02 4.903964e-02
105 5.375376e-02 5.377661e-02 5.387109e-02 9.741199e-01 9.741091e-01 9.740664e-01 2.587974e-02 4.995147e-02 5.002909e-02 4.345607e-02 4.347218e-02 4.352432e-02
106 8.511035e-02 8.515484e-02 8.505907e-02 9.593543e-01 9.593336e-01 9.593736e-01 4.064886e-02 7.785940e-02 7.779339e-02 6.568863e-02 6.571803e-02 6.569825e-02
107 6.739186e-03 6.742890e-03 6.735070e-03 9.966420e-01 9.966402e-01 9.966441e-01 3.358385e-03 6.696476e-03 6.688818e-03 6.601607e-03 6.605188e-03 6.597855e-03
108 8.864703e-03 8.868477e-03 8.874439e-03 9.955899e-01 9.955880e-01 9.955850e-01 4.410073e-03 8.779870e-03 8.786158e-03 8.602943e-03 8.606533e-03 8.613428e-03
109 5.157660e-03 5.160570e-03 5.183857e-03 9.974324e-01 9.974310e-01 9.974195e-01 2.567610e-03 5.115793e-03 5.138444e-03 5.025626e-03 5.028421e-03 5.049822e-03
110 1.007434e-02 1.007852e-02 1.007437e-02 9.949929e-01 9.949909e-01 9.949929e-01 5.007061e-03 9.958768e-03 9.954816e-03 9.720967e-03 9.724907e-03 9.721329e-03
111 1.149754e-03 1.150540e-03 1.157826e-03 9.994260e-01 9.994256e-01 9.994220e-01 5.740132e-04 1.146935e-03 1.154141e-03 1.139012e-03 1.139786e-03 1.146832e-03
112 1.278556e-04 1.279612e-04 1.274679e-04 9.999361e-01 9.999360e-01 9.999363e-01 6.394338e-05 1.279357e-04 1.274427e-04 1.277793e-04 1.278848e-04 1.273922e-04
113 4.578995e-05 4.581448e-05 4.580031e-05 9.999771e-01 9.999771e-01 9.999771e-01 2.289489e-05 4.581150e-05 4.579731e-05 4.578101e-05 4.580553e-05 4.579132e-05
114 3.171491e-05 3.172557e-05 3.172285e-05 9.999841e-01 9.999841e-01 9.999841e-01 1.585541e-05 3.172437e-05 3.172167e-05 3.171133e-05 3.172199e-05 3.171930e-05
115 1.031729e-04 1.032090e-04 1.032118e-04 9.999484e-01 9.999484e-01 9.999484e-01 5.157832e-05 1.031968e-04 1.031996e-04 1.031363e-04 1.031724e-04 1.031752e-04
116 2.337767e-04 2.338828e-04 2.335629e-04 9.998831e-01 9.998831e-01 9.998832e-01 1.168722e-04 2.338249e-04 2.335060e-04 2.336032e-04 2.337092e-04 2.333920e-04
117 8.627210e-04 8.631535e-04 8.630708e-04 9.995689e-01 9.995687e-01 9.995687e-01 4.311015e-04 8.621178e-04 8.620447e-04 8.596228e-04 8.600529e-04 8.599988e-04
118 2.647451e-03 2.648782e-03 2.646021e-03 9.986788e-01 9.986781e-01 9.986795e-01 1.321228e-03 2.638829e-03 2.636065e-03 2.617802e-03 2.619110e-03 2.616341e-03
