0 3.704530e+01 3.707126e+01 3.703929e+01 2.721236e-01 2.720589e-01 2.697986e-01 7.278293e-01 7.785282e-01 7.807918e-01 4.428505e-02 4.427993e-02 4.695763e-02
1 1.656125e+02 1.656629e+02 1.664341e+02 2.287696e-04 2.280245e-04 7.772822e-06 9.997712e-01 9.999978e-01 1.000000e+00 2.253520e-06 2.239724e-06 6.090571e-10
2 2.140503e+02 2.139673e+02 2.142186e+02 1.771642e-03 1.764868e-03 1.566477e-03 9.982287e-01 9.999579e-01 9.999761e-01 4.233818e-05 4.203585e-05 2.386172e-05
3 1.407633e+02 1.411114e+02 1.394603e+02 2.132322e-02 2.127527e-02 2.209927e-02 9.786819e-01 9.954831e-01 9.959604e-01 4.191690e-03 4.177337e-03 3.874350e-03
4 5.033038e+01 5.036319e+01 5.005018e+01 6.615182e-02 6.604210e-02 6.527862e-02 9.338563e-01 9.829046e-01 9.839117e-01 1.505592e-02 1.501902e-02 1.454262e-02
5 1.234768e+01 1.235666e+01 1.233706e+01 1.897754e-01 1.895804e-01 1.879206e-01 8.102610e-01 9.232460e-01 9.255077e-01 5.787680e-02 5.780156e-02 5.742664e-02
6 2.522621e+00 2.524029e+00 2.533980e+00 5.462644e-01 5.460819e-01 5.462740e-01 4.537854e-01 6.027158e-01 6.023439e-01 1.450004e-01 1.449807e-01 1.446991e-01
7 7.208002e-01 7.212555e-01 7.158555e-01 7.871815e-01 7.870706e-01 7.869709e-01 2.128335e-01 3.235555e-01 3.239101e-01 1.354836e-01 1.355137e-01 1.357945e-01
8 2.500868e-01 2.502615e-01 2.516786e-01 9.086656e-01 9.086040e-01 9.083938e-01 9.134716e-02 1.515325e-01 1.517229e-01 8.380417e-02 8.384095e-02 8.375373e-02
9 1.013044e-01 1.013763e-01 1.017913e-01 9.550148e-01 9.549819e-01 9.549535e-01 4.499166e-02 8.199359e-02 8.191932e-02 5.987697e-02 5.991421e-02 5.979854e-02
10 9.458567e-02 9.464155e-02 9.380086e-02 9.568616e-01 9.568367e-01 9.570945e-01 4.314084e-02 7.972623e-02 7.939153e-02 5.997522e-02 6.000558e-02 6.000682e-02
11 2.204243e-01 2.205295e-01 2.224073e-01 9.082767e-01 9.082380e-01 9.077124e-01 9.171936e-02 1.596634e-01 1.603606e-01 1.001874e-01 1.002141e-01 1.003219e-01
12 2.456477e+00 2.457823e+00 2.459248e+00 5.636547e-01 5.635222e-01 5.642508e-01 4.363441e-01 5.760881e-01 5.752574e-01 1.365422e-01 1.365359e-01 1.368844e-01
13 1.567438e+01 1.568242e+01 1.562770e+01 1.355262e-01 1.354226e-01 1.321629e-01 8.644650e-01 9.488352e-01 9.532499e-01 3.807080e-02 3.803513e-02 3.728745e-02
14 3.206287e+01 3.207741e+01 3.208572e+01 3.638708e-02 3.633981e-02 3.268962e-02 9.636158e-01 9.934352e-01 9.955546e-01 6.064964e-03 6.053494e-03 4.317239e-03
15 2.650144e+01 2.651758e+01 2.641805e+01 1.898134e-01 1.896832e-01 1.885012e-01 8.102147e-01 8.909204e-01 8.916990e-01 5.804196e-02 5.800509e-02 5.781715e-02
16 2.351498e+01 2.352548e+01 2.364932e+01 7.111388e-02 7.106141e-02 6.617347e-02 9.288661e-01 9.790916e-01 9.841487e-01 1.683919e-02 1.682488e-02 1.435197e-02
17 2.415541e+01 2.416857e+01 2.411245e+01 5.361398e-02 5.353929e-02 5.329902e-02 9.464028e-01 9.888801e-01 9.893921e-01 1.024258e-02 1.022165e-02 9.913803e-03
18 8.128717e+00 8.133218e+00 8.101841e+00 3.175916e-01 3.174265e-01 3.169211e-01 6.824317e-01 8.138565e-01 8.148748e-01 9.983403e-02 9.978906e-02 1.001401e-01
19 2.987716e+00 2.989251e+00 2.929066e+00 5.996041e-01 5.994584e-01 5.994625e-01 4.003858e-01 5.411159e-01 5.412157e-01 1.477033e-01 1.477159e-01 1.478341e-01
20 8.862592e-01 8.873134e-01 8.670766e-01 7.942945e-01 7.941441e-01 7.942457e-01 2.057605e-01 3.069181e-01 3.067436e-01 1.319577e-01 1.319967e-01 1.319028e-01
21 2.499137e-01 2.500833e-01 2.485478e-01 9.098599e-01 9.098016e-01 9.094900e-01 9.014361e-02 1.528834e-01 1.532005e-01 9.481151e-02 9.485224e-02 9.483544e-02
22 1.007931e-01 1.008567e-01 1.006028e-01 9.526937e-01 9.526639e-01 9.526747e-01 4.731171e-02 8.954067e-02 8.959930e-02 7.302899e-02 7.306949e-02 7.317959e-02
23 2.742258e-02 2.744139e-02 2.739946e-02 9.866208e-01 9.866117e-01 9.866291e-01 1.338000e-02 2.615669e-02 2.612664e-02 2.389347e-02 2.390910e-02 2.388833e-02
24 5.377177e-03 5.380682e-03 5.346135e-03 9.974876e-01 9.974860e-01 9.974616e-01 2.512042e-03 4.742305e-03 4.839648e-03 3.880694e-03 3.883206e-03 4.050369e-03
25 3.744214e-03 3.748066e-03 3.767335e-03 9.981980e-01 9.981961e-01 9.981710e-01 1.802553e-03 3.484014e-03 3.556791e-03 3.064922e-03 3.068299e-03 3.195053e-03
26 6.689032e-04 6.692279e-04 6.670654e-04 9.996657e-01 9.996655e-01 9.996666e-01 3.343085e-04 6.686654e-04 6.665233e-04 6.672193e-04 6.675428e-04 6.654414e-04
27 2.812707e-03 2.814407e-03 2.803837e-03 9.985995e-01 9.985986e-01 9.986032e-01 1.400394e-03 2.791226e-03 2.783541e-03 2.744714e-03 2.746371e-03 2.743850e-03
28 2.784304e-02 2.785904e-02 2.770818e-02 9.864248e-01 9.864171e-01 9.864735e-01 1.357450e-02 2.652552e-02 2.644179e-02 2.421818e-02 2.423111e-02 2.422583e-02
29 2.140793e-01 2.141707e-01 2.150142e-01 9.060486e-01 9.060114e-01 9.058448e-01 9.394917e-02 1.684456e-01 1.686092e-01 1.131516e-01 1.131813e-01 1.132048e-01
30 2.924642e-01 2.925913e-01 2.933850e-01 8.729946e-01 8.729449e-01 8.727821e-01 1.270033e-01 2.246260e-01 2.247492e-01 1.404174e-01 1.404483e-01 1.403323e-01
31 2.244299e-01 2.245412e-01 2.251246e-01 8.998893e-01 8.998420e-01 8.995861e-01 1.001135e-01 1.812459e-01 1.816791e-01 1.247290e-01 1.247700e-01 1.249989e-01
32 5.908324e-01 5.910872e-01 5.902044e-01 7.752318e-01 7.751497e-01 7.746722e-01 2.247669e-01 3.683204e-01 3.690740e-01 1.798517e-01 1.798742e-01 1.799972e-01
33 1.484602e+00 1.485253e+00 1.486553e+00 5.816228e-01 5.814919e-01 5.811517e-01 4.183948e-01 5.978109e-01 5.984222e-01 1.736393e-01 1.736266e-01 1.740928e-01
34 6.915273e+00 6.918347e+00 6.918349e+00 2.652723e-01 2.651718e-01 2.644841e-01 7.347009e-01 8.665509e-01 8.685262e-01 8.384969e-02 8.381464e-02 8.478836e-02
35 2.039278e+01 2.040183e+01 2.043952e+01 9.595719e-02 9.587049e-02 9.296560e-02 9.040450e-01 9.703401e-01 9.730331e-01 2.453694e-02 2.450682e-02 2.316936e-02
36 1.914308e+01 1.915298e+01 1.909891e+01 8.678719e-02 8.670859e-02 8.621981e-02 9.132173e-01 9.736463e-01 9.747878e-01 2.199674e-02 2.197031e-02 2.168428e-02
37 1.936091e+01 1.937161e+01 1.932338e+01 1.396797e-01 1.395673e-01 1.386236e-01 8.603242e-01 9.392031e-01 9.412909e-01 4.126602e-02 4.122878e-02 4.214836e-02
38 2.444276e+01 2.445335e+01 2.437780e+01 5.857977e-02 5.851913e-02 5.413277e-02 9.414229e-01 9.858783e-01 9.890242e-01 1.248272e-02 1.246421e-02 1.026199e-02
39 5.880032e+00 5.885164e+00 5.895105e+00 3.386924e-01 3.384975e-01 3.366411e-01 6.613479e-01 8.015675e-01 8.044420e-01 1.023729e-01 1.023188e-01 1.036130e-01
40 3.508181e-01 3.510198e-01 3.509323e-01 8.601148e-01 8.600451e-01 8.601006e-01 1.398953e-01 2.353054e-01 2.352243e-01 1.273920e-01 1.274196e-01 1.274198e-01
41 9.102043e-02 9.110174e-02 9.144116e-02 9.574652e-01 9.574298e-01 9.572887e-01 4.255025e-02 8.004724e-02 8.028296e-02 6.352041e-02 6.355805e-02 6.365811e-02
42 3.372073e-02 3.373962e-02 3.363868e-02 9.836532e-01 9.836441e-01 9.836790e-01 1.634700e-02 3.176099e-02 3.171530e-02 2.833973e-02 2.835438e-02 2.837460e-02
43 8.340461e-03 8.344681e-03 8.384152e-03 9.958572e-01 9.958551e-01 9.958360e-01 4.142736e-03 8.235640e-03 8.272883e-03 8.020433e-03 8.024427e-03 8.057530e-03
44 2.932154e-03 2.933961e-03 2.933592e-03 9.985377e-01 9.985368e-01 9.985370e-01 1.462412e-03 2.918890e-03 2.918538e-03 2.887435e-03 2.889208e-03 2.888884e-03
45 1.769912e-03 1.770631e-03 1.761320e-03 9.991160e-01 9.991156e-01 9.991203e-01 8.839719e-04 1.766829e-03 1.757611e-03 1.758551e-03 1.759263e-03 1.750228e-03
46 1.569579e-03 1.570277e-03 1.564738e-03 9.992159e-01 9.992155e-01 9.992183e-01 7.841087e-04 1.567576e-03 1.562071e-03 1.561501e-03 1.562194e-03 1.556759e-03
47 4.314474e-03 4.316261e-03 4.309833e-03 9.978485e-01 9.978476e-01 9.978507e-01 2.151473e-03 4.293474e-03 4.287346e-03 4.246706e-03 4.248449e-03 4.242896e-03
48 1.411859e-02 1.412590e-02 1.409756e-02 9.930089e-01 9.930053e-01 9.930178e-01 6.991076e-03 1.385610e-02 1.383388e-02 1.333317e-02 1.333986e-02 1.332818e-02
49 8.428344e-02 8.433430e-02 8.343680e-02 9.606407e-01 9.606174e-01 9.607915e-01 3.935894e-02 7.435998e-02 7.424640e-02 6.080230e-02 6.083354e-02 6.099768e-02
50 7.387302e-01 7.391094e-01 7.402903e-01 7.645932e-01 7.644976e-01 7.645684e-01 2.354019e-01 3.681796e-01 3.685092e-01 1.617449e-01 1.617600e-01 1.622891e-01
51 2.062412e+00 2.063165e+00 2.085242e+00 5.490461e-01 5.489381e-01 5.489241e-01 4.509347e-01 6.168698e-01 6.168600e-01 1.610377e-01 1.610351e-01 1.610531e-01
52 1.728061e+00 1.728058e+00 1.723718e+00 6.028943e-01 6.027572e-01 6.022091e-01 3.971126e-01 5.543720e-01 5.555439e-01 1.630488e-01 1.630456e-01 1.638326e-01
53 2.882464e+00 2.884728e+00 2.866977e+00 4.625511e-01 4.623967e-01 4.611109e-01 5.374621e-01 7.067202e-01 7.093518e-01 1.432701e-01 1.432352e-01 1.448969e-01
54 2.330017e+00 2.331577e+00 2.330492e+00 5.342296e-01 5.340508e-01 5.341892e-01 4.658260e-01 6.273232e-01 6.271903e-01 1.526183e-01 1.525880e-01 1.526786e-01
55 6.140369e-01 6.143699e-01 6.111144e-01 7.872323e-01 7.871332e-01 7.874459e-01 2.127847e-01 3.343916e-01 3.341742e-01 1.465127e-01 1.465459e-01 1.466205e-01
56 6.156365e-02 6.159497e-02 6.171166e-02 9.704939e-01 9.704792e-01 9.704264e-01 2.950675e-02 5.672855e-02 5.682547e-02 4.864628e-02 4.866806e-02 4.874138e-02
57 1.136542e-02 1.137253e-02 1.130126e-02 9.943736e-01 9.943701e-01 9.944043e-01 5.627129e-03 1.114950e-02 1.108377e-02 1.071656e-02 1.072311e-02 1.066736e-02
58 5.396972e-03 5.399871e-03 5.378178e-03 9.973148e-01 9.973134e-01 9.973241e-01 2.685170e-03 5.346797e-03 5.325880e-03 5.240219e-03 5.242993e-03 5.223569e-03
59 2.357927e-03 2.359059e-03 2.354965e-03 9.988234e-01 9.988228e-01 9.988248e-01 1.176579e-03 2.349711e-03 2.345785e-03 2.330086e-03 2.331200e-03 2.327602e-03
60 7.137325e-04 7.142146e-04 7.074894e-04 9.996434e-01 9.996431e-01 9.996465e-01 3.566457e-04 7.131900e-04 7.065196e-04 7.106687e-04 7.111486e-04 7.045869e-04
61 2.553401e-04 2.554879e-04 2.545659e-04 9.998723e-01 9.998723e-01 9.998727e-01 1.276630e-04 2.554088e-04 2.544885e-04 2.551032e-04 2.552508e-04 2.543337e-04
62 4.207110e-04 4.208964e-04 4.208028e-04 9.997897e-01 9.997896e-01 9.997896e-01 2.103075e-04 4.207133e-04 4.206203e-04 4.201623e-04 4.203474e-04 4.202558e-04
63 1.655872e-03 1.656608e-03 1.677938e-03 9.991730e-01 9.991726e-01 9.991620e-01 8.268939e-04 1.652816e-03 1.673984e-03 1.644569e-03 1.645298e-03 1.666142e-03
64 6.322632e-03 6.325480e-03 6.292534e-03 9.968480e-01 9.968466e-01 9.968627e-01 3.151937e-03 6.288400e-03 6.256778e-03 6.212368e-03 6.215135e-03 6.186054e-03
65 2.800704e-02 2.802051e-02 2.798502e-02 9.862060e-01 9.861994e-01 9.862094e-01 1.379375e-02 2.719865e-02 2.719164e-02 2.566792e-02 2.567967e-02 2.571356e-02
66 1.086956e-01 1.087417e-01 1.091599e-01 9.489548e-01 9.489341e-01 9.487310e-01 5.104308e-02 9.639158e-02 9.678398e-02 7.740345e-02 7.742873e-02 7.776617e-02
67 1.563488e-01 1.564143e-01 1.560680e-01 9.270664e-01 9.270370e-01 9.271372e-01 7.293645e-02 1.367924e-01 1.366836e-01 1.064900e-01 1.065251e-01 1.066028e-01
68 3.424741e-01 3.425974e-01 3.423329e-01 8.544585e-01 8.544132e-01 8.544251e-01 1.455303e-01 2.541635e-01 2.542696e-01 1.536733e-01 1.536959e-01 1.540091e-01
69 9.182472e-01 9.187103e-01 9.209833e-01 6.976364e-01 6.975181e-01 6.970443e-01 3.023739e-01 4.650914e-01 4.658018e-01 1.808176e-01 1.808262e-01 1.813042e-01
70 1.402221e+00 1.402832e+00 1.413797e+00 6.206800e-01 6.205696e-01 6.197060e-01 3.793160e-01 5.510547e-01 5.523602e-01 1.777036e-01 1.776982e-01 1.782800e-01
71 1.828530e+00 1.829406e+00 1.830781e+00 5.560977e-01 5.559551e-01 5.552591e-01 4.439257e-01 6.118724e-01 6.130322e-01 1.594179e-01 1.594049e-01 1.602236e-01
72 1.689890e+00 1.690555e+00 1.690253e+00 5.565174e-01 5.564105e-01 5.555600e-01 4.434659e-01 6.304512e-01 6.321127e-01 1.767336e-01 1.767155e-01 1.779230e-01
73 1.538666e+00 1.539489e+00 1.539675e+00 6.004710e-01 6.003288e-01 5.999936e-01 3.995477e-01 5.599630e-01 5.605935e-01 1.570784e-01 1.570657e-01 1.577440e-01
74 9.263962e-02 9.277223e-02 9.099109e-02 9.592756e-01 9.592242e-01 9.595945e-01 4.075086e-02 7.478056e-02 7.422741e-02 5.732901e-02 5.736827e-02 5.719190e-02
75 1.497494e-02 1.498209e-02 1.496138e-02 9.925762e-01 9.925727e-01 9.925816e-01 7.423946e-03 1.472971e-02 1.471426e-02 1.423713e-02 1.424376e-02 1.423732e-02
76 9.348934e-03 9.353386e-03 9.341170e-03 9.953516e-01 9.953493e-01 9.953552e-01 4.648487e-03 9.249882e-03 9.238584e-03 9.043692e-03 9.047940e-03 9.038368e-03
77 1.766284e-03 1.767218e-03 1.762051e-03 9.991179e-01 9.991174e-01 9.991200e-01 8.821709e-04 1.763220e-03 1.758092e-03 1.754343e-03 1.755268e-03 1.750215e-03
78 4.004953e-04 4.007108e-04 3.993844e-04 9.997998e-01 9.997997e-01 9.998004e-01 2.002008e-04 4.004859e-04 3.991684e-04 3.998218e-04 4.000368e-04 3.987371e-04
79 4.385868e-04 4.387790e-04 4.381941e-04 9.997808e-01 9.997807e-01 9.997810e-01 2.192418e-04 4.385688e-04 4.379869e-04 4.379572e-04 4.381490e-04 4.375728e-04
80 1.269702e-03 1.270220e-03 1.266904e-03 9.993656e-01 9.993654e-01 9.993670e-01 6.343412e-04 1.268345e-03 1.265062e-03 1.264093e-03 1.264607e-03 1.261392e-03
81 2.897145e-03 2.898353e-03 2.899657e-03 9.985539e-01 9.985533e-01 9.985526e-01 1.446110e-03 2.888589e-03 2.889970e-03 2.868024e-03 2.869213e-03 2.870744e-03
82 3.911514e-03 3.912918e-03 3.910974e-03 9.980483e-01 9.980476e-01 9.980486e-01 1.951606e-03 3.896597e-03 3.894721e-03 3.862887e-03 3.864263e-03 3.862520e-03
83 6.861818e-03 6.864947e-03 6.841881e-03 9.965823e-01 9.965807e-01 9.965919e-01 3.417783e-03 6.812465e-03 6.790918e-03 6.706758e-03 6.709783e-03 6.691109e-03
84 2.537435e-02 2.537994e-02 2.542230e-02 9.874875e-01 9.874848e-01 9.874640e-01 1.251003e-02 2.469192e-02 2.473269e-02 2.339397e-02 2.339912e-02 2.343678e-02
85 7.813337e-02 7.817324e-02 7.846490e-02 9.630530e-01 9.630346e-01 9.629150e-01 3.694937e-02 7.023308e-02 7.043407e-02 5.793523e-02 5.796146e-02 5.806678e-02
86 9.816516e-02 9.820610e-02 9.793933e-02 9.545680e-01 9.545498e-01 9.546297e-01 4.543104e-02 8.479988e-02 8.471729e-02 6.559182e-02 6.561314e-02 6.572227e-02
87 1.325006e-01 1.325696e-01 1.327796e-01 9.405412e-01 9.405122e-01 9.403996e-01 5.946059e-02 1.081907e-01 1.084190e-01 7.626753e-02 7.629623e-02 7.651253e-02
88 1.583496e-01 1.584101e-01 1.584114e-01 9.283449e-01 9.283195e-01 9.283296e-01 7.165202e-02 1.311254e-01 1.310909e-01 9.384677e-02 9.386947e-02 9.381299e-02
89 5.373803e-02 5.377163e-02 5.371267e-02 9.740442e-01 9.740283e-01 9.740520e-01 2.595976e-02 5.025082e-02 5.021311e-02 4.415898e-02 4.418371e-02 4.417506e-02
90 5.264071e-03 5.267188e-03 5.256329e-03 9.973750e-01 9.973735e-01 9.973789e-01 2.625308e-03 5.239078e-03 5.228356e-03 5.180523e-03 5.183560e-03 5.173107e-03
91 1.270470e-03 1.271106e-03 1.274041e-03 9.993653e-01 9.993650e-01 9.993635e-01 6.347198e-04 1.268987e-03 1.271905e-03 1.264135e-03 1.264766e-03 1.267651e-03
92 7.523627e-04 7.527765e-04 7.506447e-04 9.996241e-01 9.996239e-01 9.996249e-01 3.759124e-04 7.516854e-04 7.495654e-04 7.491008e-04 7.495120e-04 7.474154e-04
93 2.332916e-04 2.334156e-04 2.322981e-04 9.998834e-01 9.998833e-01 9.998839e-01 1.166244e-04 2.333288e-04 2.322123e-04 2.330315e-04 2.331553e-04 2.320408e-04
94 7.129584e-05 7.133004e-05 7.148271e-05 9.999644e-01 9.999643e-01 9.999643e-01 3.564797e-05 7.132489e-05 7.147746e-05 7.128039e-05 7.131458e-05 7.146698e-05
95 3.940828e-05 3.942972e-05 3.944827e-05 9.999803e-01 9.999803e-01 9.999803e-01 1.970360e-05 3.942743e-05 3.944603e-05 3.940141e-05 3.942284e-05 3.944155e-05
96 1.014758e-04 1.015179e-04 1.015193e-04 9.999493e-01 9.999492e-01 9.999492e-01 5.073462e-05 1.015047e-04 1.015062e-04 1.014363e-04 1.014784e-04 1.014798e-04
97 1.362677e-04 1.363207e-04 1.364465e-04 9.999319e-01 9.999318e-01 9.999318e-01 6.812671e-05 1.363042e-04 1.364300e-04 1.362184e-04 1.362713e-04 1.363971e-04
98 3.955304e-04 3.956945e-04 3.957074e-04 9.998023e-01 9.998022e-01 9.998022e-01 1.977260e-04 3.955511e-04 3.955657e-04 3.951007e-04 3.952645e-04 3.952825e-04
99 1.382211e-03 1.382751e-03 1.382929e-03 9.993094e-01 9.993091e-01 9.993091e-01 6.905612e-04 1.380678e-03 1.380869e-03 1.376011e-03 1.376548e-03 1.376764e-03
100 4.913972e-03 4.915593e-03 4.915363e-03 9.975490e-01 9.975482e-01 9.975482e-01 2.450752e-03 4.891655e-03 4.891786e-03 4.842718e-03 4.844299e-03 4.845123e-03
101 1.106749e-02 1.107226e-02 1.106966e-02 9.944964e-01 9.944941e-01 9.944951e-01 5.503660e-03 1.095217e-02 1.095048e-02 1.071298e-02 1.071751e-02 1.071752e-02
102 2.101151e-02 2.101938e-02 2.089029e-02 9.896425e-01 9.896387e-01 9.896993e-01 1.035634e-02 2.043676e-02 2.032292e-02 1.934655e-02 1.935334e-02 1.926560e-02
103 5.256632e-02 5.259082e-02 5.274078e-02 9.745473e-01 9.745356e-01 9.744701e-01 2.545372e-02 4.939762e-02 4.951396e-02 4.391724e-02 4.393602e-02 4.401152e-02
104 5.976808e-02 5.978735e-02 5.979268e-02 9.712341e-01 9.712251e-01 9.712311e-01 2.876335e-02 5.549608e-02 5.547083e-02 4.820773e-02 4.822085e-02 4.816162e-02
105 5.221135e-02 5.223366e-02 5.233764e-02 9.748334e-01 9.748229e-01 9.747743e-01 2.516627e-02 4.862589e-02 4.871680e-02 4.247255e-02 4.248846e-02 4.255734e-02
106 8.377435e-02 8.381763e-02 8.377743e-02 9.599537e-01 9.599335e-01 9.599480e-01 4.004937e-02 7.677758e-02 7.675877e-02 6.498724e-02 6.501624e-02 6.503130e-02
107 6.693034e-03 6.696744e-03 6.686134e-03 9.966649e-01 9.966631e-01 9.966683e-01 3.335493e-03 6.651041e-03 6.640661e-03 6.557549e-03 6.561134e-03 6.551209e-03
108 8.670887e-03 8.674568e-03 8.677078e-03 9.956859e-01 9.956840e-01 9.956827e-01 4.314108e-03 8.589700e-03 8.592596e-03 8.420104e-03 8.423611e-03 8.427228e-03
109 5.008915e-03 5.011741e-03 5.039033e-03 9.975062e-01 9.975048e-01 9.974913e-01 2.493871e-03 4.969482e-03 4.996109e-03 4.884262e-03 4.886978e-03 4.912295e-03
110 9.879876e-03 9.883966e-03 9.880247e-03 9.950890e-01 9.950870e-01 9.950888e-01 4.910971e-03 9.768748e-03 9.765253e-03 9.539773e-03 9.543635e-03 9.540565e-03
111 1.160538e-03 1.161337e-03 1.166918e-03 9.994207e-01 9.994203e-01 9.994175e-01 5.793879e-04 1.157664e-03 1.163176e-03 1.149591e-03 1.150378e-03 1.155755e-03
112 1.266879e-04 1.267927e-04 1.262700e-04 9.999367e-01 9.999366e-01 9.999369e-01 6.335949e-05 1.267675e-04 1.262451e-04 1.266126e-04 1.267172e-04 1.261953e-04
113 4.620403e-05 4.622861e-05 4.628251e-05 9.999769e-01 9.999769e-01 9.999769e-01 2.310191e-05 4.622557e-05 4.627945e-05 4.619492e-05 4.621949e-05 4.627331e-05
114 3.210927e-05 3.212018e-05 3.213990e-05 9.999839e-01 9.999839e-01 9.999839e-01 1.605260e-05 3.211896e-05 3.213869e-05 3.210561e-05 3.211652e-05 3.213626e-05
115 1.026599e-04 1.026961e-04 1.027684e-04 9.999487e-01 9.999487e-01 9.999486e-01 5.132193e-05 1.026841e-04 1.027563e-04 1.026237e-04 1.026599e-04 1.027321e-04
116 2.365867e-04 2.366939e-04 2.360549e-04 9.998817e-01 9.998817e-01 9.998820e-01 1.182764e-04 2.366336e-04 2.359960e-04 2.364061e-04 2.365132e-04 2.358782e-04
117 8.762471e-04 8.766891e-04 8.758614e-04 9.995621e-01 9.995619e-01 9.995623e-01 4.378564e-04 8.756202e-04 8.748056e-04 8.730499e-04 8.734893e-04 8.727005e-04
118 2.629463e-03 2.630791e-03 2.629249e-03 9.986877e-01 9.986871e-01 9.986878e-01 1.312275e-03 2.620997e-03 2.619449e-03 2.600289e-03 2.601593e-03 2.600034e-03
