0 2.305628e+01 2.307264e+01 2.312208e+01 3.217355e-01 3.216619e-01 3.183478e-01 6.782186e-01 7.349829e-01 7.393265e-01 4.939067e-02 4.938341e-02 4.936084e-02
1 1.175902e+02 1.176316e+02 1.175209e+02 1.220816e-03 1.217920e-03 1.292822e-04 9.987792e-01 9.999458e-01 9.999998e-01 5.431430e-05 5.408528e-05 1.631306e-07
2 1.667219e+02 1.666433e+02 1.669260e+02 3.245568e-03 3.234990e-03 3.175465e-03 9.967552e-01 9.998570e-01 9.999014e-01 1.434559e-04 1.426002e-04 9.852016e-05
3 1.276646e+02 1.279556e+02 1.282925e+02 2.172765e-02 2.167976e-02 1.859544e-02 9.782772e-01 9.951366e-01 9.972484e-01 4.364384e-03 4.350941e-03 2.675350e-03
4 5.941429e+01 5.945250e+01 5.931135e+01 4.289801e-02 4.281377e-02 4.162569e-02 9.571087e-01 9.914868e-01 9.924630e-01 7.906719e-03 7.882502e-03 7.162047e-03
5 1.892938e+01 1.894327e+01 1.886477e+01 1.197982e-01 1.196384e-01 1.175485e-01 8.802244e-01 9.620242e-01 9.643734e-01 3.126137e-02 3.120556e-02 3.043166e-02
6 4.033269e+00 4.035848e+00 4.001749e+00 4.289566e-01 4.287345e-01 4.282262e-01 5.711008e-01 7.243860e-01 7.254126e-01 1.283849e-01 1.283310e-01 1.291459e-01
7 1.082009e+00 1.082668e+00 1.079452e+00 7.194873e-01 7.193533e-01 7.196420e-01 2.805296e-01 4.113182e-01 4.107038e-01 1.516685e-01 1.516911e-01 1.514670e-01
8 4.568782e-01 4.571971e-01 4.488537e-01 8.569105e-01 8.568177e-01 8.572171e-01 1.431119e-01 2.244814e-01 2.242221e-01 1.044498e-01 1.044821e-01 1.045866e-01
9 2.090868e-01 2.092435e-01 2.076666e-01 9.187939e-01 9.187304e-01 9.188531e-01 8.122017e-02 1.392367e-01 1.391093e-01 8.632011e-02 8.636564e-02 8.647743e-02
10 1.539449e-01 1.540423e-01 1.526632e-01 9.330600e-01 9.330182e-01 9.333608e-01 6.694735e-02 1.197912e-01 1.194252e-01 8.159570e-02 8.163677e-02 8.177414e-02
11 3.657202e-01 3.658862e-01 3.673550e-01 8.551854e-01 8.551288e-01 8.549324e-01 1.448105e-01 2.431800e-01 2.432539e-01 1.330289e-01 1.330537e-01 1.328761e-01
12 3.497296e+00 3.499248e+00 3.502960e+00 4.748408e-01 4.746872e-01 4.743500e-01 5.251668e-01 6.721233e-01 6.727481e-01 1.330042e-01 1.329820e-01 1.334017e-01
13 1.531745e+01 1.532503e+01 1.526199e+01 1.181974e-01 1.181019e-01 1.146759e-01 8.817967e-01 9.582110e-01 9.620881e-01 3.209176e-02 3.205976e-02 3.089600e-02
14 2.697258e+01 2.698450e+01 2.696426e+01 4.096158e-02 4.091239e-02 3.822376e-02 9.590427e-01 9.925305e-01 9.941279e-01 6.991840e-03 6.979033e-03 5.659630e-03
15 2.011264e+01 2.012494e+01 2.015987e+01 2.211765e-01 2.210298e-01 2.193820e-01 7.788582e-01 8.698425e-01 8.718330e-01 6.832897e-02 6.828791e-02 6.905908e-02
16 1.669212e+01 1.669957e+01 1.678162e+01 1.097506e-01 1.096798e-01 1.056114e-01 8.902272e-01 9.589383e-01 9.646143e-01 2.913507e-02 2.911506e-02 2.859283e-02
17 1.945700e+01 1.946776e+01 1.946448e+01 7.088068e-02 7.079431e-02 6.935902e-02 9.291353e-01 9.838689e-01 9.850837e-01 1.467683e-02 1.465095e-02 1.383042e-02
18 7.741242e+00 7.745718e+00 7.719267e+00 3.113677e-01 3.111873e-01 3.110332e-01 6.886626e-01 8.233535e-01 8.238530e-01 9.880369e-02 9.874972e-02 9.954175e-02
19 2.809463e+00 2.810885e+00 2.768337e+00 5.754261e-01 5.752741e-01 5.755317e-01 4.245697e-01 5.730123e-01 5.729012e-01 1.498899e-01 1.498925e-01 1.502141e-01
20 9.511984e-01 9.522089e-01 9.444740e-01 7.745381e-01 7.743766e-01 7.737056e-01 2.255181e-01 3.384530e-01 3.390778e-01 1.451005e-01 1.451384e-01 1.452496e-01
21 3.192201e-01 3.194310e-01 3.166314e-01 8.883504e-01 8.882803e-01 8.880900e-01 1.116538e-01 1.873742e-01 1.876453e-01 1.115232e-01 1.115667e-01 1.117199e-01
22 1.577203e-01 1.578157e-01 1.574665e-01 9.280600e-01 9.280163e-01 9.279276e-01 7.194837e-02 1.332310e-01 1.335047e-01 1.007017e-01 1.007507e-01 1.009573e-01
23 5.505738e-02 5.509400e-02 5.497624e-02 9.736234e-01 9.736060e-01 9.736366e-01 2.637825e-02 5.073110e-02 5.070351e-02 4.364843e-02 4.367529e-02 4.370650e-02
24 1.415459e-02 1.416355e-02 1.386882e-02 9.942698e-01 9.942659e-01 9.940949e-01 5.729777e-03 9.978541e-03 1.037841e-02 6.865004e-03 6.868552e-03 6.848229e-03
25 8.866945e-03 8.876385e-03 8.778968e-03 9.960110e-01 9.960064e-01 9.959415e-01 3.990627e-03 7.343849e-03 7.571459e-03 5.627443e-03 5.634529e-03 5.908588e-03
26 1.295035e-03 1.295668e-03 1.292998e-03 9.993530e-01 9.993527e-01 9.993540e-01 6.469518e-04 1.293502e-03 1.290924e-03 1.288562e-03 1.289191e-03 1.286793e-03
27 5.610412e-03 5.613769e-03 5.615270e-03 9.972169e-01 9.972152e-01 9.972129e-01 2.782888e-03 5.526755e-03 5.534120e-03 5.359939e-03 5.363149e-03 5.379338e-03
28 4.312778e-02 4.315066e-02 4.287496e-02 9.790912e-01 9.790803e-01 9.791956e-01 2.090779e-02 4.064104e-02 4.044386e-02 3.638263e-02 3.640035e-02 3.629157e-02
29 2.183110e-01 2.184005e-01 2.187072e-01 9.031454e-01 9.031076e-01 9.030994e-01 9.685429e-02 1.749349e-01 1.748791e-01 1.202634e-01 1.202974e-01 1.202735e-01
30 2.659885e-01 2.661041e-01 2.662007e-01 8.823140e-01 8.822665e-01 8.823016e-01 1.176849e-01 2.112306e-01 2.110959e-01 1.394619e-01 1.394977e-01 1.393176e-01
31 2.609524e-01 2.610918e-01 2.613118e-01 8.867742e-01 8.867155e-01 8.864879e-01 1.132316e-01 2.019054e-01 2.023454e-01 1.337023e-01 1.337478e-01 1.340748e-01
32 6.843986e-01 6.846816e-01 6.855883e-01 7.492707e-01 7.491827e-01 7.487399e-01 2.507287e-01 4.038801e-01 4.044663e-01 1.866081e-01 1.866267e-01 1.867401e-01
33 1.932322e+00 1.933250e+00 1.930205e+00 5.185318e-01 5.183780e-01 5.176910e-01 4.814916e-01 6.619981e-01 6.630715e-01 1.621418e-01 1.621141e-01 1.625647e-01
34 7.735722e+00 7.739249e+00 7.731785e+00 2.454222e-01 2.453206e-01 2.426882e-01 7.545549e-01 8.817413e-01 8.855611e-01 7.823350e-02 7.819685e-02 7.826207e-02
35 1.717986e+01 1.718752e+01 1.719143e+01 1.179259e-01 1.178277e-01 1.169196e-01 8.820777e-01 9.604398e-01 9.613868e-01 3.180205e-02 3.176659e-02 3.155531e-02
36 1.528914e+01 1.529700e+01 1.525362e+01 1.089246e-01 1.088321e-01 1.078952e-01 8.910829e-01 9.623901e-01 9.638428e-01 2.933630e-02 2.930556e-02 2.913291e-02
37 1.374097e+01 1.374858e+01 1.378623e+01 1.860602e-01 1.859232e-01 1.829277e-01 8.139463e-01 9.137711e-01 9.188148e-01 5.677070e-02 5.672412e-02 5.764204e-02
38 1.872935e+01 1.873710e+01 1.877913e+01 8.203277e-02 8.195623e-02 7.839894e-02 9.179723e-01 9.777925e-01 9.809952e-01 1.916052e-02 1.913521e-02 1.727142e-02
39 6.185223e+00 6.190272e+00 6.177914e+00 3.148365e-01 3.146448e-01 3.128480e-01 6.852014e-01 8.230824e-01 8.258037e-01 9.592759e-02 9.587132e-02 9.707700e-02
40 4.739449e-01 4.742517e-01 4.746189e-01 8.230710e-01 8.229733e-01 8.228458e-01 1.769477e-01 2.883011e-01 2.883969e-01 1.402952e-01 1.403206e-01 1.403674e-01
41 9.511364e-02 9.519437e-02 9.480309e-02 9.555277e-01 9.554922e-01 9.556249e-01 4.448664e-02 8.373734e-02 8.355620e-02 6.659380e-02 6.663308e-02 6.664416e-02
42 4.207289e-02 4.209686e-02 4.234895e-02 9.796972e-01 9.796858e-01 9.795768e-01 2.030310e-02 3.928540e-02 3.947438e-02 3.452371e-02 3.454174e-02 3.464035e-02
43 1.304536e-02 1.305112e-02 1.305502e-02 9.935357e-01 9.935328e-01 9.935308e-01 6.464098e-03 1.281991e-02 1.282418e-02 1.237040e-02 1.237576e-02 1.238072e-02
44 4.311737e-03 4.314801e-03 4.345188e-03 9.978523e-01 9.978507e-01 9.978358e-01 2.148096e-03 4.282443e-03 4.311619e-03 4.216189e-03 4.219173e-03 4.246029e-03
45 2.091592e-03 2.092366e-03 2.092893e-03 9.989555e-01 9.989551e-01 9.989548e-01 1.044386e-03 2.087208e-03 2.087746e-03 2.076181e-03 2.076949e-03 2.077509e-03
46 2.276987e-03 2.278186e-03 2.275065e-03 9.988630e-01 9.988624e-01 9.988640e-01 1.137070e-03 2.272190e-03 2.269131e-03 2.259086e-03 2.260271e-03 2.257335e-03
47 5.902548e-03 5.905169e-03 5.900206e-03 9.970592e-01 9.970579e-01 9.970603e-01 2.940757e-03 5.863331e-03 5.858626e-03 5.778461e-03 5.781003e-03 5.776793e-03
48 2.080261e-02 2.081483e-02 2.074919e-02 9.897549e-01 9.897489e-01 9.897728e-01 1.024501e-02 2.020213e-02 2.016932e-02 1.906058e-02 1.907146e-02 1.908411e-02
49 1.330762e-01 1.331564e-01 1.319566e-01 9.399083e-01 9.398729e-01 9.400707e-01 6.009150e-02 1.108674e-01 1.107173e-01 8.390181e-02 8.394175e-02 8.405981e-02
50 8.375606e-01 8.379793e-01 8.398931e-01 7.356950e-01 7.355902e-01 7.356441e-01 2.643059e-01 4.092575e-01 4.095606e-01 1.719774e-01 1.719892e-01 1.725884e-01
51 1.697765e+00 1.698421e+00 1.712267e+00 5.923391e-01 5.922328e-01 5.916769e-01 4.076453e-01 5.700598e-01 5.709025e-01 1.635671e-01 1.635714e-01 1.639636e-01
52 1.264963e+00 1.264911e+00 1.264478e+00 6.587254e-01 6.585977e-01 6.579986e-01 3.412798e-01 4.960015e-01 4.968078e-01 1.689554e-01 1.689625e-01 1.694295e-01
53 2.254887e+00 2.256700e+00 2.253599e+00 5.128836e-01 5.127208e-01 5.122453e-01 4.871357e-01 6.633074e-01 6.643260e-01 1.574378e-01 1.574058e-01 1.584342e-01
54 1.914442e+00 1.915669e+00 1.911953e+00 5.766812e-01 5.765042e-01 5.767939e-01 4.233762e-01 5.837246e-01 5.833037e-01 1.588297e-01 1.588062e-01 1.587472e-01
55 6.719485e-01 6.722913e-01 6.706340e-01 7.694279e-01 7.693250e-01 7.695056e-01 2.305914e-01 3.597515e-01 3.597492e-01 1.526398e-01 1.526705e-01 1.531319e-01
56 8.994949e-02 8.999592e-02 8.981721e-02 9.577703e-01 9.577491e-01 9.577888e-01 4.223073e-02 7.977193e-02 7.975811e-02 6.426486e-02 6.429327e-02 6.442593e-02
57 1.288308e-02 1.289145e-02 1.287435e-02 9.936212e-01 9.936170e-01 9.936252e-01 6.379718e-03 1.264328e-02 1.262784e-02 1.216148e-02 1.216919e-02 1.215663e-02
58 6.001971e-03 6.005216e-03 5.979350e-03 9.970144e-01 9.970128e-01 9.970255e-01 2.985610e-03 5.943954e-03 5.919143e-03 5.821156e-03 5.824263e-03 5.801469e-03
59 3.065263e-03 3.066646e-03 3.065795e-03 9.984713e-01 9.984706e-01 9.984710e-01 1.528587e-03 3.050889e-03 3.050140e-03 3.018423e-03 3.019777e-03 3.019229e-03
60 1.099466e-03 1.100249e-03 1.094704e-03 9.994509e-01 9.994505e-01 9.994532e-01 5.491960e-04 1.097793e-03 1.092355e-03 1.092132e-03 1.092910e-03 1.087684e-03
61 4.401581e-04 4.404194e-04 4.414121e-04 9.997800e-01 9.997799e-01 9.997794e-01 2.200385e-04 4.401635e-04 4.411526e-04 4.393918e-04 4.396525e-04 4.406343e-04
62 7.089880e-04 7.093241e-04 7.074128e-04 9.996456e-01 9.996455e-01 9.996464e-01 3.543556e-04 7.087844e-04 7.068807e-04 7.073721e-04 7.077070e-04 7.058182e-04
63 2.770062e-03 2.771423e-03 2.802236e-03 9.986179e-01 9.986173e-01 9.986019e-01 1.381919e-03 2.759555e-03 2.790054e-03 2.734925e-03 2.736260e-03 2.766097e-03
64 9.727481e-03 9.732039e-03 9.720999e-03 9.951586e-01 9.951563e-01 9.951614e-01 4.841332e-03 9.643179e-03 9.633621e-03 9.464589e-03 9.468960e-03 9.462114e-03
65 3.640982e-02 3.642653e-02 3.622991e-02 9.821279e-01 9.821198e-01 9.822038e-01 1.787166e-02 3.512462e-02 3.498067e-02 3.272994e-02 3.274414e-02 3.267665e-02
66 1.098186e-01 1.098632e-01 1.103781e-01 9.481241e-01 9.481038e-01 9.478743e-01 5.187438e-02 9.843171e-02 9.884983e-02 8.032199e-02 8.034827e-02 8.066031e-02
67 1.564963e-01 1.565614e-01 1.563992e-01 9.266182e-01 9.265886e-01 9.266242e-01 7.338436e-02 1.381985e-01 1.381859e-01 1.090105e-01 1.090472e-01 1.091600e-01
68 3.632195e-01 3.633511e-01 3.623321e-01 8.466245e-01 8.465759e-01 8.468217e-01 1.533664e-01 2.667009e-01 2.664142e-01 1.588144e-01 1.588378e-01 1.588577e-01
69 8.697547e-01 8.701936e-01 8.721376e-01 7.108836e-01 7.107675e-01 7.101907e-01 2.891269e-01 4.483344e-01 4.493103e-01 1.819953e-01 1.820088e-01 1.828992e-01
70 1.135595e+00 1.136092e+00 1.137938e+00 6.629745e-01 6.628671e-01 6.633207e-01 3.370272e-01 5.055054e-01 5.047766e-01 1.845790e-01 1.845804e-01 1.845671e-01
71 1.389448e+00 1.390111e+00 1.388959e+00 6.191625e-01 6.190288e-01 6.183451e-01 3.808598e-01 5.464893e-01 5.476013e-01 1.686571e-01 1.686556e-01 1.692105e-01
72 1.231550e+00 1.232038e+00 1.231031e+00 6.306696e-01 6.305686e-01 6.300783e-01 3.693183e-01 5.510897e-01 5.520990e-01 1.909770e-01 1.909693e-01 1.919305e-01
73 1.374385e+00 1.375043e+00 1.374402e+00 6.204997e-01 6.203721e-01 6.196226e-01 3.795116e-01 5.413091e-01 5.428087e-01 1.632965e-01 1.632927e-01 1.644648e-01
74 1.533254e-01 1.535303e-01 1.586655e-01 9.460554e-01 9.459862e-01 9.449351e-01 5.397530e-02 9.482344e-02 9.549456e-02 6.595209e-02 6.599974e-02 6.555383e-02
75 1.330446e-02 1.331127e-02 1.328482e-02 9.934003e-01 9.933969e-01 9.934087e-01 6.599831e-03 1.310300e-02 1.308206e-02 1.269602e-02 1.270241e-02 1.269067e-02
76 9.616380e-03 9.620852e-03 9.619944e-03 9.952175e-01 9.952153e-01 9.952158e-01 4.782499e-03 9.518438e-03 9.517346e-03 9.313989e-03 9.318276e-03 9.316841e-03
77 2.370376e-03 2.371626e-03 2.368479e-03 9.988165e-01 9.988159e-01 9.988174e-01 1.183523e-03 2.364830e-03 2.361749e-03 2.350090e-03 2.351324e-03 2.348373e-03
78 5.448603e-04 5.451617e-04 5.475117e-04 9.997277e-01 9.997275e-01 9.997263e-01 2.723346e-04 5.447504e-04 5.471040e-04 5.436288e-04 5.439294e-04 5.462901e-04
79 5.908847e-04 5.911222e-04 5.905099e-04 9.997046e-01 9.997045e-01 9.997048e-01 2.953555e-04 5.907762e-04 5.901670e-04 5.898483e-04 5.900852e-04 5.894820e-04
80 1.355704e-03 1.356259e-03 1.358789e-03 9.993226e-01 9.993224e-01 9.993211e-01 6.773168e-04 1.354257e-03 1.356764e-03 1.349717e-03 1.350268e-03 1.352729e-03
81 2.638563e-03 2.639636e-03 2.646367e-03 9.986826e-01 9.986821e-01 9.986787e-01 1.317348e-03 2.631976e-03 2.638669e-03 2.615696e-03 2.616756e-03 2.623374e-03
82 3.582051e-03 3.583330e-03 3.584617e-03 9.982121e-01 9.982115e-01 9.982108e-01 1.787799e-03 3.570787e-03 3.572144e-03 3.544636e-03 3.545893e-03 3.547387e-03
83 8.055903e-03 8.059907e-03 8.059501e-03 9.959908e-01 9.959888e-01 9.959885e-01 4.009227e-03 7.985248e-03 7.986800e-03 7.836136e-03 7.839990e-03 7.844920e-03
84 3.018084e-02 3.018831e-02 3.026690e-02 9.851561e-01 9.851524e-01 9.851139e-01 1.484155e-02 2.922022e-02 2.929548e-02 2.741470e-02 2.742137e-02 2.748975e-02
85 7.178225e-02 7.181765e-02 7.183116e-02 9.658579e-01 9.658413e-01 9.658377e-01 3.414452e-02 6.522042e-02 6.522456e-02 5.472638e-02 5.475117e-02 5.475580e-02
86 7.587359e-02 7.590579e-02 7.545211e-02 9.642562e-01 9.642414e-01 9.644314e-01 3.574317e-02 6.771700e-02 6.739728e-02 5.520460e-02 5.522428e-02 5.508411e-02
87 1.065582e-01 1.066117e-01 1.070776e-01 9.510228e-01 9.509993e-01 9.508084e-01 4.897858e-02 9.082735e-02 9.114658e-02 6.834294e-02 6.836964e-02 6.852406e-02
88 1.216771e-01 1.217223e-01 1.218506e-01 9.438423e-01 9.438226e-01 9.437864e-01 5.615406e-02 1.044703e-01 1.045088e-01 7.942739e-02 7.944840e-02 7.942580e-02
89 5.418081e-02 5.421512e-02 5.412888e-02 9.738045e-01 9.737882e-01 9.738266e-01 2.619985e-02 5.076015e-02 5.069136e-02 4.474785e-02 4.477329e-02 4.473127e-02
90 6.251690e-03 6.255360e-03 6.250620e-03 9.968851e-01 9.968833e-01 9.968855e-01 3.115171e-03 6.211610e-03 6.207396e-03 6.122095e-03 6.125650e-03 6.122413e-03
91 1.158977e-03 1.159529e-03 1.161373e-03 9.994209e-01 9.994206e-01 9.994197e-01 5.791042e-04 1.157931e-03 1.159778e-03 1.154194e-03 1.154743e-03 1.156600e-03
92 7.382293e-04 7.386316e-04 7.364276e-04 9.996311e-01 9.996309e-01 9.996320e-01 3.688866e-04 7.376997e-04 7.355123e-04 7.354421e-04 7.358424e-04 7.336877e-04
93 2.858656e-04 2.860109e-04 2.867108e-04 9.998571e-01 9.998570e-01 9.998567e-01 1.429021e-04 2.858895e-04 2.865885e-04 2.855020e-04 2.856470e-04 2.863442e-04
94 9.881134e-05 9.886041e-05 9.902094e-05 9.999506e-01 9.999506e-01 9.999505e-01 4.940538e-05 9.885008e-05 9.901050e-05 9.878035e-05 9.882941e-05 9.898961e-05
95 4.591021e-05 4.593424e-05 4.588429e-05 9.999770e-01 9.999770e-01 9.999771e-01 2.295458e-05 4.593165e-05 4.588176e-05 4.590242e-05 4.592645e-05 4.587668e-05
96 9.888552e-05 9.892944e-05 9.886651e-05 9.999506e-01 9.999505e-01 9.999506e-01 4.943995e-05 9.891827e-05 9.885547e-05 9.885203e-05 9.889593e-05 9.883339e-05
97 1.679954e-04 1.680653e-04 1.683840e-04 9.999160e-01 9.999160e-01 9.999158e-01 8.398857e-05 1.680405e-04 1.683592e-04 1.679210e-04 1.679909e-04 1.683096e-04
98 5.135850e-04 5.138040e-04 5.137951e-04 9.997433e-01 9.997432e-01 9.997432e-01 2.567231e-04 5.135571e-04 5.135517e-04 5.128456e-04 5.130640e-04 5.130653e-04
99 1.842304e-03 1.842981e-03 1.839398e-03 9.990797e-01 9.990794e-01 9.990812e-01 9.202643e-04 1.839552e-03 1.835991e-03 1.832052e-03 1.832724e-03 1.829207e-03
100 5.373824e-03 5.375538e-03 5.385325e-03 9.973194e-01 9.973185e-01 9.973136e-01 2.680392e-03 5.350409e-03 5.360214e-03 5.298962e-03 5.300637e-03 5.310474e-03
101 1.113116e-02 1.113605e-02 1.112172e-02 9.944670e-01 9.944646e-01 9.944715e-01 5.533056e-03 1.100666e-02 1.099319e-02 1.075062e-02 1.075525e-02 1.074341e-02
102 2.059129e-02 2.059951e-02 2.058676e-02 9.898536e-01 9.898496e-01 9.898520e-01 1.014550e-02 2.001380e-02 2.001606e-02 1.892232e-02 1.892944e-02 1.895536e-02
103 4.446636e-02 4.448707e-02 4.469004e-02 9.783537e-01 9.783437e-01 9.782549e-01 2.164721e-02 4.221478e-02 4.237111e-02 3.820691e-02 3.822366e-02 3.831475e-02
104 4.651408e-02 4.652924e-02 4.670033e-02 9.774329e-01 9.774257e-01 9.773522e-01 2.256502e-02 4.386084e-02 4.398685e-02 3.918611e-02 3.919748e-02 3.925598e-02
105 3.836543e-02 3.838261e-02 3.838880e-02 9.813057e-01 9.812975e-01 9.812917e-01 1.869451e-02 3.648589e-02 3.650159e-02 3.310674e-02 3.312025e-02 3.314759e-02
106 6.976098e-02 6.979416e-02 6.984211e-02 9.663360e-01 9.663202e-01 9.662944e-01 3.366601e-02 6.509663e-02 6.515091e-02 5.691922e-02 5.694355e-02 5.700427e-02
107 6.161115e-03 6.164581e-03 6.147942e-03 9.969289e-01 9.969272e-01 9.969354e-01 3.071516e-03 6.126658e-03 6.110551e-03 6.048523e-03 6.051884e-03 6.036812e-03
108 6.749406e-03 6.752381e-03 6.756356e-03 9.966383e-01 9.966368e-01 9.966348e-01 3.361672e-03 6.700454e-03 6.704699e-03 6.595544e-03 6.598411e-03 6.603169e-03
109 3.646861e-03 3.648948e-03 3.664428e-03 9.981821e-01 9.981811e-01 9.981734e-01 1.817883e-03 3.626761e-03 3.642058e-03 3.581169e-03 3.583198e-03 3.598121e-03
110 7.875563e-03 7.878950e-03 7.866107e-03 9.960808e-01 9.960792e-01 9.960854e-01 3.919143e-03 7.804781e-03 7.792575e-03 7.655986e-03 7.659223e-03 7.648234e-03
111 1.237032e-03 1.237908e-03 1.235536e-03 9.993825e-01 9.993821e-01 9.993833e-01 6.175058e-04 1.233725e-03 1.231390e-03 1.224567e-03 1.225430e-03 1.223167e-03
112 1.112206e-04 1.113166e-04 1.111756e-04 9.999444e-01 9.999443e-01 9.999444e-01 5.562532e-05 1.112961e-04 1.111553e-04 1.111595e-04 1.112553e-04 1.111149e-04
113 4.872463e-05 4.875052e-05 4.863524e-05 9.999756e-01 9.999756e-01 9.999757e-01 2.436198e-05 4.874705e-05 4.863182e-05 4.871424e-05 4.874012e-05 4.862499e-05
114 3.521918e-05 3.523168e-05 3.503339e-05 9.999824e-01 9.999824e-01 9.999825e-01 1.760764e-05 3.523024e-05 3.503198e-05 3.521488e-05 3.522737e-05 3.502918e-05
115 9.527837e-05 9.531095e-05 9.525188e-05 9.999524e-01 9.999523e-01 9.999524e-01 4.763206e-05 9.530053e-05 9.524150e-05 9.524716e-05 9.527971e-05 9.522074e-05
116 2.750605e-04 2.751945e-04 2.756378e-04 9.998625e-01 9.998624e-01 9.998622e-01 1.375014e-04 2.750953e-04 2.755387e-04 2.747635e-04 2.748973e-04 2.753409e-04
117 1.002629e-03 1.003143e-03 1.001130e-03 9.994990e-01 9.994988e-01 9.994998e-01 5.009685e-04 1.001753e-03 9.997705e-04 9.984698e-04 9.989812e-04 9.970615e-04
118 2.371458e-03 2.372648e-03 2.373948e-03 9.988162e-01 9.988156e-01 9.988150e-01 1.183790e-03 2.364907e-03 2.366267e-03 2.348376e-03 2.349549e-03 2.351027e-03
