0 1.008874e+01 1.009618e+01 1.009088e+01 4.149016e-01 4.148049e-01 4.142658e-01 5.850569e-01 6.532877e-01 6.555177e-01 5.852221e-02 5.851531e-02 5.988816e-02
1 6.327443e+01 6.330043e+01 6.335699e+01 5.792916e-03 5.783130e-03 1.986283e-03 9.942077e-01 9.992110e-01 9.999656e-01 7.612169e-04 7.593596e-04 3.442716e-05
2 1.032683e+02 1.032171e+02 1.023345e+02 3.958440e-03 3.946496e-03 2.413466e-03 9.960433e-01 9.997512e-01 9.999456e-01 2.479744e-04 2.467369e-04 5.440069e-05
3 9.673222e+01 9.691827e+01 9.710865e+01 1.651840e-02 1.647835e-02 1.029858e-02 9.834867e-01 9.965763e-01 9.993732e-01 2.946472e-03 2.938186e-03 6.233494e-04
4 6.279615e+01 6.283549e+01 6.307174e+01 1.968751e-02 1.963865e-02 1.881357e-02 9.803181e-01 9.978469e-01 9.981553e-01 2.116631e-03 2.107387e-03 1.819283e-03
5 3.065640e+01 3.067857e+01 3.045300e+01 6.031627e-02 6.021272e-02 5.531348e-02 9.396932e-01 9.858888e-01 9.898524e-01 1.223798e-02 1.220925e-02 9.594865e-03
6 9.098524e+00 9.105229e+00 8.947500e+00 2.393048e-01 2.390783e-01 2.389704e-01 7.607442e-01 8.793800e-01 8.797878e-01 7.392150e-02 7.384832e-02 7.410541e-02
7 1.923539e+00 1.924684e+00 1.922683e+00 5.943073e-01 5.941284e-01 5.937842e-01 4.057365e-01 5.534291e-01 5.539833e-01 1.503869e-01 1.503761e-01 1.509485e-01
8 1.000964e+00 1.001711e+00 9.749339e-01 7.692450e-01 7.690973e-01 7.691775e-01 2.307876e-01 3.379603e-01 3.377996e-01 1.255143e-01 1.255392e-01 1.255591e-01
9 5.289982e-01 5.294157e-01 5.123822e-01 8.461290e-01 8.460098e-01 8.462893e-01 1.538981e-01 2.437992e-01 2.436876e-01 1.205978e-01 1.206477e-01 1.209736e-01
10 3.191753e-01 3.194024e-01 3.173693e-01 8.814974e-01 8.814127e-01 8.813418e-01 1.185254e-01 1.976917e-01 1.978804e-01 1.114581e-01 1.115142e-01 1.115375e-01
11 8.079437e-01 8.083472e-01 8.087311e-01 7.291954e-01 7.290875e-01 7.288287e-01 2.708080e-01 4.149069e-01 4.153833e-01 1.619715e-01 1.619785e-01 1.622652e-01
12 5.165819e+00 5.168698e+00 5.162151e+00 3.465150e-01 3.463333e-01 3.454258e-01 6.535118e-01 8.006923e-01 8.023212e-01 1.094369e-01 1.093839e-01 1.103136e-01
13 1.309346e+01 1.309992e+01 1.310271e+01 1.116300e-01 1.115351e-01 1.101410e-01 8.883681e-01 9.623288e-01 9.643500e-01 2.986940e-02 2.983875e-02 2.939089e-02
14 1.950013e+01 1.950861e+01 1.949372e+01 4.933461e-02 4.927908e-02 4.725569e-02 9.506736e-01 9.898870e-01 9.914207e-01 9.238655e-03 9.223584e-03 8.124351e-03
15 1.225809e+01 1.226536e+01 1.225043e+01 2.743810e-01 2.742174e-01 2.737020e-01 7.256609e-01 8.336089e-01 8.344683e-01 8.414236e-02 8.409961e-02 8.475585e-02
16 9.319506e+00 9.323198e+00 9.372475e+00 1.821901e-01 1.820785e-01 1.785564e-01 8.177940e-01 9.193183e-01 9.249174e-01 5.017066e-02 5.013544e-02 5.178718e-02
17 1.278733e+01 1.279503e+01 1.276149e+01 1.149564e-01 1.148411e-01 1.130769e-01 8.850655e-01 9.657025e-01 9.673572e-01 2.936076e-02 2.932057e-02 2.849868e-02
18 6.690364e+00 6.694335e+00 6.671038e+00 3.130602e-01 3.128582e-01 3.110914e-01 6.869836e-01 8.293497e-01 8.324238e-01 9.954656e-02 9.947971e-02 1.003500e-01
19 2.533091e+00 2.534397e+00 2.528679e+00 5.426191e-01 5.424559e-01 5.414501e-01 4.573928e-01 6.141086e-01 6.156208e-01 1.499657e-01 1.499545e-01 1.505408e-01
20 9.479413e-01 9.487763e-01 9.454169e-01 7.515912e-01 7.514175e-01 7.508816e-01 2.484681e-01 3.771075e-01 3.780498e-01 1.594939e-01 1.595267e-01 1.600867e-01
21 3.824610e-01 3.827062e-01 3.738069e-01 8.657834e-01 8.657001e-01 8.658764e-01 1.342229e-01 2.242185e-01 2.244275e-01 1.291666e-01 1.292109e-01 1.296777e-01
22 2.538259e-01 2.539663e-01 2.538259e-01 8.893782e-01 8.893156e-01 8.891826e-01 1.106355e-01 1.984607e-01 1.987232e-01 1.346243e-01 1.346776e-01 1.348107e-01
23 1.226622e-01 1.227395e-01 1.219946e-01 9.432466e-01 9.432114e-01 9.434079e-01 5.675730e-02 1.059532e-01 1.057462e-01 8.179069e-02 8.183514e-02 8.194184e-02
24 4.477238e-02 4.480284e-02 4.261805e-02 9.871955e-01 9.871873e-01 9.865822e-01 1.280300e-02 2.106601e-02 2.126505e-02 1.373113e-02 1.373801e-02 1.307042e-02
25 2.309928e-02 2.312657e-02 2.209524e-02 9.913489e-01 9.913372e-01 9.910453e-01 8.656360e-03 1.480480e-02 1.537327e-02 1.003503e-02 1.004929e-02 9.903879e-03
26 2.964373e-03 2.965841e-03 2.937106e-03 9.985211e-01 9.985204e-01 9.985344e-01 1.478803e-03 2.952737e-03 2.925369e-03 2.925458e-03 2.926906e-03 2.902148e-03
27 1.403312e-02 1.404152e-02 1.402989e-02 9.931014e-01 9.930973e-01 9.930960e-01 6.898090e-03 1.358222e-02 1.359591e-02 1.274937e-02 1.275696e-02 1.280118e-02
28 7.398685e-02 7.402110e-02 7.409564e-02 9.644286e-01 9.644123e-01 9.643768e-01 3.557004e-02 6.857648e-02 6.864208e-02 5.937685e-02 5.940183e-02 5.944238e-02
29 2.295168e-01 2.296118e-01 2.295518e-01 8.966740e-01 8.966316e-01 8.966356e-01 1.033282e-01 1.883662e-01 1.883729e-01 1.326121e-01 1.326550e-01 1.326676e-01
30 2.596854e-01 2.598070e-01 2.590438e-01 8.853415e-01 8.852885e-01 8.854370e-01 1.146609e-01 2.062486e-01 2.061096e-01 1.389315e-01 1.389739e-01 1.390561e-01
31 3.265703e-01 3.267566e-01 3.253822e-01 8.653501e-01 8.652727e-01 8.653800e-01 1.346626e-01 2.342311e-01 2.342288e-01 1.452928e-01 1.453438e-01 1.455413e-01
32 9.729396e-01 9.733229e-01 9.766980e-01 6.769616e-01 6.768514e-01 6.762651e-01 3.230469e-01 4.949773e-01 4.958560e-01 1.891688e-01 1.891697e-01 1.896099e-01
33 2.816849e+00 2.818285e+00 2.830245e+00 4.334950e-01 4.333174e-01 4.322150e-01 5.665347e-01 7.424180e-01 7.444072e-01 1.420805e-01 1.420323e-01 1.429614e-01
34 7.974154e+00 7.977651e+00 7.970828e+00 2.370867e-01 2.369787e-01 2.364989e-01 7.629033e-01 8.912178e-01 8.920486e-01 7.654768e-02 7.650840e-02 7.655211e-02
35 1.170778e+01 1.171329e+01 1.173617e+01 1.723268e-01 1.721999e-01 1.701807e-01 8.276812e-01 9.328256e-01 9.353566e-01 5.036887e-02 5.032106e-02 4.978008e-02
36 1.055866e+01 1.056414e+01 1.059044e+01 1.432255e-01 1.431072e-01 1.403365e-01 8.567896e-01 9.457561e-01 9.493157e-01 3.910219e-02 3.906335e-02 3.894565e-02
37 7.469487e+00 7.473562e+00 7.506359e+00 2.801649e-01 2.799904e-01 2.770723e-01 7.198484e-01 8.580389e-01 8.625007e-01 8.944171e-02 8.938270e-02 9.018351e-02
38 1.138931e+01 1.139418e+01 1.138168e+01 1.394354e-01 1.393223e-01 1.370795e-01 8.605775e-01 9.526694e-01 9.555275e-01 3.798133e-02 3.794019e-02 3.712453e-02
39 5.842704e+00 5.846890e+00 5.827608e+00 3.005998e-01 3.004081e-01 2.985426e-01 6.994402e-01 8.399374e-01 8.431025e-01 9.254127e-02 9.248090e-02 9.378864e-02
40 7.512222e-01 7.517399e-01 7.475552e-01 7.551254e-01 7.549831e-01 7.553335e-01 2.449085e-01 3.772852e-01 3.769170e-01 1.515281e-01 1.515445e-01 1.515850e-01
41 1.010963e-01 1.011716e-01 1.012144e-01 9.525061e-01 9.524721e-01 9.524287e-01 4.750522e-02 8.974733e-02 8.985742e-02 7.216528e-02 7.220739e-02 7.234920e-02
42 5.072424e-02 5.075270e-02 5.114988e-02 9.755923e-01 9.755788e-01 9.754151e-01 2.440818e-02 4.710352e-02 4.737382e-02 4.097680e-02 4.099805e-02 4.109973e-02
43 2.172489e-02 2.173237e-02 2.170738e-02 9.892815e-01 9.892778e-01 9.892901e-01 1.071741e-02 2.116426e-02 2.114018e-02 2.008292e-02 2.008976e-02 2.006743e-02
44 7.633351e-03 7.640301e-03 7.649622e-03 9.962086e-01 9.962052e-01 9.962006e-01 3.792579e-03 7.539754e-03 7.548919e-03 7.338895e-03 7.345451e-03 7.354242e-03
45 3.169578e-03 3.170423e-03 3.175910e-03 9.984190e-01 9.984185e-01 9.984158e-01 1.580641e-03 3.155495e-03 3.160792e-03 3.125125e-03 3.125987e-03 3.130916e-03
46 3.847147e-03 3.849756e-03 3.851413e-03 9.980810e-01 9.980797e-01 9.980789e-01 1.919374e-03 3.831370e-03 3.833039e-03 3.792462e-03 3.795006e-03 3.796699e-03
47 8.452710e-03 8.456787e-03 8.461555e-03 9.957939e-01 9.957919e-01 9.957894e-01 4.206157e-03 8.376155e-03 8.381452e-03 8.214319e-03 8.218249e-03 8.224535e-03
48 4.102653e-02 4.105306e-02 4.101642e-02 9.802930e-01 9.802802e-01 9.802700e-01 1.970730e-02 3.801071e-02 3.806175e-02 3.311783e-02 3.313886e-02 3.323161e-02
49 2.475977e-01 2.477410e-01 2.478417e-01 8.940715e-01 8.940119e-01 8.938749e-01 1.059297e-01 1.879484e-01 1.881604e-01 1.236802e-01 1.237271e-01 1.238604e-01
50 8.933845e-01 8.938199e-01 8.992069e-01 7.104886e-01 7.103698e-01 7.099650e-01 2.895234e-01 4.474205e-01 4.480280e-01 1.825547e-01 1.825657e-01 1.830457e-01
51 1.134970e+00 1.135464e+00 1.136789e+00 6.745955e-01 6.744907e-01 6.750881e-01 3.253988e-01 4.776829e-01 4.771484e-01 1.648649e-01 1.648777e-01 1.651082e-01
52 8.011830e-01 8.011533e-01 7.982163e-01 7.311787e-01 7.310755e-01 7.308868e-01 2.688179e-01 4.171098e-01 4.177249e-01 1.737764e-01 1.738012e-01 1.743787e-01
53 1.506660e+00 1.507853e+00 1.514437e+00 5.938687e-01 5.936989e-01 5.930183e-01 4.061670e-01 5.855035e-01 5.866042e-01 1.774671e-01 1.774476e-01 1.782884e-01
54 1.305297e+00 1.306080e+00 1.299420e+00 6.504925e-01 6.503272e-01 6.506573e-01 3.495616e-01 5.048069e-01 5.045141e-01 1.649754e-01 1.649669e-01 1.651387e-01
55 6.736194e-01 6.739481e-01 6.740965e-01 7.629885e-01 7.628820e-01 7.626299e-01 2.370346e-01 3.723762e-01 3.727931e-01 1.598435e-01 1.598743e-01 1.601859e-01
56 1.433625e-01 1.434348e-01 1.437802e-01 9.348142e-01 9.347822e-01 9.346494e-01 6.518787e-02 1.199435e-01 1.201480e-01 8.798757e-02 8.802503e-02 8.807602e-02
57 1.791013e-02 1.792246e-02 1.787003e-02 9.911535e-01 9.911475e-01 9.911717e-01 8.847846e-03 1.749360e-02 1.744887e-02 1.667031e-02 1.668155e-02 1.665017e-02
58 6.250576e-03 6.254020e-03 6.236612e-03 9.968895e-01 9.968878e-01 9.968964e-01 3.110532e-03 6.195186e-03 6.178276e-03 6.076716e-03 6.080031e-03 6.064069e-03
59 3.907489e-03 3.909070e-03 3.922199e-03 9.980524e-01 9.980516e-01 9.980451e-01 1.947380e-03 3.884641e-03 3.897598e-03 3.834988e-03 3.836530e-03 3.849148e-03
60 1.755144e-03 1.756551e-03 1.751768e-03 9.991240e-01 9.991233e-01 9.991256e-01 8.762369e-04 1.750429e-03 1.745762e-03 1.736900e-03 1.738292e-03 1.733852e-03
61 8.612252e-04 8.617390e-04 8.615358e-04 9.995697e-01 9.995694e-01 9.995695e-01 4.303792e-04 8.606322e-04 8.604267e-04 8.579134e-04 8.584252e-04 8.582152e-04
62 1.433136e-03 1.433869e-03 1.431626e-03 9.992840e-01 9.992837e-01 9.992848e-01 7.159632e-04 1.431472e-03 1.429242e-03 1.425967e-03 1.426695e-03 1.424492e-03
63 5.285224e-03 5.288132e-03 5.319288e-03 9.973696e-01 9.973681e-01 9.973524e-01 2.630236e-03 5.239809e-03 5.271377e-03 5.144141e-03 5.146944e-03 5.178788e-03
64 1.737847e-02 1.738675e-02 1.739373e-02 9.913872e-01 9.913831e-01 9.913793e-01 8.612744e-03 1.708394e-02 1.709196e-02 1.649360e-02 1.650128e-02 1.651098e-02
65 4.983423e-02 4.985489e-02 4.980713e-02 9.756460e-01 9.756360e-01 9.756502e-01 2.435307e-02 4.765530e-02 4.764293e-02 4.364068e-02 4.365759e-02 4.369357e-02
66 1.127106e-01 1.127539e-01 1.128606e-01 9.463594e-01 9.463393e-01 9.462749e-01 5.364000e-02 1.024090e-01 1.025517e-01 8.530069e-02 8.532893e-02 8.549714e-02
67 1.755711e-01 1.756519e-01 1.757528e-01 9.185429e-01 9.185063e-01 9.184178e-01 8.145967e-02 1.521544e-01 1.523684e-01 1.168323e-01 1.168759e-01 1.171502e-01
68 3.817307e-01 3.818710e-01 3.813801e-01 8.396865e-01 8.396335e-01 8.397026e-01 1.603082e-01 2.777929e-01 2.777640e-01 1.636815e-01 1.637075e-01 1.638376e-01
69 7.160963e-01 7.164547e-01 7.191973e-01 7.469859e-01 7.468799e-01 7.462057e-01 2.530247e-01 4.040533e-01 4.051189e-01 1.843472e-01 1.843718e-01 1.853100e-01
70 7.701656e-01 7.704981e-01 7.668550e-01 7.334911e-01 7.333945e-01 7.335535e-01 2.665173e-01 4.227348e-01 4.229195e-01 1.890205e-01 1.890403e-01 1.895999e-01
71 8.449726e-01 8.453705e-01 8.455216e-01 7.223819e-01 7.222694e-01 7.221203e-01 2.776378e-01 4.284220e-01 4.287163e-01 1.745682e-01 1.745870e-01 1.748981e-01
72 7.222638e-01 7.225424e-01 7.229625e-01 7.386986e-01 7.386159e-01 7.380574e-01 2.612956e-01 4.211446e-01 4.221427e-01 1.964128e-01 1.964274e-01 1.970038e-01
73 1.057064e+00 1.057536e+00 1.065143e+00 6.745999e-01 6.744876e-01 6.736715e-01 3.254022e-01 4.837348e-01 4.848500e-01 1.714565e-01 1.714689e-01 1.720893e-01
74 3.663621e-01 3.667694e-01 3.656987e-01 9.229564e-01 9.228595e-01 9.236338e-01 7.707639e-02 1.293431e-01 1.289501e-01 7.836212e-02 7.842073e-02 7.864547e-02
75 1.039102e-02 1.039685e-02 1.037642e-02 9.948379e-01 9.948350e-01 9.948441e-01 5.162333e-03 1.026449e-02 1.024816e-02 1.000386e-02 1.000943e-02 9.999882e-03
76 8.971222e-03 8.975418e-03 8.991819e-03 9.955350e-01 9.955329e-01 9.955247e-01 4.465080e-03 8.893440e-03 8.909829e-03 8.728487e-03 8.732554e-03 8.748915e-03
77 3.228129e-03 3.229822e-03 3.230340e-03 9.983889e-01 9.983880e-01 9.983878e-01 1.611160e-03 3.218059e-03 3.218554e-03 3.193051e-03 3.194719e-03 3.195166e-03
78 7.908145e-04 7.912646e-04 7.913141e-04 9.996048e-01 9.996046e-01 9.996046e-01 3.951781e-04 7.903276e-04 7.904170e-04 7.880118e-04 7.884601e-04 7.886280e-04
79 8.019522e-04 8.022805e-04 8.021359e-04 9.995992e-01 9.995990e-01 9.995991e-01 4.008225e-04 8.016763e-04 8.015342e-04 8.001425e-04 8.004697e-04 8.003327e-04
80 1.418852e-03 1.419413e-03 1.421535e-03 9.992911e-01 9.992908e-01 9.992897e-01 7.088944e-04 1.417390e-03 1.419512e-03 1.412797e-03 1.413355e-03 1.415480e-03
81 2.179634e-03 2.180470e-03 2.185248e-03 9.989114e-01 9.989109e-01 9.989086e-01 1.088625e-03 2.175763e-03 2.180515e-03 2.165563e-03 2.166392e-03 2.171093e-03
82 3.626168e-03 3.627852e-03 3.600805e-03 9.981907e-01 9.981898e-01 9.982031e-01 1.809216e-03 3.612811e-03 3.586806e-03 3.581430e-03 3.583091e-03 3.559086e-03
83 1.134457e-02 1.135046e-02 1.127288e-02 9.943681e-01 9.943652e-01 9.944021e-01 5.631888e-03 1.119026e-02 1.112008e-02 1.087680e-02 1.088240e-02 1.082519e-02
84 3.488386e-02 3.489583e-02 3.498093e-02 9.828873e-01 9.828815e-01 9.828393e-01 1.711083e-02 3.360731e-02 3.369024e-02 3.123716e-02 3.124748e-02 3.132252e-02
85 5.592065e-02 5.594878e-02 5.606320e-02 9.730609e-01 9.730474e-01 9.729953e-01 2.694111e-02 5.203804e-02 5.213413e-02 4.543863e-02 4.546038e-02 4.553349e-02
86 5.009150e-02 5.011291e-02 5.013741e-02 9.758414e-01 9.758312e-01 9.758185e-01 2.415836e-02 4.671394e-02 4.673908e-02 4.096937e-02 4.098551e-02 4.100741e-02
87 7.400525e-02 7.404455e-02 7.319798e-02 9.650118e-01 9.649937e-01 9.653036e-01 3.498904e-02 6.649859e-02 6.603674e-02 5.478172e-02 5.480692e-02 5.473403e-02
88 7.610883e-02 7.613590e-02 7.623049e-02 9.638447e-01 9.638322e-01 9.637816e-01 3.615171e-02 6.895818e-02 6.906000e-02 5.746283e-02 5.748006e-02 5.756743e-02
89 4.820760e-02 4.823780e-02 4.817851e-02 9.765730e-01 9.765585e-01 9.765817e-01 2.343101e-02 4.560915e-02 4.557382e-02 4.092188e-02 4.094552e-02 4.094488e-02
90 7.975184e-03 7.979674e-03 7.946288e-03 9.960319e-01 9.960297e-01 9.960458e-01 3.968368e-03 7.902071e-03 7.870837e-03 7.746244e-03 7.750555e-03 7.723333e-03
91 9.867519e-04 9.872003e-04 9.862549e-04 9.995069e-01 9.995067e-01 9.995071e-01 4.931340e-04 9.861805e-04 9.852394e-04 9.836989e-04 9.841455e-04 9.832127e-04
92 6.444253e-04 6.447847e-04 6.425949e-04 9.996779e-01 9.996778e-01 9.996788e-01 3.220725e-04 6.441912e-04 6.420140e-04 6.426485e-04 6.430068e-04 6.408550e-04
93 3.244432e-04 3.246030e-04 3.243466e-04 9.998378e-01 9.998377e-01 9.998379e-01 1.621844e-04 3.244592e-04 3.242032e-04 3.240124e-04 3.241719e-04 3.239166e-04
94 1.345524e-04 1.346222e-04 1.351004e-04 9.999327e-01 9.999327e-01 9.999325e-01 6.727456e-05 1.346013e-04 1.350792e-04 1.344897e-04 1.345595e-04 1.350369e-04
95 5.363295e-05 5.365977e-05 5.372806e-05 9.999732e-01 9.999732e-01 9.999731e-01 2.681587e-05 5.365648e-05 5.372474e-05 5.362308e-05 5.364990e-05 5.371812e-05
96 9.757230e-05 9.762002e-05 9.745600e-05 9.999512e-01 9.999512e-01 9.999513e-01 4.878335e-05 9.760950e-05 9.744568e-05 9.754076e-05 9.758846e-05 9.742505e-05
97 2.353032e-04 2.354184e-04 2.355064e-04 9.998824e-01 9.998823e-01 9.998823e-01 1.176332e-04 2.353567e-04 2.354463e-04 2.351184e-04 2.352335e-04 2.353261e-04
98 7.446663e-04 7.449707e-04 7.437870e-04 9.996278e-01 9.996277e-01 9.996282e-01 3.721725e-04 7.444066e-04 7.432269e-04 7.429769e-04 7.432803e-04 7.421085e-04
99 2.539241e-03 2.540228e-03 2.530708e-03 9.987319e-01 9.987314e-01 9.987361e-01 1.268083e-03 2.534189e-03 2.524781e-03 2.521197e-03 2.522174e-03 2.512989e-03
100 5.793271e-03 5.795092e-03 5.801581e-03 9.971099e-01 9.971090e-01 9.971057e-01 2.889926e-03 5.769027e-03 5.775545e-03 5.715559e-03 5.717342e-03 5.723918e-03
101 1.084129e-02 1.084625e-02 1.092552e-02 9.946146e-01 9.946121e-01 9.945735e-01 5.385347e-03 1.070663e-02 1.078178e-02 1.043300e-02 1.043770e-02 1.050500e-02
102 1.809479e-02 1.810266e-02 1.808069e-02 9.910684e-01 9.910646e-01 9.910753e-01 8.931004e-03 1.764709e-02 1.762610e-02 1.678978e-02 1.679679e-02 1.677802e-02
103 3.121904e-02 3.123342e-02 3.133128e-02 9.846688e-01 9.846618e-01 9.846179e-01 1.533181e-02 3.014337e-02 3.022203e-02 2.812993e-02 2.814257e-02 2.819095e-02
104 2.898994e-02 2.899947e-02 2.905879e-02 9.857766e-01 9.857720e-01 9.857434e-01 1.422196e-02 2.793676e-02 2.799198e-02 2.598491e-02 2.599307e-02 2.603980e-02
105 2.335265e-02 2.336372e-02 2.333238e-02 9.884823e-01 9.884768e-01 9.884896e-01 1.151833e-02 2.273950e-02 2.271906e-02 2.156156e-02 2.157130e-02 2.156811e-02
106 4.848104e-02 4.850104e-02 4.840816e-02 9.763169e-01 9.763072e-01 9.763507e-01 2.368389e-02 4.632080e-02 4.623936e-02 4.232497e-02 4.234152e-02 4.228022e-02
107 5.070252e-03 5.073078e-03 5.081386e-03 9.974712e-01 9.974698e-01 9.974657e-01 2.529164e-03 5.047681e-03 5.055938e-03 4.994671e-03 4.997428e-03 5.005582e-03
108 4.185484e-03 4.187493e-03 4.190251e-03 9.979123e-01 9.979113e-01 9.979099e-01 2.087714e-03 4.167363e-03 4.170173e-03 4.125598e-03 4.127565e-03 4.130476e-03
109 2.111632e-03 2.112826e-03 2.111624e-03 9.989459e-01 9.989453e-01 9.989459e-01 1.054080e-03 2.105881e-03 2.104867e-03 2.090960e-03 2.092139e-03 2.091482e-03
110 4.990223e-03 4.992429e-03 4.992109e-03 9.975127e-01 9.975116e-01 9.975118e-01 2.487270e-03 4.961222e-03 4.960901e-03 4.897458e-03 4.899607e-03 4.899280e-03
111 1.159733e-03 1.160581e-03 1.155077e-03 9.994211e-01 9.994206e-01 9.994234e-01 5.789602e-04 1.156848e-03 1.151451e-03 1.148599e-03 1.149435e-03 1.144250e-03
112 7.871684e-05 7.878907e-05 7.851285e-05 9.999606e-01 9.999606e-01 9.999607e-01 3.937098e-05 7.877797e-05 7.850192e-05 7.868359e-05 7.875577e-05 7.848006e-05
113 4.449648e-05 4.451997e-05 4.455647e-05 9.999778e-01 9.999777e-01 9.999777e-01 2.224773e-05 4.451687e-05 4.455337e-05 4.448719e-05 4.451068e-05 4.454718e-05
114 3.451008e-05 3.452330e-05 3.459121e-05 9.999827e-01 9.999827e-01 9.999827e-01 1.725352e-05 3.452194e-05 3.458984e-05 3.450599e-05 3.451921e-05 3.458709e-05
115 7.608509e-05 7.611635e-05 7.605222e-05 9.999620e-01 9.999619e-01 9.999620e-01 3.803758e-05 7.610934e-05 7.604527e-05 7.606407e-05 7.609532e-05 7.603139e-05
116 3.388690e-04 3.390530e-04 3.410738e-04 9.998306e-01 9.998305e-01 9.998295e-01 1.693795e-04 3.388593e-04 3.408719e-04 3.382890e-04 3.384725e-04 3.404690e-04
117 1.061747e-03 1.062299e-03 1.061045e-03 9.994695e-01 9.994692e-01 9.994699e-01 5.304974e-04 1.060778e-03 1.059546e-03 1.057198e-03 1.057747e-03 1.056558e-03
118 1.767836e-03 1.768719e-03 1.763929e-03 9.991171e-01 9.991167e-01 9.991190e-01 8.828914e-04 1.764610e-03 1.759917e-03 1.755563e-03 1.756438e-03 1.751936e-03
