0 4.225240e+01 4.228180e+01 4.228667e+01 2.588507e-01 2.587900e-01 2.556978e-01 7.411020e-01 7.900611e-01 7.940578e-01 4.314518e-02 4.313979e-02 4.714963e-02
1 1.817409e+02 1.817938e+02 1.823402e+02 1.227517e-04 1.223265e-04 2.974946e-06 9.998773e-01 9.999993e-01 1.000000e+00 6.826867e-07 6.781374e-07 8.991414e-11
2 2.285968e+02 2.285151e+02 2.286260e+02 1.364842e-03 1.359361e-03 1.131191e-03 9.986354e-01 9.999751e-01 9.999878e-01 2.508628e-05 2.489898e-05 1.224836e-05
3 1.431195e+02 1.434828e+02 1.424091e+02 2.086054e-02 2.081205e-02 2.150978e-02 9.791447e-01 9.957436e-01 9.961471e-01 3.980611e-03 3.966429e-03 3.702395e-03
4 4.709065e+01 4.712102e+01 4.718392e+01 7.437146e-02 7.425572e-02 7.305263e-02 9.256368e-01 9.795958e-01 9.808593e-01 1.769837e-02 1.765825e-02 1.703714e-02
5 1.081773e+01 1.082546e+01 1.081060e+01 2.142803e-01 2.140802e-01 2.119359e-01 7.857601e-01 9.069389e-01 9.097654e-01 6.748129e-02 6.740494e-02 6.697354e-02
6 2.230325e+00 2.231583e+00 2.239570e+00 5.751818e-01 5.750056e-01 5.742762e-01 4.248651e-01 5.705712e-01 5.717117e-01 1.455808e-01 1.455682e-01 1.457043e-01
7 6.338923e-01 6.342922e-01 6.269372e-01 8.049492e-01 8.048446e-01 8.049642e-01 1.950656e-01 3.003378e-01 3.003609e-01 1.305295e-01 1.305615e-01 1.308601e-01
8 2.071152e-01 2.072618e-01 2.097567e-01 9.213706e-01 9.213171e-01 9.208351e-01 7.863969e-02 1.325303e-01 1.330643e-01 7.709743e-02 7.713391e-02 7.705653e-02
9 8.107966e-02 8.113670e-02 8.159673e-02 9.630163e-01 9.629898e-01 9.629270e-01 3.698862e-02 6.854010e-02 6.850292e-02 5.243081e-02 5.246445e-02 5.223668e-02
10 8.213091e-02 8.217914e-02 8.126806e-02 9.621999e-01 9.621783e-01 9.624858e-01 3.780177e-02 7.035557e-02 6.992582e-02 5.419159e-02 5.421915e-02 5.419270e-02
11 1.926404e-01 1.927343e-01 1.931854e-01 9.192401e-01 9.192050e-01 9.192259e-01 8.075616e-02 1.414294e-01 1.412918e-01 9.099302e-02 9.101927e-02 9.094115e-02
12 2.190099e+00 2.191294e+00 2.196142e+00 5.891458e-01 5.890195e-01 5.895351e-01 4.108510e-01 5.481200e-01 5.471868e-01 1.362850e-01 1.362820e-01 1.359647e-01
13 1.562560e+01 1.563352e+01 1.558311e+01 1.427164e-01 1.426099e-01 1.394924e-01 8.572738e-01 9.445808e-01 9.487440e-01 4.070744e-02 4.067061e-02 4.012359e-02
14 3.357844e+01 3.359386e+01 3.356549e+01 3.519270e-02 3.514661e-02 3.092338e-02 9.648098e-01 9.936310e-01 9.959994e-01 5.860932e-03 5.849987e-03 3.894029e-03
15 2.857686e+01 2.859416e+01 2.851129e+01 1.813334e-01 1.812085e-01 1.824533e-01 8.186922e-01 8.964353e-01 8.947802e-01 5.532227e-02 5.528722e-02 5.532442e-02
16 2.587860e+01 2.589003e+01 2.603285e+01 6.102786e-02 6.098051e-02 5.637559e-02 9.389535e-01 9.837644e-01 9.880309e-01 1.359095e-02 1.357848e-02 1.108190e-02
17 2.555625e+01 2.557011e+01 2.555995e+01 4.992487e-02 4.985256e-02 4.928303e-02 9.500926e-01 9.897359e-01 9.903393e-01 9.448140e-03 9.428089e-03 9.040544e-03
18 8.221057e+00 8.225641e+00 8.212877e+00 3.196101e-01 3.194457e-01 3.187754e-01 6.804110e-01 8.113602e-01 8.122890e-01 1.001325e-01 1.000889e-01 1.003451e-01
19 3.036912e+00 3.038455e+00 2.989734e+00 6.059103e-01 6.057661e-01 6.059593e-01 3.940784e-01 5.323945e-01 5.322494e-01 1.466864e-01 1.467011e-01 1.470790e-01
20 8.585114e-01 8.595720e-01 8.428822e-01 8.003476e-01 8.001988e-01 8.003303e-01 1.997071e-01 2.976033e-01 2.972643e-01 1.280401e-01 1.280794e-01 1.277893e-01
21 2.286601e-01 2.288148e-01 2.269816e-01 9.164356e-01 9.163812e-01 9.161779e-01 8.356765e-02 1.423242e-01 1.423933e-01 8.949236e-02 8.953262e-02 8.933158e-02
22 8.673691e-02 8.679272e-02 8.656220e-02 9.589724e-01 9.589460e-01 9.589585e-01 4.103237e-02 7.813874e-02 7.819954e-02 6.510757e-02 6.514498e-02 6.528624e-02
23 2.183227e-02 2.184722e-02 2.180600e-02 9.893032e-01 9.892959e-01 9.893144e-01 1.069751e-02 2.099434e-02 2.096037e-02 1.945855e-02 1.947138e-02 1.944416e-02
24 3.952941e-03 3.955558e-03 3.956451e-03 9.981102e-01 9.981090e-01 9.980887e-01 1.889499e-03 3.632020e-03 3.700112e-03 3.140747e-03 3.142826e-03 3.269792e-03
25 2.815598e-03 2.818408e-03 2.843782e-03 9.986294e-01 9.986280e-01 9.986076e-01 1.370967e-03 2.675944e-03 2.728975e-03 2.433957e-03 2.436520e-03 2.523555e-03
26 5.467500e-04 5.470143e-04 5.473328e-04 9.997267e-01 9.997266e-01 9.997264e-01 2.732799e-04 5.466314e-04 5.469520e-04 5.456036e-04 5.458671e-04 5.461917e-04
27 2.300158e-03 2.301535e-03 2.269620e-03 9.988538e-01 9.988531e-01 9.988685e-01 1.146069e-03 2.285974e-03 2.256586e-03 2.254309e-03 2.255656e-03 2.230961e-03
28 2.428913e-02 2.430332e-02 2.419019e-02 9.881370e-01 9.881302e-01 9.881725e-01 1.186238e-02 2.321672e-02 2.315413e-02 2.132030e-02 2.133196e-02 2.132989e-02
29 2.129825e-01 2.130748e-01 2.145178e-01 9.067868e-01 9.067496e-01 9.063524e-01 9.321042e-02 1.668147e-01 1.673452e-01 1.113884e-01 1.114170e-01 1.115772e-01
30 3.042504e-01 3.043832e-01 3.054218e-01 8.688683e-01 8.688172e-01 8.685507e-01 1.311294e-01 2.305923e-01 2.308981e-01 1.411257e-01 1.411553e-01 1.411395e-01
31 2.169873e-01 2.170924e-01 2.176992e-01 9.028332e-01 9.027886e-01 9.025304e-01 9.716897e-02 1.763231e-01 1.767654e-01 1.221149e-01 1.221542e-01 1.224146e-01
32 5.723810e-01 5.726271e-01 5.709440e-01 7.799716e-01 7.798917e-01 7.795805e-01 2.200271e-01 3.619827e-01 3.626377e-01 1.784506e-01 1.784731e-01 1.787815e-01
33 1.381233e+00 1.381829e+00 1.380766e+00 5.995602e-01 5.994346e-01 5.997329e-01 4.004559e-01 5.783482e-01 5.781297e-01 1.759982e-01 1.759891e-01 1.764584e-01
34 6.620274e+00 6.623195e+00 6.620573e+00 2.732377e-01 2.731372e-01 2.724253e-01 7.267348e-01 8.607547e-01 8.624940e-01 8.616933e-02 8.613493e-02 8.702210e-02
35 2.122987e+01 2.123933e+01 2.130021e+01 9.115160e-02 9.106730e-02 8.802786e-02 9.088503e-01 9.722779e-01 9.751605e-01 2.304777e-02 2.301864e-02 2.154902e-02
36 2.042267e+01 2.043329e+01 2.043702e+01 8.009855e-02 8.002340e-02 7.819464e-02 9.199052e-01 9.769631e-01 9.788528e-01 1.963002e-02 1.960496e-02 1.865035e-02
37 2.127312e+01 2.128486e+01 2.129800e+01 1.278477e-01 1.277410e-01 1.270553e-01 8.721557e-01 9.454631e-01 9.471945e-01 3.749806e-02 3.746272e-02 3.836288e-02
38 2.623946e+01 2.625082e+01 2.619267e+01 5.327051e-02 5.321403e-02 4.888897e-02 9.467317e-01 9.874506e-01 9.905213e-01 1.113440e-02 1.111757e-02 8.917689e-03
39 5.728643e+00 5.733727e+00 5.752711e+00 3.475985e-01 3.474038e-01 3.448892e-01 6.524427e-01 7.937751e-01 7.973077e-01 1.047730e-01 1.047200e-01 1.058245e-01
40 3.247000e-01 3.248782e-01 3.241322e-01 8.689096e-01 8.688470e-01 8.689979e-01 1.310981e-01 2.221086e-01 2.219714e-01 1.232983e-01 1.233264e-01 1.233891e-01
41 8.953368e-02 8.961467e-02 9.007115e-02 9.581377e-01 9.581025e-01 9.579298e-01 4.187786e-02 7.881402e-02 7.907537e-02 6.262207e-02 6.265922e-02 6.269507e-02
42 3.120035e-02 3.121792e-02 3.107739e-02 9.848510e-01 9.848426e-01 9.848975e-01 1.514910e-02 2.947597e-02 2.939105e-02 2.644114e-02 2.645483e-02 2.644198e-02
43 7.214683e-03 7.218460e-03 7.242634e-03 9.964143e-01 9.964124e-01 9.964007e-01 3.585720e-03 7.132594e-03 7.155312e-03 6.962329e-03 6.965922e-03 6.985920e-03
44 2.637728e-03 2.639298e-03 2.635669e-03 9.986842e-01 9.986834e-01 9.986852e-01 1.315885e-03 2.627116e-03 2.623637e-03 2.601535e-03 2.603077e-03 2.599883e-03
45 1.731326e-03 1.732066e-03 1.729907e-03 9.991353e-01 9.991349e-01 9.991360e-01 8.647014e-04 1.728296e-03 1.726181e-03 1.720061e-03 1.720793e-03 1.718766e-03
46 1.422396e-03 1.422997e-03 1.427237e-03 9.992893e-01 9.992890e-01 9.992869e-01 7.106349e-04 1.420811e-03 1.425040e-03 1.415859e-03 1.416456e-03 1.420663e-03
47 3.916057e-03 3.917637e-03 3.926816e-03 9.980467e-01 9.980459e-01 9.980413e-01 1.953277e-03 3.898908e-03 3.908101e-03 3.860310e-03 3.861856e-03 3.871068e-03
48 1.274907e-02 1.275543e-02 1.276176e-02 9.936815e-01 9.936784e-01 9.936750e-01 6.318426e-03 1.253335e-02 1.254026e-02 1.210068e-02 1.210654e-02 1.211441e-02
49 7.395915e-02 7.400324e-02 7.315600e-02 9.651665e-01 9.651461e-01 9.653456e-01 3.483306e-02 6.621554e-02 6.603526e-02 5.520379e-02 5.523242e-02 5.537470e-02
50 7.046837e-01 7.050474e-01 7.081994e-01 7.739914e-01 7.738991e-01 7.736680e-01 2.260021e-01 3.549387e-01 3.556482e-01 1.584379e-01 1.584546e-01 1.591129e-01
51 2.165535e+00 2.166315e+00 2.192583e+00 5.377416e-01 5.376325e-01 5.372179e-01 4.622386e-01 6.289208e-01 6.295757e-01 1.600469e-01 1.600423e-01 1.604874e-01
52 1.893086e+00 1.893089e+00 1.887378e+00 5.852547e-01 5.851172e-01 5.843722e-01 4.147524e-01 5.723866e-01 5.738442e-01 1.606768e-01 1.606710e-01 1.615488e-01
53 3.093353e+00 3.095748e+00 3.077109e+00 4.477120e-01 4.475603e-01 4.462721e-01 5.522999e-01 7.190462e-01 7.214595e-01 1.391210e-01 1.390857e-01 1.404538e-01
54 2.450027e+00 2.451695e+00 2.456089e+00 5.227282e-01 5.225484e-01 5.226607e-01 4.773266e-01 6.389070e-01 6.388833e-01 1.505816e-01 1.505493e-01 1.507109e-01
55 5.910518e-01 5.913764e-01 5.884050e-01 7.939473e-01 7.938503e-01 7.943406e-01 2.060691e-01 3.249688e-01 3.244817e-01 1.443617e-01 1.443960e-01 1.445427e-01
56 5.504810e-02 5.507577e-02 5.499837e-02 9.734848e-01 9.734718e-01 9.735074e-01 2.651570e-02 5.120281e-02 5.113762e-02 4.461192e-02 4.463181e-02 4.458919e-02
57 1.105408e-02 1.106101e-02 1.105891e-02 9.945278e-01 9.945244e-01 9.945251e-01 5.472958e-03 1.084391e-02 1.084294e-02 1.042225e-02 1.042862e-02 1.042959e-02
58 5.177003e-03 5.179833e-03 5.153306e-03 9.974240e-01 9.974226e-01 9.974356e-01 2.576027e-03 5.130101e-03 5.104555e-03 5.030070e-03 5.032778e-03 5.009114e-03
59 2.155567e-03 2.156613e-03 2.149920e-03 9.989242e-01 9.989236e-01 9.989269e-01 1.075804e-03 2.148842e-03 2.142333e-03 2.132408e-03 2.133439e-03 2.127291e-03
60 6.208434e-04 6.212518e-04 6.157233e-04 9.996898e-01 9.996896e-01 9.996923e-01 3.102582e-04 6.204866e-04 6.149953e-04 6.185542e-04 6.189611e-04 6.135437e-04
61 2.168920e-04 2.170160e-04 2.166666e-04 9.998916e-01 9.998915e-01 9.998917e-01 1.084424e-04 2.169604e-04 2.166115e-04 2.167255e-04 2.168493e-04 2.165014e-04
62 3.633220e-04 3.634758e-04 3.637069e-04 9.998184e-01 9.998183e-01 9.998182e-01 1.816252e-04 3.633402e-04 3.635709e-04 3.629159e-04 3.630693e-04 3.632993e-04
63 1.413522e-03 1.414124e-03 1.430189e-03 9.992939e-01 9.992936e-01 9.992856e-01 7.060125e-04 1.411460e-03 1.427428e-03 1.405568e-03 1.406166e-03 1.421941e-03
64 5.574461e-03 5.576887e-03 5.550640e-03 9.972200e-01 9.972188e-01 9.972317e-01 2.779889e-03 5.547915e-03 5.522614e-03 5.488218e-03 5.490583e-03 5.467108e-03
65 2.589017e-02 2.590265e-02 2.588452e-02 9.872361e-01 9.872300e-01 9.872339e-01 1.276365e-02 2.519103e-02 2.519203e-02 2.385912e-02 2.387010e-02 2.389776e-02
66 1.084032e-01 1.084491e-01 1.087418e-01 9.491771e-01 9.491565e-01 9.490013e-01 5.082068e-02 9.584099e-02 9.615714e-02 7.661194e-02 7.663666e-02 7.694190e-02
67 1.585376e-01 1.586052e-01 1.581651e-01 9.262665e-01 9.262363e-01 9.263499e-01 7.373647e-02 1.379567e-01 1.378673e-01 1.065069e-01 1.065423e-01 1.067459e-01
68 3.377408e-01 3.378629e-01 3.369817e-01 8.563706e-01 8.563258e-01 8.564063e-01 1.436177e-01 2.509510e-01 2.511012e-01 1.521015e-01 1.521240e-01 1.526321e-01
69 9.245765e-01 9.250416e-01 9.273350e-01 6.951627e-01 6.950441e-01 6.946864e-01 3.048475e-01 4.684909e-01 4.690933e-01 1.807958e-01 1.808032e-01 1.813186e-01
70 1.483229e+00 1.483878e+00 1.496054e+00 6.087601e-01 6.086496e-01 6.077110e-01 3.912341e-01 5.634405e-01 5.649096e-01 1.754857e-01 1.754790e-01 1.761321e-01
71 1.971905e+00 1.972860e+00 1.975161e+00 5.382310e-01 5.380860e-01 5.371907e-01 4.617927e-01 6.296168e-01 6.311046e-01 1.562903e-01 1.562738e-01 1.570470e-01
72 1.846967e+00 1.847687e+00 1.849504e+00 5.344328e-01 5.343253e-01 5.331286e-01 4.655493e-01 6.527435e-01 6.546957e-01 1.714489e-01 1.714285e-01 1.724999e-01
73 1.578914e+00 1.579787e+00 1.576238e+00 5.967011e-01 5.965542e-01 5.965282e-01 4.033199e-01 5.629329e-01 5.633916e-01 1.552064e-01 1.551917e-01 1.559857e-01
74 8.244336e-02 8.256141e-02 8.035213e-02 9.624655e-01 9.624186e-01 9.629961e-01 3.755941e-02 6.992200e-02 6.921325e-02 5.522468e-02 5.526238e-02 5.527711e-02
75 1.543706e-02 1.544430e-02 1.542517e-02 9.923483e-01 9.923447e-01 9.923533e-01 7.651869e-03 1.517948e-02 1.516404e-02 1.466276e-02 1.466946e-02 1.466039e-02
76 9.191979e-03 9.196328e-03 9.199764e-03 9.954297e-01 9.954275e-01 9.954257e-01 4.570340e-03 9.094150e-03 9.098012e-03 8.890720e-03 8.894867e-03 8.899496e-03
77 1.605393e-03 1.606240e-03 1.611934e-03 9.991981e-01 9.991977e-01 9.991949e-01 8.018828e-04 1.602881e-03 1.608530e-03 1.595358e-03 1.596197e-03 1.601754e-03
78 3.645525e-04 3.647464e-04 3.641865e-04 9.998178e-01 9.998177e-01 9.998180e-01 1.822388e-04 3.645571e-04 3.640010e-04 3.639855e-04 3.641790e-04 3.636305e-04
79 3.976863e-04 3.978659e-04 3.970340e-04 9.998012e-01 9.998011e-01 9.998015e-01 1.987996e-04 3.976868e-04 3.968575e-04 3.971497e-04 3.973290e-04 3.965049e-04
80 1.244547e-03 1.245050e-03 1.244338e-03 9.993782e-01 9.993779e-01 9.993783e-01 6.217712e-04 1.243213e-03 1.242508e-03 1.239054e-03 1.239552e-03 1.238861e-03
81 2.970752e-03 2.971997e-03 2.969583e-03 9.985172e-01 9.985166e-01 9.985178e-01 1.482756e-03 2.961609e-03 2.959335e-03 2.939776e-03 2.941000e-03 2.939000e-03
82 4.060115e-03 4.061602e-03 4.057507e-03 9.979745e-01 9.979737e-01 9.979757e-01 2.025483e-03 4.043558e-03 4.039617e-03 4.006381e-03 4.007836e-03 4.004196e-03
83 6.701481e-03 6.704458e-03 6.671703e-03 9.966620e-01 9.966605e-01 9.966765e-01 3.338071e-03 6.653800e-03 6.622611e-03 6.551797e-03 6.554673e-03 6.526502e-03
84 2.396282e-02 2.396796e-02 2.399799e-02 9.881741e-01 9.881716e-01 9.881567e-01 1.182345e-02 2.335487e-02 2.338417e-02 2.219406e-02 2.219882e-02 2.222631e-02
85 7.931967e-02 7.936079e-02 7.946478e-02 9.625381e-01 9.625191e-01 9.624819e-01 3.746424e-02 7.113983e-02 7.119503e-02 5.847910e-02 5.850568e-02 5.852152e-02
86 1.056773e-01 1.057221e-01 1.053107e-01 9.513495e-01 9.513300e-01 9.514743e-01 4.864940e-02 9.041282e-02 9.021164e-02 6.886656e-02 6.888828e-02 6.890436e-02
87 1.411409e-01 1.412155e-01 1.418761e-01 9.371479e-01 9.371170e-01 9.368502e-01 6.285408e-02 1.136998e-01 1.141446e-01 7.860585e-02 7.863493e-02 7.886068e-02
88 1.701127e-01 1.701792e-01 1.701806e-01 9.234748e-01 9.234471e-01 9.234385e-01 7.652238e-02 1.393659e-01 1.393904e-01 9.800087e-02 9.802442e-02 9.806007e-02
89 5.305703e-02 5.309024e-02 5.302441e-02 9.743716e-01 9.743559e-01 9.743823e-01 2.563224e-02 4.962008e-02 4.957782e-02 4.361632e-02 4.364070e-02 4.363073e-02
90 5.047905e-03 5.050874e-03 5.049945e-03 9.974823e-01 9.974809e-01 9.974813e-01 2.517979e-03 5.025744e-03 5.024791e-03 4.973153e-03 4.976049e-03 4.975049e-03
91 1.304757e-03 1.305421e-03 1.308994e-03 9.993482e-01 9.993479e-01 9.993461e-01 6.518189e-04 1.303125e-03 1.306688e-03 1.297895e-03 1.298554e-03 1.302095e-03
92 7.502908e-04 7.507061e-04 7.499078e-04 9.996251e-01 9.996249e-01 9.996253e-01 3.748685e-04 7.495836e-04 7.487935e-04 7.469352e-04 7.473478e-04 7.465742e-04
93 2.164827e-04 2.165986e-04 2.149504e-04 9.998918e-01 9.998917e-01 9.998925e-01 1.082227e-04 2.165221e-04 2.148762e-04 2.162538e-04 2.163695e-04 2.147281e-04
94 6.388783e-05 6.391767e-05 6.418583e-05 9.999681e-01 9.999680e-01 9.999679e-01 3.194398e-05 6.391357e-05 6.418165e-05 6.387555e-05 6.390538e-05 6.417328e-05
95 3.759856e-05 3.761914e-05 3.775045e-05 9.999812e-01 9.999812e-01 9.999811e-01 1.879873e-05 3.761692e-05 3.774825e-05 3.759193e-05 3.761250e-05 3.774386e-05
96 1.029499e-04 1.029922e-04 1.028224e-04 9.999485e-01 9.999485e-01 9.999486e-01 5.147144e-05 1.029782e-04 1.028085e-04 1.029078e-04 1.029501e-04 1.027805e-04
97 1.301488e-04 1.301986e-04 1.303540e-04 9.999349e-01 9.999349e-01 9.999348e-01 6.506744e-05 1.301830e-04 1.303384e-04 1.301022e-04 1.301519e-04 1.303073e-04
98 3.704933e-04 3.706446e-04 3.706791e-04 9.998148e-01 9.998147e-01 9.998147e-01 1.852125e-04 3.705177e-04 3.705526e-04 3.701133e-04 3.702642e-04 3.702997e-04
99 1.261985e-03 1.262492e-03 1.259544e-03 9.993694e-01 9.993692e-01 9.993707e-01 6.305271e-04 1.260728e-03 1.257810e-03 1.256707e-03 1.257211e-03 1.254353e-03
100 4.771994e-03 4.773600e-03 4.775959e-03 9.976199e-01 9.976191e-01 9.976178e-01 2.379871e-03 4.750096e-03 4.752747e-03 4.702045e-03 4.703611e-03 4.706825e-03
101 1.108005e-02 1.108480e-02 1.106501e-02 9.944900e-01 9.944876e-01 9.944973e-01 5.510140e-03 1.096542e-02 1.094663e-02 1.072746e-02 1.073196e-02 1.071503e-02
102 2.101235e-02 2.102004e-02 2.101660e-02 9.896393e-01 9.896355e-01 9.896359e-01 1.035951e-02 2.044807e-02 2.044962e-02 1.937523e-02 1.938186e-02 1.939133e-02
103 5.481045e-02 5.483634e-02 5.489161e-02 9.734986e-01 9.734863e-01 9.734608e-01 2.650242e-02 5.136744e-02 5.141589e-02 4.545669e-02 4.547625e-02 4.551938e-02
104 6.393162e-02 6.395204e-02 6.404693e-02 9.693054e-01 9.692959e-01 9.692615e-01 3.069193e-02 5.908447e-02 5.913288e-02 5.089226e-02 5.090571e-02 5.089865e-02
105 5.708357e-02 5.710765e-02 5.722419e-02 9.725842e-01 9.725729e-01 9.725183e-01 2.741531e-02 5.279665e-02 5.289932e-02 4.554347e-02 4.556002e-02 4.563976e-02
106 8.787314e-02 8.791925e-02 8.789856e-02 9.581202e-01 9.580988e-01 9.581051e-01 4.188324e-02 8.007740e-02 8.007240e-02 6.710081e-02 6.713086e-02 6.715282e-02
107 6.832769e-03 6.836483e-03 6.840702e-03 9.965956e-01 9.965938e-01 9.965916e-01 3.404799e-03 6.788619e-03 6.792909e-03 6.690925e-03 6.694514e-03 6.698951e-03
108 9.271740e-03 9.275663e-03 9.282896e-03 9.953884e-01 9.953865e-01 9.953828e-01 4.611550e-03 9.178961e-03 9.186502e-03 8.986227e-03 8.989947e-03 8.998059e-03
109 5.477070e-03 5.480156e-03 5.498722e-03 9.972741e-01 9.972726e-01 9.972635e-01 2.725904e-03 5.429767e-03 5.447797e-03 5.328607e-03 5.331561e-03 5.348535e-03
110 1.047832e-02 1.048261e-02 1.045634e-02 9.947934e-01 9.947913e-01 9.948042e-01 5.206596e-03 1.035312e-02 1.032772e-02 1.009643e-02 1.010047e-02 1.007674e-02
111 1.126077e-03 1.126839e-03 1.133225e-03 9.994378e-01 9.994374e-01 9.994343e-01 5.622120e-04 1.123384e-03 1.129702e-03 1.115780e-03 1.116531e-03 1.122715e-03
112 1.300901e-04 1.301971e-04 1.301674e-04 9.999350e-01 9.999349e-01 9.999349e-01 6.506064e-05 1.301710e-04 1.301413e-04 1.300119e-04 1.301187e-04 1.300891e-04
113 4.485379e-05 4.487774e-05 4.493110e-05 9.999776e-01 9.999776e-01 9.999775e-01 2.242686e-05 4.487488e-05 4.492821e-05 4.484524e-05 4.486917e-05 4.492245e-05
114 3.085937e-05 3.086978e-05 3.084854e-05 9.999846e-01 9.999846e-01 9.999846e-01 1.542764e-05 3.086864e-05 3.084741e-05 3.085596e-05 3.086637e-05 3.084515e-05
115 1.041372e-04 1.041742e-04 1.042306e-04 9.999479e-01 9.999479e-01 9.999479e-01 5.206037e-05 1.041618e-04 1.042181e-04 1.040998e-04 1.041368e-04 1.041932e-04
116 2.285392e-04 2.286396e-04 2.281401e-04 9.998857e-01 9.998857e-01 9.998859e-01 1.142549e-04 2.285859e-04 2.280872e-04 2.283784e-04 2.284786e-04 2.279814e-04
117 8.344795e-04 8.348953e-04 8.348377e-04 9.995830e-01 9.995828e-01 9.995828e-01 4.169975e-04 8.339277e-04 8.338764e-04 8.315849e-04 8.319985e-04 8.319595e-04
118 2.680879e-03 2.682230e-03 2.683462e-03 9.986621e-01 9.986615e-01 9.986609e-01 1.337865e-03 2.671971e-03 2.673138e-03 2.650324e-03 2.651651e-03 2.652692e-03
