0 1.067328e+01 1.068105e+01 1.068977e+01 4.081497e-01 4.080553e-01 4.074636e-01 5.918083e-01 6.590261e-01 6.614018e-01 5.793253e-02 5.792604e-02 5.927746e-02
1 6.605551e+01 6.608255e+01 6.616396e+01 5.360982e-03 5.351698e-03 1.701769e-03 9.946396e-01 9.993007e-01 9.999748e-01 6.774430e-04 6.757025e-04 2.516477e-05
2 1.068668e+02 1.068134e+02 1.057900e+02 3.941481e-03 3.929446e-03 2.450927e-03 9.960602e-01 9.997570e-01 9.999437e-01 2.423571e-04 2.411076e-04 5.627360e-05
3 9.892268e+01 9.911500e+01 9.952708e+01 1.689906e-02 1.685821e-02 1.059990e-02 9.831060e-01 9.964202e-01 9.993212e-01 3.069574e-03 3.060926e-03 6.746776e-04
4 6.305233e+01 6.309230e+01 6.336779e+01 2.064718e-02 2.059618e-02 1.959533e-02 9.793585e-01 9.976491e-01 9.980330e-01 2.305882e-03 2.295902e-03 1.938549e-03
5 3.001135e+01 3.003324e+01 2.990750e+01 6.259677e-02 6.249027e-02 5.759366e-02 9.374131e-01 9.851491e-01 9.891950e-01 1.286082e-02 1.283082e-02 1.019244e-02
6 8.659269e+00 8.665643e+00 8.510754e+00 2.492069e-01 2.489790e-01 2.485886e-01 7.508435e-01 8.725035e-01 8.732203e-01 7.710696e-02 7.703375e-02 7.725678e-02
7 1.855671e+00 1.856768e+00 1.849222e+00 6.017388e-01 6.015629e-01 6.014397e-01 3.983025e-01 5.459064e-01 5.462449e-01 1.512881e-01 1.512796e-01 1.517986e-01
8 9.591747e-01 9.598869e-01 9.411782e-01 7.742982e-01 7.741536e-01 7.742702e-01 2.257340e-01 3.317375e-01 3.315283e-01 1.247380e-01 1.247634e-01 1.248224e-01
9 5.037135e-01 5.041044e-01 4.872130e-01 8.507162e-01 8.506010e-01 8.511824e-01 1.493100e-01 2.374595e-01 2.370352e-01 1.190503e-01 1.191001e-01 1.195386e-01
10 3.060550e-01 3.062744e-01 3.045557e-01 8.848992e-01 8.848173e-01 8.847227e-01 1.151224e-01 1.928855e-01 1.931302e-01 1.100176e-01 1.100732e-01 1.101414e-01
11 7.722296e-01 7.726098e-01 7.727653e-01 7.378322e-01 7.377283e-01 7.376046e-01 2.621703e-01 4.041580e-01 4.044061e-01 1.614931e-01 1.615018e-01 1.617224e-01
12 5.076107e+00 5.078924e+00 5.065386e+00 3.534997e-01 3.533207e-01 3.525749e-01 6.465257e-01 7.942218e-01 7.956419e-01 1.113748e-01 1.113240e-01 1.122250e-01
13 1.329265e+01 1.329922e+01 1.328512e+01 1.113416e-01 1.112475e-01 1.101763e-01 8.886562e-01 9.623625e-01 9.641088e-01 2.980793e-02 2.977745e-02 2.951162e-02
14 1.995755e+01 1.996621e+01 1.998036e+01 4.869770e-02 4.864263e-02 4.667860e-02 9.513101e-01 9.901305e-01 9.915837e-01 9.053508e-03 9.038578e-03 7.978027e-03
15 1.268626e+01 1.269373e+01 1.268972e+01 2.706730e-01 2.705104e-01 2.700752e-01 7.293685e-01 8.361539e-01 8.367889e-01 8.313861e-02 8.309567e-02 8.352893e-02
16 9.690991e+00 9.694884e+00 9.752355e+00 1.769213e-01 1.768117e-01 1.731728e-01 8.230620e-01 9.222334e-01 9.279335e-01 4.858412e-02 4.854994e-02 5.013794e-02
17 1.317910e+01 1.318705e+01 1.316138e+01 1.113804e-01 1.112667e-01 1.096455e-01 8.886408e-01 9.674145e-01 9.689624e-01 2.806750e-02 2.802794e-02 2.724338e-02
18 6.779536e+00 6.783559e+00 6.756389e+00 3.120550e-01 3.118538e-01 3.104743e-01 6.879878e-01 8.297350e-01 8.322767e-01 9.920611e-02 9.913989e-02 1.000893e-01
19 2.551886e+00 2.553194e+00 2.539143e+00 5.439551e-01 5.437918e-01 5.429755e-01 4.560556e-01 6.123968e-01 6.136067e-01 1.499966e-01 1.499860e-01 1.504542e-01
20 9.522161e-01 9.530641e-01 9.499451e-01 7.524438e-01 7.522707e-01 7.516863e-01 2.476153e-01 3.755663e-01 3.766101e-01 1.589553e-01 1.589883e-01 1.596069e-01
21 3.811651e-01 3.814092e-01 3.729319e-01 8.665273e-01 8.664445e-01 8.665677e-01 1.334788e-01 2.229271e-01 2.231406e-01 1.284761e-01 1.285203e-01 1.289406e-01
22 2.484957e-01 2.486344e-01 2.477364e-01 8.913959e-01 8.913340e-01 8.913154e-01 1.086174e-01 1.951700e-01 1.953342e-01 1.330930e-01 1.331464e-01 1.332539e-01
23 1.179258e-01 1.180007e-01 1.173505e-01 9.453204e-01 9.452862e-01 9.454524e-01 5.468334e-02 1.022668e-01 1.021013e-01 7.947119e-02 7.951491e-02 7.962639e-02
24 4.224223e-02 4.227135e-02 4.029622e-02 9.876629e-01 9.876550e-01 9.870646e-01 1.233568e-02 2.031069e-02 2.053965e-02 1.325104e-02 1.325765e-02 1.255944e-02
25 2.206408e-02 2.208979e-02 2.115268e-02 9.916318e-01 9.916206e-01 9.913493e-01 8.373241e-03 1.436359e-02 1.491815e-02 9.773022e-03 9.786795e-03 9.673277e-03
26 2.841775e-03 2.843183e-03 2.820181e-03 9.985821e-01 9.985814e-01 9.985926e-01 1.417808e-03 2.831264e-03 2.809407e-03 2.806362e-03 2.807751e-03 2.788084e-03
27 1.337013e-02 1.337815e-02 1.337606e-02 9.934230e-01 9.934191e-01 9.934139e-01 6.576465e-03 1.295695e-02 1.297697e-02 1.219095e-02 1.219825e-02 1.224472e-02
28 7.200184e-02 7.203542e-02 7.202228e-02 9.653649e-01 9.653489e-01 9.653499e-01 3.463375e-02 6.680654e-02 6.681017e-02 5.797282e-02 5.799739e-02 5.800633e-02
29 2.287429e-01 2.288374e-01 2.286823e-01 8.970812e-01 8.970392e-01 8.970660e-01 1.029208e-01 1.875646e-01 1.875541e-01 1.319809e-01 1.320234e-01 1.320748e-01
30 2.594818e-01 2.596019e-01 2.591565e-01 8.853042e-01 8.852519e-01 8.852947e-01 1.146979e-01 2.064106e-01 2.064173e-01 1.391002e-01 1.391425e-01 1.392383e-01
31 3.231401e-01 3.233240e-01 3.220855e-01 8.664355e-01 8.663594e-01 8.664235e-01 1.335767e-01 2.326209e-01 2.327126e-01 1.448150e-01 1.448657e-01 1.451607e-01
32 9.489118e-01 9.492925e-01 9.522401e-01 6.821664e-01 6.820571e-01 6.814969e-01 3.178412e-01 4.888936e-01 4.897201e-01 1.896203e-01 1.896223e-01 1.900247e-01
33 2.762212e+00 2.763619e+00 2.772032e+00 4.378687e-01 4.376919e-01 4.367428e-01 5.621606e-01 7.383580e-01 7.400953e-01 1.432413e-01 1.431942e-01 1.440841e-01
34 8.008662e+00 8.012207e+00 8.007766e+00 2.366839e-01 2.365761e-01 2.358089e-01 7.633051e-01 8.912370e-01 8.923450e-01 7.634990e-02 7.631073e-02 7.629182e-02
35 1.205387e+01 1.205955e+01 1.207862e+01 1.679751e-01 1.678496e-01 1.658427e-01 8.320325e-01 9.351820e-01 9.376876e-01 4.886946e-02 4.882226e-02 4.826013e-02
36 1.082537e+01 1.083098e+01 1.086032e+01 1.408193e-01 1.407030e-01 1.378992e-01 8.591951e-01 9.468481e-01 9.503605e-01 3.839425e-02 3.835618e-02 3.818387e-02
37 7.789612e+00 7.793894e+00 7.835009e+00 2.731793e-01 2.730067e-01 2.702930e-01 7.268334e-01 8.623716e-01 8.666988e-01 8.697590e-02 8.691765e-02 8.785644e-02
38 1.179631e+01 1.180138e+01 1.179486e+01 1.347844e-01 1.346757e-01 1.320869e-01 8.652278e-01 9.549310e-01 9.580784e-01 3.638136e-02 3.634199e-02 3.530823e-02
39 5.897218e+00 5.901484e+00 5.883644e+00 3.004311e-01 3.002402e-01 2.982610e-01 6.996084e-01 8.396545e-01 8.430382e-01 9.242791e-02 9.236809e-02 9.373750e-02
40 7.326012e-01 7.331140e-01 7.288334e-01 7.592066e-01 7.590653e-01 7.591838e-01 2.408263e-01 3.722182e-01 3.722103e-01 1.512188e-01 1.512358e-01 1.512793e-01
41 1.007072e-01 1.007833e-01 1.008361e-01 9.526983e-01 9.526640e-01 9.526127e-01 4.731322e-02 8.937230e-02 8.950093e-02 7.183979e-02 7.188172e-02 7.204328e-02
42 5.046042e-02 5.048889e-02 5.091557e-02 9.757196e-01 9.757061e-01 9.755308e-01 2.428088e-02 4.685779e-02 4.714679e-02 4.076404e-02 4.078527e-02 4.089397e-02
43 2.120407e-02 2.121150e-02 2.119250e-02 9.895356e-01 9.895319e-01 9.895414e-01 1.046341e-02 2.066826e-02 2.064950e-02 1.963296e-02 1.963975e-02 1.962160e-02
44 7.396744e-03 7.403454e-03 7.410847e-03 9.963254e-01 9.963220e-01 9.963184e-01 3.675799e-03 7.309230e-03 7.316276e-03 7.120657e-03 7.126998e-03 7.133330e-03
45 3.088350e-03 3.089209e-03 3.090534e-03 9.984593e-01 9.984589e-01 9.984582e-01 1.540305e-03 3.075295e-03 3.076553e-03 3.046906e-03 3.047776e-03 3.048906e-03
46 3.744538e-03 3.747041e-03 3.743321e-03 9.981321e-01 9.981308e-01 9.981327e-01 1.868306e-03 3.729710e-03 3.726007e-03 3.692977e-03 3.695420e-03 3.691753e-03
47 8.318449e-03 8.322419e-03 8.336678e-03 9.958605e-01 9.958585e-01 9.958513e-01 4.139594e-03 8.244059e-03 8.258667e-03 8.086745e-03 8.090573e-03 8.105826e-03
48 3.933833e-02 3.936340e-02 3.925336e-02 9.810594e-01 9.810472e-01 9.810716e-01 1.894090e-02 3.660652e-02 3.659398e-02 3.212371e-02 3.214397e-02 3.219462e-02
49 2.396060e-01 2.397457e-01 2.400167e-01 8.971745e-01 8.971165e-01 8.969705e-01 1.028265e-01 1.828686e-01 1.830510e-01 1.214085e-01 1.214551e-01 1.215252e-01
50 8.947791e-01 8.952122e-01 9.003901e-01 7.110016e-01 7.108841e-01 7.105759e-01 2.890097e-01 4.464126e-01 4.469258e-01 1.821084e-01 1.821194e-01 1.826169e-01
51 1.169427e+00 1.169936e+00 1.170291e+00 6.687948e-01 6.686894e-01 6.692711e-01 3.311988e-01 4.843883e-01 4.839858e-01 1.649294e-01 1.649414e-01 1.652881e-01
52 8.234248e-01 8.233885e-01 8.206734e-01 7.270068e-01 7.269021e-01 7.265880e-01 2.729906e-01 4.218019e-01 4.225426e-01 1.735807e-01 1.736044e-01 1.741118e-01
53 1.547842e+00 1.549073e+00 1.554910e+00 5.884521e-01 5.882825e-01 5.877266e-01 4.115823e-01 5.910574e-01 5.920902e-01 1.763729e-01 1.763522e-01 1.773397e-01
54 1.341484e+00 1.342288e+00 1.335609e+00 6.454886e-01 6.453226e-01 6.455448e-01 3.545660e-01 5.102978e-01 5.101063e-01 1.647330e-01 1.647235e-01 1.647838e-01
55 6.772998e-01 6.776303e-01 6.777544e-01 7.624496e-01 7.623431e-01 7.620774e-01 2.375733e-01 3.727659e-01 3.732063e-01 1.594740e-01 1.595049e-01 1.597984e-01
56 1.402002e-01 1.402711e-01 1.403199e-01 9.361458e-01 9.361143e-01 9.360829e-01 6.385618e-02 1.176541e-01 1.177157e-01 8.674372e-02 8.678078e-02 8.681915e-02
57 1.747948e-02 1.749131e-02 1.746189e-02 9.913629e-01 9.913571e-01 9.913709e-01 8.638459e-03 1.708588e-02 1.705975e-02 1.630598e-02 1.631680e-02 1.629646e-02
58 6.267829e-03 6.271251e-03 6.244368e-03 9.968811e-01 9.968794e-01 9.968926e-01 3.118962e-03 6.211642e-03 6.185502e-03 6.091704e-03 6.094998e-03 6.070286e-03
59 3.875088e-03 3.876672e-03 3.893109e-03 9.980685e-01 9.980677e-01 9.980596e-01 1.931270e-03 3.852559e-03 3.868774e-03 3.803525e-03 3.805069e-03 3.820846e-03
60 1.719393e-03 1.720758e-03 1.718026e-03 9.991418e-01 9.991411e-01 9.991424e-01 8.584120e-04 1.714875e-03 1.712233e-03 1.701862e-03 1.703212e-03 1.700743e-03
61 8.330896e-04 8.335862e-04 8.331484e-04 9.995837e-01 9.995835e-01 9.995837e-01 4.163302e-04 8.325588e-04 8.321208e-04 8.300152e-04 8.305099e-04 8.300713e-04
62 1.381763e-03 1.382472e-03 1.379237e-03 9.993097e-01 9.993093e-01 9.993109e-01 6.903225e-04 1.380257e-03 1.377040e-03 1.375140e-03 1.375845e-03 1.372662e-03
63 5.112913e-03 5.115715e-03 5.144595e-03 9.974549e-01 9.974535e-01 9.974389e-01 2.544933e-03 5.070746e-03 5.099984e-03 4.981518e-03 4.984220e-03 5.013684e-03
64 1.685568e-02 1.686368e-02 1.686295e-02 9.916437e-01 9.916397e-01 9.916396e-01 8.356243e-03 1.658020e-02 1.658121e-02 1.602655e-02 1.603400e-02 1.603797e-02
65 4.913342e-02 4.915388e-02 4.905505e-02 9.759834e-01 9.759735e-01 9.760114e-01 2.401563e-02 4.700477e-02 4.694845e-02 4.308175e-02 4.309856e-02 4.310169e-02
66 1.125294e-01 1.125730e-01 1.127313e-01 9.464634e-01 9.464431e-01 9.463583e-01 5.353595e-02 1.021826e-01 1.023582e-01 8.503438e-02 8.506256e-02 8.524308e-02
67 1.740795e-01 1.741586e-01 1.743369e-01 9.191365e-01 9.191006e-01 9.189823e-01 8.086606e-02 1.511781e-01 1.514413e-01 1.163912e-01 1.164341e-01 1.167311e-01
68 3.820279e-01 3.821686e-01 3.815517e-01 8.396159e-01 8.395629e-01 8.396130e-01 1.603786e-01 2.778502e-01 2.779105e-01 1.635711e-01 1.635971e-01 1.638304e-01
69 7.283295e-01 7.286907e-01 7.320028e-01 7.440757e-01 7.439688e-01 7.432623e-01 2.559349e-01 4.076801e-01 4.087312e-01 1.843195e-01 1.843435e-01 1.851686e-01
70 7.914031e-01 7.917468e-01 7.881124e-01 7.287930e-01 7.286950e-01 7.288366e-01 2.712151e-01 4.285551e-01 4.287172e-01 1.891164e-01 1.891350e-01 1.896336e-01
71 8.750430e-01 8.754558e-01 8.754492e-01 7.157001e-01 7.155861e-01 7.155198e-01 2.843198e-01 4.365563e-01 4.366731e-01 1.746687e-01 1.746859e-01 1.748847e-01
72 7.485520e-01 7.488437e-01 7.486395e-01 7.321362e-01 7.320516e-01 7.316352e-01 2.678577e-01 4.295927e-01 4.304073e-01 1.968255e-01 1.968388e-01 1.974066e-01
73 1.078845e+00 1.079325e+00 1.087647e+00 6.702966e-01 6.701832e-01 6.692552e-01 3.297060e-01 4.885347e-01 4.897434e-01 1.710538e-01 1.710647e-01 1.716837e-01
74 3.482406e-01 3.486369e-01 3.483439e-01 9.242905e-01 9.241943e-01 9.248868e-01 7.574223e-02 1.274052e-01 1.271268e-01 7.778776e-02 7.784642e-02 7.813316e-02
75 1.058937e-02 1.059527e-02 1.057971e-02 9.947400e-01 9.947370e-01 9.947437e-01 5.260243e-03 1.045794e-02 1.044671e-02 1.018774e-02 1.019339e-02 1.018936e-02
76 9.056959e-03 9.061198e-03 9.080242e-03 9.954926e-01 9.954905e-01 9.954810e-01 4.507461e-03 8.977285e-03 8.996180e-03 8.808548e-03 8.812653e-03 8.831257e-03
77 3.187797e-03 3.189460e-03 3.191861e-03 9.984090e-01 9.984082e-01 9.984070e-01 1.591059e-03 3.177957e-03 3.180312e-03 3.153488e-03 3.155128e-03 3.157393e-03
78 7.770840e-04 7.775296e-04 7.777860e-04 9.996117e-01 9.996115e-01 9.996113e-01 3.883227e-04 7.766319e-04 7.769241e-04 7.743986e-04 7.748424e-04 7.752053e-04
79 7.923527e-04 7.926727e-04 7.927841e-04 9.996040e-01 9.996038e-01 9.996038e-01 3.960265e-04 7.920830e-04 7.921959e-04 7.905865e-04 7.909055e-04 7.910213e-04
80 1.420488e-03 1.421054e-03 1.423348e-03 9.992903e-01 9.992900e-01 9.992888e-01 7.097089e-04 1.419019e-03 1.421313e-03 1.414399e-03 1.414961e-03 1.417257e-03
81 2.212431e-03 2.213276e-03 2.218550e-03 9.988950e-01 9.988946e-01 9.988920e-01 1.104981e-03 2.208398e-03 2.213649e-03 2.197850e-03 2.198687e-03 2.203893e-03
82 3.607575e-03 3.609216e-03 3.586710e-03 9.981998e-01 9.981990e-01 9.982100e-01 1.800059e-03 3.594732e-03 3.573152e-03 3.564472e-03 3.566092e-03 3.546289e-03
83 1.112512e-02 1.113082e-02 1.107140e-02 9.944762e-01 9.944734e-01 9.945014e-01 5.523819e-03 1.097715e-02 1.092442e-02 1.067623e-02 1.068166e-02 1.064057e-02
84 3.478231e-02 3.479386e-02 3.490003e-02 9.829359e-01 9.829303e-01 9.828792e-01 1.706220e-02 3.351369e-02 3.361171e-02 3.115748e-02 3.116746e-02 3.124866e-02
85 5.709978e-02 5.712819e-02 5.723430e-02 9.725175e-01 9.725039e-01 9.724577e-01 2.748458e-02 5.304517e-02 5.312698e-02 4.618388e-02 4.620584e-02 4.625865e-02
86 5.147906e-02 5.150095e-02 5.153086e-02 9.752034e-01 9.751930e-01 9.751795e-01 2.479626e-02 4.789338e-02 4.791762e-02 4.183244e-02 4.184877e-02 4.186125e-02
87 7.588797e-02 7.592777e-02 7.513660e-02 9.641743e-01 9.641559e-01 9.644506e-01 3.582662e-02 6.799803e-02 6.755130e-02 5.572541e-02 5.575069e-02 5.566474e-02
88 7.860633e-02 7.863426e-02 7.869020e-02 9.627228e-01 9.627099e-01 9.626772e-01 3.727363e-02 7.098976e-02 7.105848e-02 5.882494e-02 5.884235e-02 5.890653e-02
89 4.883627e-02 4.886694e-02 4.884927e-02 9.762780e-01 9.762633e-01 9.762674e-01 2.372606e-02 4.616453e-02 4.616429e-02 4.135550e-02 4.137939e-02 4.140321e-02
90 7.887485e-03 7.891934e-03 7.870201e-03 9.960753e-01 9.960731e-01 9.960834e-01 3.925006e-03 7.816256e-03 7.796423e-03 7.664191e-03 7.668464e-03 7.652155e-03
91 9.987050e-04 9.991573e-04 9.993689e-04 9.995009e-01 9.995007e-01 9.995006e-01 4.991033e-04 9.981074e-04 9.983221e-04 9.955621e-04 9.960125e-04 9.962332e-04
92 6.531617e-04 6.535213e-04 6.503339e-04 9.996736e-01 9.996734e-01 9.996750e-01 3.264348e-04 6.529052e-04 6.497342e-04 6.513178e-04 6.516761e-04 6.485377e-04
93 3.244016e-04 3.245618e-04 3.244406e-04 9.998378e-01 9.998378e-01 9.998378e-01 1.621635e-04 3.244175e-04 3.242963e-04 3.239692e-04 3.241292e-04 3.240078e-04
94 1.330949e-04 1.331640e-04 1.335875e-04 9.999335e-01 9.999334e-01 9.999332e-01 6.654589e-05 1.331436e-04 1.335669e-04 1.330339e-04 1.331030e-04 1.335258e-04
95 5.338011e-05 5.340662e-05 5.341224e-05 9.999733e-01 9.999733e-01 9.999733e-01 2.668946e-05 5.340338e-05 5.340899e-05 5.337038e-05 5.339689e-05 5.340249e-05
96 9.780844e-05 9.785640e-05 9.778772e-05 9.999511e-01 9.999511e-01 9.999511e-01 4.890143e-05 9.784588e-05 9.777733e-05 9.777691e-05 9.782485e-05 9.775657e-05
97 2.312998e-04 2.314129e-04 2.315689e-04 9.998844e-01 9.998843e-01 9.998842e-01 1.156323e-04 2.313545e-04 2.315118e-04 2.311246e-04 2.312377e-04 2.313977e-04
98 7.313360e-04 7.316358e-04 7.312630e-04 9.996345e-01 9.996343e-01 9.996345e-01 3.655140e-04 7.310949e-04 7.307251e-04 7.297160e-04 7.300148e-04 7.296510e-04
99 2.503898e-03 2.504857e-03 2.494856e-03 9.987495e-01 9.987490e-01 9.987540e-01 1.250449e-03 2.498971e-03 2.489085e-03 2.486310e-03 2.487260e-03 2.477605e-03
100 5.788232e-03 5.790006e-03 5.799571e-03 9.971124e-01 9.971115e-01 9.971067e-01 2.887399e-03 5.763926e-03 5.773495e-03 5.710472e-03 5.712210e-03 5.721789e-03
101 1.089925e-02 1.090422e-02 1.098587e-02 9.945857e-01 9.945833e-01 9.945435e-01 5.414211e-03 1.076411e-02 1.084153e-02 1.048944e-02 1.049415e-02 1.056355e-02
102 1.833145e-02 1.833937e-02 1.831927e-02 9.909534e-01 9.909495e-01 9.909591e-01 9.046032e-03 1.787102e-02 1.785281e-02 1.699076e-02 1.699780e-02 1.698327e-02
103 3.206542e-02 3.208030e-02 3.218068e-02 9.842617e-01 9.842544e-01 9.842104e-01 1.573894e-02 3.092810e-02 3.100543e-02 2.880602e-02 2.881901e-02 2.886017e-02
104 2.998961e-02 2.999948e-02 3.007219e-02 9.852958e-01 9.852910e-01 9.852562e-01 1.470274e-02 2.886320e-02 2.892993e-02 2.678231e-02 2.679072e-02 2.684575e-02
105 2.413403e-02 2.414548e-02 2.408944e-02 9.881040e-01 9.880984e-01 9.881229e-01 1.189653e-02 2.347259e-02 2.342990e-02 2.220690e-02 2.221691e-02 2.219562e-02
106 4.979997e-02 4.982080e-02 4.972818e-02 9.756895e-01 9.756794e-01 9.757232e-01 2.431142e-02 4.751707e-02 4.743416e-02 4.330706e-02 4.332417e-02 4.325841e-02
107 5.152455e-03 5.155328e-03 5.165431e-03 9.974303e-01 9.974289e-01 9.974239e-01 2.570072e-03 5.129129e-03 5.139178e-03 5.074497e-03 5.077299e-03 5.087239e-03
108 4.332435e-03 4.334511e-03 4.337633e-03 9.978392e-01 9.978382e-01 9.978366e-01 2.160830e-03 4.312950e-03 4.316138e-03 4.268303e-03 4.270336e-03 4.273652e-03
109 2.192362e-03 2.193613e-03 2.194356e-03 9.989057e-01 9.989051e-01 9.989047e-01 1.094299e-03 2.186085e-03 2.186997e-03 2.169960e-03 2.171193e-03 2.172427e-03
110 5.161424e-03 5.163719e-03 5.166422e-03 9.974276e-01 9.974265e-01 9.974252e-01 2.572355e-03 5.130458e-03 5.133060e-03 5.062578e-03 5.064810e-03 5.067215e-03
111 1.173029e-03 1.173881e-03 1.167957e-03 9.994144e-01 9.994140e-01 9.994170e-01 5.855892e-04 1.170067e-03 1.164248e-03 1.161659e-03 1.162497e-03 1.156881e-03
112 8.095378e-05 8.102755e-05 8.069424e-05 9.999595e-01 9.999595e-01 9.999597e-01 4.048966e-05 8.101587e-05 8.068276e-05 8.091880e-05 8.099251e-05 8.065980e-05
113 4.507916e-05 4.510268e-05 4.511393e-05 9.999775e-01 9.999774e-01 9.999774e-01 2.253906e-05 4.509951e-05 4.511077e-05 4.506967e-05 4.509319e-05 4.510447e-05
114 3.480088e-05 3.481413e-05 3.484230e-05 9.999826e-01 9.999826e-01 9.999826e-01 1.739888e-05 3.481274e-05 3.484091e-05 3.479672e-05 3.480997e-05 3.483813e-05
115 7.757829e-05 7.760947e-05 7.760821e-05 9.999612e-01 9.999612e-01 9.999612e-01 3.878402e-05 7.760223e-05 7.760102e-05 7.755656e-05 7.758774e-05 7.758664e-05
116 3.360110e-04 3.361912e-04 3.378424e-04 9.998320e-01 9.998320e-01 9.998311e-01 1.679520e-04 3.360031e-04 3.376464e-04 3.354478e-04 3.356275e-04 3.372551e-04
117 1.065405e-03 1.065956e-03 1.064678e-03 9.994677e-01 9.994674e-01 9.994680e-01 5.323232e-04 1.064423e-03 1.063166e-03 1.060819e-03 1.061366e-03 1.060152e-03
118 1.811371e-03 1.812279e-03 1.808236e-03 9.990954e-01 9.990949e-01 9.990969e-01 9.046043e-04 1.807953e-03 1.804011e-03 1.798452e-03 1.799352e-03 1.795607e-03
