0 9.545677e+00 9.552696e+00 9.544695e+00 4.216060e-01 4.215071e-01 4.211287e-01 5.783529e-01 6.476214e-01 6.495550e-01 5.911443e-02 5.910744e-02 6.052139e-02
1 6.065038e+01 6.067555e+01 6.066756e+01 6.235899e-03 6.225411e-03 2.322983e-03 9.937648e-01 9.991169e-01 9.999527e-01 8.487249e-04 8.466807e-04 4.728164e-05
2 9.983004e+01 9.977998e+01 9.881807e+01 3.974367e-03 3.962337e-03 2.495060e-03 9.960274e-01 9.997459e-01 9.999417e-01 2.531848e-04 2.519172e-04 5.822003e-05
3 9.458574e+01 9.476559e+01 9.490339e+01 1.615739e-02 1.611756e-02 9.971862e-03 9.838478e-01 9.967338e-01 9.994237e-01 2.822472e-03 2.814419e-03 5.734177e-04
4 6.248556e+01 6.252492e+01 6.266732e+01 1.882543e-02 1.877812e-02 1.802193e-02 9.811801e-01 9.980171e-01 9.982807e-01 1.953061e-03 1.944406e-03 1.696970e-03
5 3.125292e+01 3.127550e+01 3.102224e+01 5.826607e-02 5.816443e-02 5.360514e-02 9.417431e-01 9.865386e-01 9.902919e-01 1.168965e-02 1.166175e-02 9.189228e-03
6 9.538847e+00 9.545930e+00 9.366685e+00 2.301026e-01 2.298799e-01 2.295917e-01 7.699450e-01 8.856576e-01 8.862443e-01 7.094465e-02 7.087260e-02 7.108118e-02
7 1.991796e+00 1.992967e+00 1.990781e+00 5.873150e-01 5.871341e-01 5.870381e-01 4.127311e-01 5.604193e-01 5.607832e-01 1.494599e-01 1.494470e-01 1.500699e-01
8 1.042147e+00 1.042930e+00 1.010514e+00 7.644804e-01 7.643294e-01 7.640931e-01 2.355527e-01 3.437893e-01 3.439820e-01 1.262010e-01 1.262254e-01 1.262534e-01
9 5.539504e-01 5.543852e-01 5.342883e-01 8.417412e-01 8.416194e-01 8.419762e-01 1.582868e-01 2.498207e-01 2.496162e-01 1.219862e-01 1.220354e-01 1.222903e-01
10 3.321557e-01 3.323932e-01 3.307488e-01 8.782349e-01 8.781477e-01 8.779297e-01 1.217890e-01 2.022586e-01 2.025915e-01 1.127744e-01 1.128307e-01 1.128319e-01
11 8.433117e-01 8.437307e-01 8.431489e-01 7.208618e-01 7.207511e-01 7.205796e-01 2.791426e-01 4.251430e-01 4.255449e-01 1.622651e-01 1.622705e-01 1.625739e-01
12 5.248838e+00 5.251743e+00 5.237214e+00 3.399638e-01 3.397821e-01 3.391001e-01 6.600644e-01 8.066865e-01 8.080245e-01 1.075534e-01 1.074994e-01 1.084010e-01
13 1.289297e+01 1.289933e+01 1.291549e+01 1.120213e-01 1.119259e-01 1.105145e-01 8.879771e-01 9.622433e-01 9.642883e-01 2.996047e-02 2.992967e-02 2.946845e-02
14 1.905751e+01 1.906584e+01 1.906021e+01 4.998838e-02 4.993227e-02 4.784673e-02 9.500202e-01 9.896348e-01 9.912296e-01 9.428674e-03 9.413450e-03 8.294202e-03
15 1.185053e+01 1.185752e+01 1.186142e+01 2.780604e-01 2.778970e-01 2.772049e-01 7.219819e-01 8.310735e-01 8.322129e-01 8.513800e-02 8.509509e-02 8.592833e-02
16 8.969167e+00 8.972702e+00 9.008769e+00 1.874449e-01 1.873299e-01 1.840321e-01 8.125400e-01 9.163980e-01 9.217983e-01 5.177786e-02 5.174117e-02 5.348605e-02
17 1.241115e+01 1.241866e+01 1.238640e+01 1.185630e-01 1.184443e-01 1.166047e-01 8.814597e-01 9.639451e-01 9.657253e-01 3.067159e-02 3.062981e-02 2.977697e-02
18 6.600451e+00 6.604383e+00 6.582100e+00 3.142074e-01 3.140030e-01 3.118771e-01 6.858375e-01 8.288342e-01 8.321309e-01 9.993369e-02 9.986589e-02 1.005484e-01
19 2.514340e+00 2.515634e+00 2.511121e+00 5.414844e-01 5.413212e-01 5.400659e-01 4.585288e-01 6.155914e-01 6.173786e-01 1.499447e-01 1.499329e-01 1.505768e-01
20 9.432281e-01 9.440482e-01 9.422378e-01 7.508842e-01 7.507105e-01 7.501724e-01 2.491753e-01 3.784218e-01 3.793003e-01 1.599606e-01 1.599928e-01 1.605194e-01
21 3.832839e-01 3.835310e-01 3.752642e-01 8.651775e-01 8.650936e-01 8.652195e-01 1.348290e-01 2.252960e-01 2.255233e-01 1.297686e-01 1.298130e-01 1.302275e-01
22 2.587843e-01 2.589267e-01 2.591426e-01 8.875220e-01 8.874584e-01 8.872565e-01 1.124920e-01 2.014771e-01 2.018267e-01 1.360149e-01 1.360684e-01 1.362497e-01
23 1.272435e-01 1.273234e-01 1.264277e-01 9.412474e-01 9.412111e-01 9.414623e-01 5.875660e-02 1.094967e-01 1.092059e-01 8.399273e-02 8.403788e-02 8.411875e-02
24 4.727919e-02 4.731193e-02 4.493835e-02 9.867441e-01 9.867355e-01 9.861121e-01 1.325423e-02 2.179812e-02 2.198090e-02 1.419486e-02 1.420227e-02 1.357806e-02
25 2.410370e-02 2.413203e-02 2.299066e-02 9.910816e-01 9.910695e-01 9.907620e-01 8.923909e-03 1.522127e-02 1.579515e-02 1.028225e-02 1.029695e-02 1.012001e-02
26 3.083771e-03 3.085312e-03 3.055602e-03 9.984617e-01 9.984609e-01 9.984754e-01 1.538190e-03 3.070987e-03 3.042745e-03 3.041251e-03 3.042770e-03 3.017323e-03
27 1.468644e-02 1.469529e-02 1.464616e-02 9.927848e-01 9.927805e-01 9.927969e-01 7.214650e-03 1.419704e-02 1.417700e-02 1.329594e-02 1.330389e-02 1.332014e-02
28 7.588475e-02 7.591957e-02 7.593631e-02 9.635345e-01 9.635179e-01 9.635101e-01 3.646415e-02 7.026445e-02 7.027730e-02 6.070773e-02 6.073309e-02 6.073201e-02
29 2.302416e-01 2.303373e-01 2.305885e-01 8.962970e-01 8.962542e-01 8.961569e-01 1.037054e-01 1.891030e-01 1.892429e-01 1.331777e-01 1.332212e-01 1.332167e-01
30 2.598691e-01 2.599904e-01 2.592247e-01 8.853917e-01 8.853385e-01 8.854959e-01 1.146109e-01 2.060582e-01 2.059006e-01 1.387328e-01 1.387758e-01 1.388554e-01
31 3.297023e-01 3.298906e-01 3.286193e-01 8.643623e-01 8.642842e-01 8.643157e-01 1.356509e-01 2.356892e-01 2.358127e-01 1.457010e-01 1.457528e-01 1.459886e-01
32 9.968811e-01 9.972777e-01 9.980307e-01 6.719236e-01 6.718108e-01 6.715512e-01 3.280860e-01 5.007953e-01 5.013766e-01 1.886538e-01 1.886527e-01 1.892294e-01
33 2.868584e+00 2.870043e+00 2.884501e+00 4.294296e-01 4.292514e-01 4.280339e-01 5.706004e-01 7.461848e-01 7.482525e-01 1.409837e-01 1.409347e-01 1.417807e-01
34 7.933503e+00 7.936947e+00 7.927344e+00 2.376265e-01 2.375172e-01 2.372162e-01 7.623646e-01 8.910927e-01 8.916707e-01 7.678974e-02 7.675005e-02 7.686020e-02
35 1.137307e+01 1.137847e+01 1.139869e+01 1.766900e-01 1.765608e-01 1.747233e-01 8.233183e-01 9.304417e-01 9.327523e-01 5.188037e-02 5.183136e-02 5.139899e-02
36 1.030269e+01 1.030811e+01 1.032003e+01 1.456382e-01 1.455173e-01 1.427476e-01 8.543775e-01 9.446639e-01 9.483202e-01 3.982247e-02 3.978277e-02 3.970346e-02
37 7.167465e+00 7.171355e+00 7.207962e+00 2.871179e-01 2.869409e-01 2.842628e-01 7.128959e-01 8.536806e-01 8.577834e-01 9.189718e-02 9.183736e-02 9.268998e-02
38 1.100137e+01 1.100613e+01 1.099352e+01 1.441132e-01 1.439984e-01 1.420604e-01 8.559004e-01 9.503611e-01 9.528622e-01 3.959923e-02 3.955745e-02 3.896698e-02
39 5.785423e+00 5.789533e+00 5.776031e+00 3.009435e-01 3.007517e-01 2.990002e-01 6.990970e-01 8.400768e-01 8.431351e-01 9.270919e-02 9.264839e-02 9.391912e-02
40 7.691258e-01 7.696600e-01 7.663660e-01 7.512589e-01 7.511133e-01 7.514443e-01 2.487759e-01 3.820547e-01 3.816781e-01 1.517800e-01 1.517962e-01 1.518424e-01
41 1.014679e-01 1.015433e-01 1.015614e-01 9.523243e-01 9.522901e-01 9.522648e-01 4.768684e-02 9.010017e-02 9.017289e-02 7.246462e-02 7.250708e-02 7.263209e-02
42 5.093246e-02 5.096129e-02 5.130647e-02 9.754911e-01 9.754774e-01 9.753386e-01 2.450941e-02 4.730047e-02 4.752320e-02 4.115059e-02 4.117212e-02 4.123428e-02
43 2.221700e-02 2.222451e-02 2.219448e-02 9.890416e-01 9.890379e-01 9.890525e-01 1.095722e-02 2.163223e-02 2.160384e-02 2.050623e-02 2.051310e-02 2.048765e-02
44 7.863226e-03 7.870488e-03 7.879226e-03 9.960953e-01 9.960917e-01 9.960873e-01 3.905972e-03 7.763530e-03 7.772672e-03 7.550184e-03 7.557010e-03 7.566758e-03
45 3.248659e-03 3.249513e-03 3.254282e-03 9.983797e-01 9.983792e-01 9.983769e-01 1.619897e-03 3.233546e-03 3.238092e-03 3.201127e-03 3.202000e-03 3.206115e-03
46 3.945210e-03 3.947916e-03 3.943589e-03 9.980323e-01 9.980309e-01 9.980330e-01 1.968172e-03 3.928484e-03 3.924326e-03 3.887428e-03 3.890063e-03 3.886233e-03
47 8.576228e-03 8.580375e-03 8.588336e-03 9.957327e-01 9.957306e-01 9.957265e-01 4.267390e-03 8.497630e-03 8.505971e-03 8.331618e-03 8.335616e-03 8.344652e-03
48 4.271177e-02 4.273936e-02 4.278561e-02 9.795324e-01 9.795190e-01 9.794718e-01 2.046797e-02 3.939733e-02 3.951345e-02 3.407960e-02 3.410149e-02 3.422820e-02
49 2.553399e-01 2.554872e-01 2.555837e-01 8.910762e-01 8.910154e-01 8.908868e-01 1.089250e-01 1.928331e-01 1.930304e-01 1.258184e-01 1.258650e-01 1.259866e-01
50 8.912851e-01 8.917174e-01 8.969938e-01 7.101662e-01 7.100476e-01 7.095277e-01 2.898465e-01 4.481694e-01 4.489571e-01 1.829585e-01 1.829699e-01 1.835335e-01
51 1.101731e+00 1.102207e+00 1.105228e+00 6.803112e-01 6.802069e-01 6.804924e-01 3.196838e-01 4.710434e-01 4.707572e-01 1.647736e-01 1.647867e-01 1.648711e-01
52 7.802930e-01 7.802643e-01 7.779993e-01 7.351970e-01 7.350959e-01 7.349622e-01 2.647989e-01 4.125593e-01 4.131056e-01 1.739447e-01 1.739711e-01 1.746137e-01
53 1.467285e+00 1.468441e+00 1.477500e+00 5.991917e-01 5.990222e-01 5.983687e-01 4.008453e-01 5.799961e-01 5.810093e-01 1.784967e-01 1.784780e-01 1.792372e-01
54 1.270503e+00 1.271266e+00 1.265475e+00 6.554078e-01 6.552434e-01 6.555429e-01 3.446458e-01 4.993892e-01 4.992138e-01 1.651890e-01 1.651815e-01 1.654777e-01
55 6.695241e-01 6.698495e-01 6.703970e-01 7.636513e-01 7.635448e-01 7.631788e-01 2.363719e-01 3.718195e-01 3.723995e-01 1.601848e-01 1.602161e-01 1.605803e-01
56 1.463385e-01 1.464122e-01 1.466697e-01 9.335636e-01 9.335309e-01 9.334564e-01 6.643860e-02 1.220897e-01 1.221697e-01 8.914114e-02 8.917900e-02 8.912019e-02
57 1.834028e-02 1.835300e-02 1.828783e-02 9.909449e-01 9.909386e-01 9.909688e-01 9.056556e-03 1.789909e-02 1.784326e-02 1.702975e-02 1.704134e-02 1.700175e-02
58 6.228891e-03 6.232314e-03 6.212262e-03 9.969001e-01 9.968984e-01 9.969083e-01 3.099899e-03 6.174312e-03 6.154889e-03 6.057459e-03 6.060755e-03 6.042533e-03
59 3.935190e-03 3.936758e-03 3.943276e-03 9.980386e-01 9.980378e-01 9.980346e-01 1.961154e-03 3.912068e-03 3.918502e-03 3.861913e-03 3.863444e-03 3.869710e-03
60 1.788264e-03 1.789710e-03 1.785239e-03 9.991075e-01 9.991067e-01 9.991089e-01 8.927493e-04 1.783362e-03 1.778985e-03 1.769347e-03 1.770776e-03 1.766586e-03
61 8.882332e-04 8.887674e-04 8.892059e-04 9.995562e-01 9.995559e-01 9.995557e-01 4.438642e-04 8.875808e-04 8.880136e-04 8.846827e-04 8.852147e-04 8.856363e-04
62 1.482931e-03 1.483692e-03 1.482159e-03 9.992592e-01 9.992588e-01 9.992596e-01 7.408141e-04 1.481109e-03 1.479589e-03 1.475207e-03 1.475963e-03 1.474468e-03
63 5.451696e-03 5.454708e-03 5.485443e-03 9.972872e-01 9.972857e-01 9.972702e-01 2.712615e-03 5.403010e-03 5.434261e-03 5.300879e-03 5.303777e-03 5.335447e-03
64 1.788318e-02 1.789164e-02 1.789093e-02 9.911397e-01 9.911355e-01 9.911356e-01 8.860184e-03 1.756945e-02 1.756991e-02 1.694246e-02 1.695031e-02 1.695271e-02
65 5.047748e-02 5.049831e-02 5.048709e-02 9.753363e-01 9.753262e-01 9.753245e-01 2.466274e-02 4.825215e-02 4.826733e-02 4.415286e-02 4.416990e-02 4.421935e-02
66 1.128743e-01 1.129178e-01 1.129177e-01 9.462656e-01 9.462454e-01 9.462235e-01 5.373387e-02 1.026136e-01 1.026877e-01 8.554075e-02 8.556921e-02 8.571446e-02
67 1.769988e-01 1.770816e-01 1.772257e-01 9.179807e-01 9.179431e-01 9.178341e-01 8.202199e-02 1.530725e-01 1.533201e-01 1.172338e-01 1.172780e-01 1.175576e-01
68 3.811713e-01 3.813123e-01 3.811687e-01 8.398487e-01 8.397952e-01 8.397675e-01 1.601462e-01 2.775994e-01 2.776923e-01 1.637526e-01 1.637792e-01 1.638951e-01
69 7.039316e-01 7.042828e-01 7.068975e-01 7.499027e-01 7.497971e-01 7.491166e-01 2.501079e-01 4.004021e-01 4.014928e-01 1.843404e-01 1.843663e-01 1.853208e-01
70 7.497702e-01 7.500946e-01 7.460402e-01 7.380931e-01 7.379971e-01 7.381812e-01 2.619156e-01 4.169894e-01 4.171743e-01 1.888629e-01 1.888841e-01 1.894650e-01
71 8.162930e-01 8.166789e-01 8.170974e-01 7.288853e-01 7.287741e-01 7.286823e-01 2.711342e-01 4.204319e-01 4.206173e-01 1.743877e-01 1.744080e-01 1.746897e-01
72 6.973807e-01 6.976538e-01 6.973539e-01 7.450400e-01 7.449579e-01 7.445492e-01 2.549545e-01 4.129070e-01 4.137864e-01 1.958994e-01 1.959156e-01 1.965750e-01
73 1.035731e+00 1.036191e+00 1.044771e+00 6.788989e-01 6.787870e-01 6.781408e-01 3.211027e-01 4.789073e-01 4.798030e-01 1.718223e-01 1.718359e-01 1.724064e-01
74 3.844477e-01 3.848734e-01 3.823468e-01 9.217030e-01 9.216038e-01 9.225555e-01 7.832971e-02 1.311571e-01 1.305542e-01 7.887905e-02 7.893843e-02 7.913975e-02
75 1.019635e-02 1.020206e-02 1.017827e-02 9.949340e-01 9.949311e-01 9.949420e-01 5.066221e-03 1.007453e-02 1.005478e-02 9.823208e-03 9.828684e-03 9.815666e-03
76 8.881772e-03 8.885936e-03 8.898332e-03 9.955792e-01 9.955771e-01 9.955709e-01 4.420846e-03 8.805906e-03 8.818377e-03 8.644758e-03 8.648796e-03 8.661405e-03
77 3.264363e-03 3.266078e-03 3.271395e-03 9.983708e-01 9.983700e-01 9.983673e-01 1.629218e-03 3.254081e-03 3.259367e-03 3.228587e-03 3.230276e-03 3.235499e-03
78 8.035942e-04 8.040589e-04 8.022590e-04 9.995984e-01 9.995982e-01 9.995991e-01 4.015583e-04 8.030836e-04 8.013349e-04 8.006773e-04 8.011400e-04 7.994921e-04
79 8.105028e-04 8.108369e-04 8.105315e-04 9.995949e-01 9.995947e-01 9.995949e-01 4.050943e-04 8.102193e-04 8.099181e-04 8.086528e-04 8.089859e-04 8.086932e-04
80 1.416241e-03 1.416801e-03 1.419661e-03 9.992924e-01 9.992921e-01 9.992907e-01 7.075926e-04 1.414791e-03 1.417642e-03 1.410226e-03 1.410783e-03 1.413618e-03
81 2.147139e-03 2.147954e-03 2.151744e-03 9.989276e-01 9.989272e-01 9.989253e-01 1.072419e-03 2.143411e-03 2.147178e-03 2.133558e-03 2.134366e-03 2.138088e-03
82 3.645356e-03 3.647071e-03 3.618706e-03 9.981812e-01 9.981804e-01 9.981943e-01 1.818660e-03 3.631433e-03 3.604197e-03 3.598860e-03 3.600552e-03 3.575485e-03
83 1.155371e-02 1.155968e-02 1.148684e-02 9.942652e-01 9.942622e-01 9.942969e-01 5.734859e-03 1.139317e-02 1.132718e-02 1.106767e-02 1.107334e-02 1.101933e-02
84 3.494910e-02 3.496132e-02 3.504388e-02 9.828563e-01 9.828503e-01 9.828089e-01 1.714195e-02 3.366694e-02 3.374935e-02 3.128740e-02 3.129792e-02 3.137520e-02
85 5.475735e-02 5.478490e-02 5.486920e-02 9.735982e-01 9.735850e-01 9.735464e-01 2.640378e-02 5.104017e-02 5.111153e-02 4.469495e-02 4.471642e-02 4.477161e-02
86 4.876785e-02 4.878865e-02 4.883803e-02 9.764517e-01 9.764418e-01 9.764173e-01 2.354804e-02 4.558238e-02 4.563023e-02 4.013278e-02 4.014865e-02 4.019019e-02
87 7.219222e-02 7.223039e-02 7.134706e-02 9.658216e-01 9.658038e-01 9.661212e-01 3.417930e-02 6.504350e-02 6.457962e-02 5.385173e-02 5.387680e-02 5.382492e-02
88 7.372857e-02 7.375479e-02 7.379866e-02 9.649172e-01 9.649051e-01 9.648767e-01 3.507925e-02 6.701090e-02 6.707409e-02 5.614306e-02 5.615997e-02 5.622789e-02
89 4.756562e-02 4.759533e-02 4.756065e-02 9.768747e-01 9.768604e-01 9.768727e-01 2.312924e-02 4.504032e-02 4.502428e-02 4.047510e-02 4.049848e-02 4.050932e-02
90 8.054546e-03 8.059102e-03 8.025717e-03 9.959927e-01 9.959904e-01 9.960066e-01 4.007602e-03 7.979730e-03 7.948428e-03 7.820422e-03 7.824792e-03 7.797376e-03
91 9.748835e-04 9.753253e-04 9.740163e-04 9.995128e-01 9.995126e-01 9.995132e-01 4.872066e-04 9.743341e-04 9.730296e-04 9.719160e-04 9.723560e-04 9.710605e-04
92 6.355710e-04 6.359230e-04 6.338972e-04 9.996824e-01 9.996822e-01 9.996832e-01 3.176510e-04 6.353512e-04 6.333393e-04 6.338594e-04 6.342103e-04 6.322260e-04
93 3.241170e-04 3.242755e-04 3.238678e-04 9.998380e-01 9.998379e-01 9.998381e-01 1.620215e-04 3.241324e-04 3.237255e-04 3.236886e-04 3.238467e-04 3.234412e-04
94 1.358139e-04 1.358850e-04 1.363429e-04 9.999321e-01 9.999321e-01 9.999318e-01 6.790523e-05 1.358635e-04 1.363213e-04 1.357496e-04 1.358207e-04 1.362780e-04
95 5.383313e-05 5.386040e-05 5.394030e-05 9.999731e-01 9.999731e-01 9.999730e-01 2.691595e-05 5.385707e-05 5.393695e-05 5.382313e-05 5.385039e-05 5.393024e-05
96 9.729619e-05 9.734411e-05 9.700276e-05 9.999514e-01 9.999513e-01 9.999515e-01 4.864528e-05 9.733359e-05 9.699252e-05 9.726464e-05 9.731254e-05 9.697203e-05
97 2.390478e-04 2.391668e-04 2.393636e-04 9.998805e-01 9.998804e-01 9.998803e-01 1.195047e-04 2.391020e-04 2.393001e-04 2.388535e-04 2.389724e-04 2.391734e-04
98 7.570867e-04 7.573974e-04 7.566850e-04 9.996216e-01 9.996214e-01 9.996218e-01 3.783763e-04 7.568110e-04 7.561004e-04 7.553304e-04 7.556402e-04 7.549331e-04
99 2.571543e-03 2.572546e-03 2.565976e-03 9.987158e-01 9.987153e-01 9.987185e-01 1.284198e-03 2.566363e-03 2.559880e-03 2.553072e-03 2.554065e-03 2.547752e-03
100 5.794211e-03 5.796057e-03 5.797021e-03 9.971094e-01 9.971085e-01 9.971080e-01 2.890408e-03 5.770026e-03 5.771114e-03 5.716597e-03 5.718407e-03 5.719737e-03
101 1.077782e-02 1.078274e-02 1.085787e-02 9.946461e-01 9.946437e-01 9.946070e-01 5.353780e-03 1.064382e-02 1.071546e-02 1.037165e-02 1.037631e-02 1.044122e-02
102 1.785441e-02 1.786218e-02 1.784948e-02 9.911853e-01 9.911815e-01 9.911875e-01 8.814133e-03 1.741946e-02 1.740812e-02 1.658531e-02 1.659225e-02 1.658359e-02
103 3.039740e-02 3.041126e-02 3.051809e-02 9.850645e-01 9.850577e-01 9.850093e-01 1.493610e-02 2.937976e-02 2.946784e-02 2.746918e-02 2.748143e-02 2.753935e-02
104 2.803309e-02 2.804236e-02 2.808330e-02 9.862374e-01 9.862329e-01 9.862122e-01 1.376120e-02 2.704791e-02 2.708961e-02 2.521618e-02 2.522418e-02 2.526549e-02
105 2.261053e-02 2.262119e-02 2.258926e-02 9.888420e-01 9.888367e-01 9.888500e-01 1.115864e-02 2.204129e-02 2.201970e-02 2.094366e-02 2.095310e-02 2.094812e-02
106 4.720461e-02 4.722409e-02 4.716029e-02 9.769252e-01 9.769157e-01 9.769454e-01 2.307557e-02 4.515959e-02 4.510469e-02 4.136523e-02 4.138144e-02 4.134272e-02
107 4.988457e-03 4.991236e-03 4.999709e-03 9.975119e-01 9.975106e-01 9.975063e-01 2.488455e-03 4.966619e-03 4.975031e-03 4.915188e-03 4.917899e-03 4.926190e-03
108 4.044769e-03 4.046730e-03 4.049167e-03 9.979823e-01 9.979813e-01 9.979801e-01 2.017690e-03 4.027927e-03 4.030396e-03 3.988814e-03 3.990737e-03 3.993270e-03
109 2.035015e-03 2.036167e-03 2.036091e-03 9.989841e-01 9.989835e-01 9.989835e-01 1.015904e-03 2.029753e-03 2.029854e-03 2.015918e-03 2.017056e-03 2.017496e-03
110 4.825723e-03 4.827863e-03 4.833344e-03 9.975945e-01 9.975934e-01 9.975907e-01 2.405502e-03 4.798572e-03 4.803938e-03 4.738634e-03 4.740719e-03 4.745860e-03
111 1.145726e-03 1.146556e-03 1.141860e-03 9.994281e-01 9.994276e-01 9.994300e-01 5.719768e-04 1.142906e-03 1.138306e-03 1.134839e-03 1.135657e-03 1.131245e-03
112 7.653352e-05 7.660416e-05 7.629020e-05 9.999617e-01 9.999617e-01 9.999619e-01 3.827910e-05 7.659361e-05 7.627983e-05 7.650193e-05 7.657252e-05 7.625909e-05
113 4.389155e-05 4.391435e-05 4.397070e-05 9.999781e-01 9.999780e-01 9.999780e-01 2.194526e-05 4.391132e-05 4.396767e-05 4.388246e-05 4.390525e-05 4.396159e-05
114 3.419426e-05 3.420761e-05 3.426455e-05 9.999829e-01 9.999829e-01 9.999829e-01 1.709565e-05 3.420626e-05 3.426320e-05 3.419024e-05 3.420358e-05 3.426050e-05
115 7.460174e-05 7.463288e-05 7.461402e-05 9.999627e-01 9.999627e-01 9.999627e-01 3.729605e-05 7.462610e-05 7.460729e-05 7.458142e-05 7.461254e-05 7.459385e-05
116 3.413605e-04 3.415441e-04 3.434867e-04 9.998294e-01 9.998293e-01 9.998283e-01 1.706239e-04 3.413452e-04 3.432803e-04 3.407650e-04 3.409482e-04 3.428685e-04
117 1.057093e-03 1.057639e-03 1.055429e-03 9.994718e-01 9.994716e-01 9.994727e-01 5.281743e-04 1.056133e-03 1.053946e-03 1.052590e-03 1.053133e-03 1.050990e-03
118 1.725078e-03 1.725943e-03 1.722261e-03 9.991384e-01 9.991380e-01 9.991398e-01 8.615641e-04 1.722041e-03 1.718447e-03 1.713421e-03 1.714278e-03 1.710857e-03
