0 9.812249e+00 9.819476e+00 9.815130e+00 4.182597e-01 4.181610e-01 4.175881e-01 5.816990e-01 6.504468e-01 6.526347e-01 5.881788e-02 5.881082e-02 6.019516e-02
1 6.194350e+01 6.196908e+01 6.200750e+01 6.013137e-03 6.003040e-03 2.154139e-03 9.939876e-01 9.991646e-01 9.999594e-01 8.044977e-04 8.025343e-04 4.057765e-05
2 1.015296e+02 1.014796e+02 1.006679e+02 3.966719e-03 3.954650e-03 2.445287e-03 9.960350e-01 9.997485e-01 9.999441e-01 2.506786e-04 2.494093e-04 5.583828e-05
3 9.565360e+01 9.583686e+01 9.589134e+01 1.633370e-02 1.629408e-02 1.014338e-02 9.836714e-01 9.966564e-01 9.993995e-01 2.883440e-03 2.875334e-03 5.972868e-04
4 6.264717e+01 6.268688e+01 6.282139e+01 1.924614e-02 1.919778e-02 1.844843e-02 9.807594e-01 9.979351e-01 9.982118e-01 2.031997e-03 2.022986e-03 1.764137e-03
5 3.096072e+01 3.098314e+01 3.073400e+01 5.926268e-02 5.915987e-02 5.448373e-02 9.407466e-01 9.862249e-01 9.900617e-01 1.195459e-02 1.192626e-02 9.401088e-03
6 9.318660e+00 9.325612e+00 9.164663e+00 2.346144e-01 2.343889e-01 2.343303e-01 7.654338e-01 8.825952e-01 8.829229e-01 7.240527e-02 7.233244e-02 7.258445e-02
7 1.957621e+00 1.958771e+00 1.958919e+00 5.907579e-01 5.905778e-01 5.900903e-01 4.092870e-01 5.569876e-01 5.577080e-01 1.499247e-01 1.499128e-01 1.504851e-01
8 1.021637e+00 1.022410e+00 9.900605e-01 7.668270e-01 7.666770e-01 7.667006e-01 2.332058e-01 3.409240e-01 3.409725e-01 1.258682e-01 1.258928e-01 1.260109e-01
9 5.415218e-01 5.419486e-01 5.234714e-01 8.439100e-01 8.437894e-01 8.440046e-01 1.561175e-01 2.468496e-01 2.468207e-01 1.213110e-01 1.213607e-01 1.216458e-01
10 3.256854e-01 3.259174e-01 3.241547e-01 8.798485e-01 8.797630e-01 8.795913e-01 1.201748e-01 2.000042e-01 2.002941e-01 1.121313e-01 1.121875e-01 1.121716e-01
11 8.256786e-01 8.260934e-01 8.261616e-01 7.249897e-01 7.248800e-01 7.246225e-01 2.750142e-01 4.200896e-01 4.205788e-01 1.621401e-01 1.621462e-01 1.624475e-01
12 5.208164e+00 5.211062e+00 5.201353e+00 3.431851e-01 3.430040e-01 3.423321e-01 6.568424e-01 8.037479e-01 8.050791e-01 1.084878e-01 1.084345e-01 1.093442e-01
13 1.299334e+01 1.299974e+01 1.301338e+01 1.118124e-01 1.117179e-01 1.102392e-01 8.881858e-01 9.622927e-01 9.643506e-01 2.991096e-02 2.988044e-02 2.940458e-02
14 1.927702e+01 1.928540e+01 1.926757e+01 4.965918e-02 4.960314e-02 4.752034e-02 9.503492e-01 9.897622e-01 9.913332e-01 9.332986e-03 9.317729e-03 8.202194e-03
15 1.205181e+01 1.205894e+01 1.205076e+01 2.762238e-01 2.760598e-01 2.754853e-01 7.238182e-01 8.323405e-01 8.333477e-01 8.464107e-02 8.459798e-02 8.538326e-02
16 9.141801e+00 9.145398e+00 9.192002e+00 1.848184e-01 1.847044e-01 1.812961e-01 8.151661e-01 9.178608e-01 9.233676e-01 5.097102e-02 5.093494e-02 5.263999e-02
17 1.259735e+01 1.260495e+01 1.256286e+01 1.167557e-01 1.166387e-01 1.149436e-01 8.832666e-01 9.648296e-01 9.664982e-01 3.001404e-02 2.997315e-02 2.916808e-02
18 6.645489e+00 6.649408e+00 6.629850e+00 3.136167e-01 3.134127e-01 3.113468e-01 6.864277e-01 8.291082e-01 8.323399e-01 9.973414e-02 9.966668e-02 1.004374e-01
19 2.523712e+00 2.525010e+00 2.516266e+00 5.420275e-01 5.418644e-01 5.408155e-01 4.579851e-01 6.148775e-01 6.164814e-01 1.499535e-01 1.499421e-01 1.505704e-01
20 9.456375e-01 9.464703e-01 9.440307e-01 7.512196e-01 7.510454e-01 7.505028e-01 2.488398e-01 3.777935e-01 3.787160e-01 1.597360e-01 1.597686e-01 1.603058e-01
21 3.829297e-01 3.831761e-01 3.742630e-01 8.654637e-01 8.653797e-01 8.655750e-01 1.345427e-01 2.247838e-01 2.249723e-01 1.294781e-01 1.295225e-01 1.299739e-01
22 2.563514e-01 2.564936e-01 2.566673e-01 8.884301e-01 8.883665e-01 8.881891e-01 1.115837e-01 2.000036e-01 2.003049e-01 1.353368e-01 1.353905e-01 1.355405e-01
23 1.249731e-01 1.250522e-01 1.241991e-01 9.422373e-01 9.422014e-01 9.424396e-01 5.776661e-02 1.077436e-01 1.074699e-01 8.290651e-02 8.295147e-02 8.303380e-02
24 4.602929e-02 4.606073e-02 4.380373e-02 9.869678e-01 9.869592e-01 9.863389e-01 1.303064e-02 2.143517e-02 2.163508e-02 1.396508e-02 1.397215e-02 1.333141e-02
25 2.360557e-02 2.363359e-02 2.254833e-02 9.912133e-01 9.912014e-01 9.909000e-01 8.792104e-03 1.501609e-02 1.559167e-02 1.016054e-02 1.017502e-02 1.001807e-02
26 3.024491e-03 3.026002e-03 2.996030e-03 9.984912e-01 9.984904e-01 9.985051e-01 1.508708e-03 3.012292e-03 2.983777e-03 2.983786e-03 2.985276e-03 2.959541e-03
27 1.436112e-02 1.436982e-02 1.434404e-02 9.929424e-01 9.929381e-01 9.929436e-01 7.057063e-03 1.389114e-02 1.389195e-02 1.302423e-02 1.303206e-02 1.306518e-02
28 7.494688e-02 7.498157e-02 7.499897e-02 9.639762e-01 9.639597e-01 9.639513e-01 3.602246e-02 6.943094e-02 6.944517e-02 6.005151e-02 6.007669e-02 6.007656e-02
29 2.298854e-01 2.299813e-01 2.302023e-01 8.964817e-01 8.964390e-01 8.963456e-01 1.035206e-01 1.887429e-01 1.888860e-01 1.329030e-01 1.329462e-01 1.329606e-01
30 2.597808e-01 2.599019e-01 2.588415e-01 8.853647e-01 8.853116e-01 8.855642e-01 1.146378e-01 2.061572e-01 2.058691e-01 1.388359e-01 1.388786e-01 1.389441e-01
31 3.281735e-01 3.283625e-01 3.268554e-01 8.648440e-01 8.647659e-01 8.648993e-01 1.351689e-01 2.349795e-01 2.349494e-01 1.455055e-01 1.455569e-01 1.457665e-01
32 9.849258e-01 9.853142e-01 9.874993e-01 6.744209e-01 6.743099e-01 6.739342e-01 3.255882e-01 4.979197e-01 4.986024e-01 1.889186e-01 1.889184e-01 1.894717e-01
33 2.843081e+00 2.844525e+00 2.856092e+00 4.314251e-01 4.312473e-01 4.301811e-01 5.686047e-01 7.443364e-01 7.462872e-01 1.415242e-01 1.414759e-01 1.423815e-01
34 7.954558e+00 7.958032e+00 7.952916e+00 2.373405e-01 2.372328e-01 2.367378e-01 7.626501e-01 8.911672e-01 8.919704e-01 7.666347e-02 7.662442e-02 7.665418e-02
35 1.153902e+01 1.154445e+01 1.156230e+01 1.745065e-01 1.743781e-01 1.724217e-01 8.255017e-01 9.316383e-01 9.341135e-01 5.112310e-02 5.107459e-02 5.058166e-02
36 1.042937e+01 1.043485e+01 1.045299e+01 1.444312e-01 1.443117e-01 1.414762e-01 8.555842e-01 9.452102e-01 9.488592e-01 3.946138e-02 3.942212e-02 3.930828e-02
37 7.316295e+00 7.320276e+00 7.359717e+00 2.836460e-01 2.834701e-01 2.805160e-01 7.163675e-01 8.558634e-01 8.602553e-01 9.067103e-02 9.061155e-02 9.137380e-02
38 1.119303e+01 1.119785e+01 1.119318e+01 1.417708e-01 1.416573e-01 1.394652e-01 8.582425e-01 9.515207e-01 9.542365e-01 3.878774e-02 3.874635e-02 3.801241e-02
39 5.814386e+00 5.818561e+00 5.799158e+00 3.007503e-01 3.005571e-01 2.987433e-01 6.992899e-01 8.400256e-01 8.431711e-01 9.261824e-02 9.255739e-02 9.387036e-02
40 7.602664e-01 7.607958e-01 7.565518e-01 7.531650e-01 7.530204e-01 7.534535e-01 2.468693e-01 3.797085e-01 3.792005e-01 1.516610e-01 1.516774e-01 1.516856e-01
41 1.012843e-01 1.013597e-01 1.014498e-01 9.524139e-01 9.523798e-01 9.523234e-01 4.759735e-02 8.992667e-02 9.005111e-02 7.231824e-02 7.236059e-02 7.249971e-02
42 5.083515e-02 5.086375e-02 5.119594e-02 9.755385e-01 9.755249e-01 9.753914e-01 2.446199e-02 4.720797e-02 4.742226e-02 4.106847e-02 4.108984e-02 4.114931e-02
43 2.197455e-02 2.198205e-02 2.195766e-02 9.891598e-01 9.891561e-01 9.891681e-01 1.083909e-02 2.140176e-02 2.137818e-02 2.029790e-02 2.030477e-02 2.028272e-02
44 7.749168e-03 7.756293e-03 7.765598e-03 9.961515e-01 9.961480e-01 9.961434e-01 3.849717e-03 7.652549e-03 7.661881e-03 7.445442e-03 7.452149e-03 7.461427e-03
45 3.209403e-03 3.210271e-03 3.214267e-03 9.983992e-01 9.983987e-01 9.983968e-01 1.600412e-03 3.194826e-03 3.198615e-03 3.163419e-03 3.164304e-03 3.167691e-03
46 3.896754e-03 3.899395e-03 3.896907e-03 9.980564e-01 9.980550e-01 9.980563e-01 1.944060e-03 3.880485e-03 3.878088e-03 3.840516e-03 3.843091e-03 3.840870e-03
47 8.515802e-03 8.519893e-03 8.524320e-03 9.957626e-01 9.957606e-01 9.957582e-01 4.237435e-03 8.438184e-03 8.443141e-03 8.274243e-03 8.278186e-03 8.284127e-03
48 4.186990e-02 4.189703e-02 4.192614e-02 9.799118e-01 9.798987e-01 9.798585e-01 2.008852e-02 3.870656e-02 3.881179e-02 3.360296e-02 3.362444e-02 3.375087e-02
49 2.515009e-01 2.516482e-01 2.517317e-01 8.925602e-01 8.924995e-01 8.923668e-01 1.074411e-01 1.904158e-01 1.906290e-01 1.247657e-01 1.248124e-01 1.249559e-01
50 8.924199e-01 8.928510e-01 8.979072e-01 7.103042e-01 7.101864e-01 7.097465e-01 2.897082e-01 4.478250e-01 4.484899e-01 1.827619e-01 1.827729e-01 1.832715e-01
51 1.118202e+00 1.118682e+00 1.121410e+00 6.774638e-01 6.773597e-01 6.777707e-01 3.225309e-01 4.743549e-01 4.739189e-01 1.648227e-01 1.648360e-01 1.649297e-01
52 7.905765e-01 7.905445e-01 7.879246e-01 7.332066e-01 7.331050e-01 7.329500e-01 2.667897e-01 4.148164e-01 4.153875e-01 1.738639e-01 1.738895e-01 1.745009e-01
53 1.486754e+00 1.487930e+00 1.495282e+00 5.965415e-01 5.963721e-01 5.957433e-01 4.034948e-01 5.827438e-01 5.837683e-01 1.779898e-01 1.779708e-01 1.787825e-01
54 1.287730e+00 1.288501e+00 1.283790e+00 6.529614e-01 6.527970e-01 6.530629e-01 3.470925e-01 5.020877e-01 5.018789e-01 1.650850e-01 1.650768e-01 1.652910e-01
55 6.716205e-01 6.719447e-01 6.722486e-01 7.633052e-01 7.631993e-01 7.628768e-01 2.367179e-01 3.721171e-01 3.726505e-01 1.600174e-01 1.600486e-01 1.604168e-01
56 1.448739e-01 1.449473e-01 1.453380e-01 9.341788e-01 9.341463e-01 9.340075e-01 6.582335e-02 1.210347e-01 1.212338e-01 8.857547e-02 8.861323e-02 8.863282e-02
57 1.812535e-02 1.813788e-02 1.808087e-02 9.910491e-01 9.910429e-01 9.910692e-01 8.952328e-03 1.769670e-02 1.764836e-02 1.685072e-02 1.686213e-02 1.682889e-02
58 6.240270e-03 6.243687e-03 6.226081e-03 9.968945e-01 9.968928e-01 9.969015e-01 3.105482e-03 6.185263e-03 6.168163e-03 6.067605e-03 6.070895e-03 6.054760e-03
59 3.921917e-03 3.923505e-03 3.935300e-03 9.980452e-01 9.980444e-01 9.980386e-01 1.954554e-03 3.898939e-03 3.910571e-03 3.849009e-03 3.850558e-03 3.861867e-03
60 1.772031e-03 1.773451e-03 1.769753e-03 9.991155e-01 9.991148e-01 9.991167e-01 8.846561e-04 1.767214e-03 1.763613e-03 1.753445e-03 1.754849e-03 1.751439e-03
61 8.748727e-04 8.753941e-04 8.757344e-04 9.995629e-01 9.995626e-01 9.995624e-01 4.371935e-04 8.742474e-04 8.745831e-04 8.714415e-04 8.719610e-04 8.722874e-04
62 1.458237e-03 1.458983e-03 1.457118e-03 9.992715e-01 9.992711e-01 9.992721e-01 7.284908e-04 1.456493e-03 1.454640e-03 1.450792e-03 1.451532e-03 1.449704e-03
63 5.369210e-03 5.372164e-03 5.406325e-03 9.973280e-01 9.973265e-01 9.973093e-01 2.671801e-03 5.322155e-03 5.356730e-03 5.223262e-03 5.226107e-03 5.260932e-03
64 1.763315e-02 1.764147e-02 1.764342e-02 9.912623e-01 9.912582e-01 9.912569e-01 8.737626e-03 1.732898e-02 1.733220e-02 1.672034e-02 1.672807e-02 1.673343e-02
65 5.016301e-02 5.018366e-02 5.016923e-02 9.754877e-01 9.754777e-01 9.754770e-01 2.451136e-02 4.796030e-02 4.797457e-02 4.390256e-02 4.391947e-02 4.397154e-02
66 1.127948e-01 1.128382e-01 1.128856e-01 9.463112e-01 9.462910e-01 9.462502e-01 5.368826e-02 1.025142e-01 1.026192e-01 8.542407e-02 8.545242e-02 8.560884e-02
67 1.762935e-01 1.763761e-01 1.764493e-01 9.182577e-01 9.182202e-01 9.181436e-01 8.174491e-02 1.526216e-01 1.528123e-01 1.170380e-01 1.170821e-01 1.173311e-01
68 3.814832e-01 3.816235e-01 3.813745e-01 8.397563e-01 8.397031e-01 8.396963e-01 1.602385e-01 2.777132e-01 2.777800e-01 1.637220e-01 1.637484e-01 1.638489e-01
69 7.100045e-01 7.103587e-01 7.130658e-01 7.484435e-01 7.483377e-01 7.476265e-01 2.515670e-01 4.022310e-01 4.033659e-01 1.843483e-01 1.843734e-01 1.853401e-01
70 7.598657e-01 7.601930e-01 7.564570e-01 7.358039e-01 7.357073e-01 7.358904e-01 2.642047e-01 4.198536e-01 4.199788e-01 1.889494e-01 1.889700e-01 1.894908e-01
71 8.304638e-01 8.308561e-01 8.308254e-01 7.256558e-01 7.255437e-01 7.254959e-01 2.743638e-01 4.244090e-01 4.245804e-01 1.744877e-01 1.745070e-01 1.748463e-01
72 7.096534e-01 7.099293e-01 7.100793e-01 7.418962e-01 7.418137e-01 7.413067e-01 2.580982e-01 4.170002e-01 4.179677e-01 1.961683e-01 1.961836e-01 1.968132e-01
73 1.046341e+00 1.046805e+00 1.055010e+00 6.767502e-01 6.766385e-01 6.758765e-01 3.232516e-01 4.813239e-01 4.823377e-01 1.716439e-01 1.716569e-01 1.722293e-01
74 3.754133e-01 3.758335e-01 3.740554e-01 9.223196e-01 9.222217e-01 9.231064e-01 7.771314e-02 1.302657e-01 1.297101e-01 7.862750e-02 7.868642e-02 7.884531e-02
75 1.029322e-02 1.029897e-02 1.027799e-02 9.948862e-01 9.948833e-01 9.948927e-01 5.114050e-03 1.016905e-02 1.015214e-02 9.913123e-03 9.918633e-03 9.908478e-03
76 8.926931e-03 8.931137e-03 8.942812e-03 9.955569e-01 9.955548e-01 9.955489e-01 4.443180e-03 8.850131e-03 8.861956e-03 8.687052e-03 8.691130e-03 8.703237e-03
77 3.246749e-03 3.248449e-03 3.251153e-03 9.983796e-01 9.983788e-01 9.983774e-01 1.620440e-03 3.236567e-03 3.239235e-03 3.211313e-03 3.212988e-03 3.215586e-03
78 7.973235e-04 7.977824e-04 7.964968e-04 9.996016e-01 9.996013e-01 9.996020e-01 3.984277e-04 7.968262e-04 7.955865e-04 7.944632e-04 7.949203e-04 7.937710e-04
79 8.063561e-04 8.066857e-04 8.064656e-04 9.995970e-01 9.995968e-01 9.995969e-01 4.030227e-04 8.060746e-04 8.058578e-04 8.045258e-04 8.048544e-04 8.046442e-04
80 1.417666e-03 1.418229e-03 1.421308e-03 9.992917e-01 9.992914e-01 9.992899e-01 7.083033e-04 1.416212e-03 1.419284e-03 1.411630e-03 1.412190e-03 1.415248e-03
81 2.163349e-03 2.164170e-03 2.167220e-03 9.989195e-01 9.989191e-01 9.989176e-01 1.080503e-03 2.159545e-03 2.162581e-03 2.149526e-03 2.150339e-03 2.153345e-03
82 3.635704e-03 3.637397e-03 3.612718e-03 9.981860e-01 9.981851e-01 9.981972e-01 1.813911e-03 3.622063e-03 3.598457e-03 3.590101e-03 3.591772e-03 3.570224e-03
83 1.145046e-02 1.145635e-02 1.138427e-02 9.943160e-01 9.943131e-01 9.943473e-01 5.684025e-03 1.129297e-02 1.122804e-02 1.097347e-02 1.097908e-02 1.092668e-02
84 3.492088e-02 3.493306e-02 3.499128e-02 9.828697e-01 9.828637e-01 9.828339e-01 1.712851e-02 3.364130e-02 3.370144e-02 3.126584e-02 3.127633e-02 3.133505e-02
85 5.533694e-02 5.536474e-02 5.547921e-02 9.733303e-01 9.733170e-01 9.732651e-01 2.667164e-02 5.153781e-02 5.163310e-02 4.506652e-02 4.508811e-02 4.515909e-02
86 4.942203e-02 4.944309e-02 4.942373e-02 9.761498e-01 9.761398e-01 9.761460e-01 2.384990e-02 4.614238e-02 4.613523e-02 4.054790e-02 4.056390e-02 4.057065e-02
87 7.309034e-02 7.312935e-02 7.225897e-02 9.654201e-01 9.654020e-01 9.657181e-01 3.458081e-02 6.576580e-02 6.529828e-02 5.431504e-02 5.434021e-02 5.427415e-02
88 7.490458e-02 7.493110e-02 7.499013e-02 9.643869e-01 9.643747e-01 9.643390e-01 3.560951e-02 6.797420e-02 6.805129e-02 5.679781e-02 5.681473e-02 5.689329e-02
89 4.788811e-02 4.791798e-02 4.786007e-02 9.767231e-01 9.767087e-01 9.767317e-01 2.328089e-02 4.532620e-02 4.529059e-02 4.070002e-02 4.072347e-02 4.072049e-02
90 8.015902e-03 8.020405e-03 7.986644e-03 9.960118e-01 9.960095e-01 9.960259e-01 3.988498e-03 7.941899e-03 7.910248e-03 7.784312e-03 7.788635e-03 7.760920e-03
91 9.808081e-04 9.812515e-04 9.801543e-04 9.995098e-01 9.995096e-01 9.995102e-01 4.901656e-04 9.802462e-04 9.791536e-04 9.777985e-04 9.782400e-04 9.771567e-04
92 6.400116e-04 6.403668e-04 6.382235e-04 9.996801e-01 9.996800e-01 9.996810e-01 3.198685e-04 6.397842e-04 6.376535e-04 6.382677e-04 6.386217e-04 6.365160e-04
93 3.243245e-04 3.244826e-04 3.242378e-04 9.998379e-01 9.998378e-01 9.998379e-01 1.621251e-04 3.243391e-04 3.240949e-04 3.238947e-04 3.240526e-04 3.238092e-04
94 1.352072e-04 1.352779e-04 1.357188e-04 9.999324e-01 9.999324e-01 9.999321e-01 6.760194e-05 1.352567e-04 1.356974e-04 1.351438e-04 1.352144e-04 1.356547e-04
95 5.373953e-05 5.376649e-05 5.382694e-05 9.999731e-01 9.999731e-01 9.999731e-01 2.686916e-05 5.376317e-05 5.382362e-05 5.372960e-05 5.375655e-05 5.381696e-05
96 9.743924e-05 9.748655e-05 9.721501e-05 9.999513e-01 9.999513e-01 9.999514e-01 4.871681e-05 9.747602e-05 9.720474e-05 9.740770e-05 9.745498e-05 9.718422e-05
97 2.372081e-04 2.373252e-04 2.375296e-04 9.998814e-01 9.998814e-01 9.998813e-01 1.185852e-04 2.372619e-04 2.374677e-04 2.370185e-04 2.371355e-04 2.373440e-04
98 7.509903e-04 7.513012e-04 7.499789e-04 9.996246e-01 9.996245e-01 9.996252e-01 3.753313e-04 7.507258e-04 7.494072e-04 7.492672e-04 7.495770e-04 7.482659e-04
99 2.555769e-03 2.556764e-03 2.548644e-03 9.987236e-01 9.987231e-01 9.987272e-01 1.276329e-03 2.550652e-03 2.542634e-03 2.537508e-03 2.538493e-03 2.530676e-03
100 5.794244e-03 5.796069e-03 5.801364e-03 9.971094e-01 9.971085e-01 9.971058e-01 2.890418e-03 5.770019e-03 5.775369e-03 5.716574e-03 5.718362e-03 5.723821e-03
101 1.081023e-02 1.081515e-02 1.089580e-02 9.946300e-01 9.946276e-01 9.945882e-01 5.369895e-03 1.067586e-02 1.075268e-02 1.040293e-02 1.040759e-02 1.047707e-02
102 1.797503e-02 1.798283e-02 1.795658e-02 9.911267e-01 9.911228e-01 9.911354e-01 8.872785e-03 1.753368e-02 1.750950e-02 1.668797e-02 1.669491e-02 1.667479e-02
103 3.080515e-02 3.081942e-02 3.091498e-02 9.848681e-01 9.848611e-01 9.848182e-01 1.513253e-02 2.975907e-02 2.983633e-02 2.779763e-02 2.781018e-02 2.785841e-02
104 2.850632e-02 2.851571e-02 2.855907e-02 9.860095e-01 9.860049e-01 9.859836e-01 1.398915e-02 2.748777e-02 2.752957e-02 2.559704e-02 2.560512e-02 2.564267e-02
105 2.297689e-02 2.298772e-02 2.295280e-02 9.886643e-01 9.886590e-01 9.886736e-01 1.133627e-02 2.238618e-02 2.236217e-02 2.124931e-02 2.125887e-02 2.125235e-02
106 4.783762e-02 4.785741e-02 4.776398e-02 9.766234e-01 9.766138e-01 9.766574e-01 2.337737e-02 4.573596e-02 4.565481e-02 4.184231e-02 4.185872e-02 4.179942e-02
107 5.029301e-03 5.032115e-03 5.039849e-03 9.974916e-01 9.974902e-01 9.974864e-01 2.508783e-03 5.007111e-03 5.014784e-03 4.954884e-03 4.957630e-03 4.965182e-03
108 4.114367e-03 4.116339e-03 4.118946e-03 9.979477e-01 9.979467e-01 9.979454e-01 2.052325e-03 4.096885e-03 4.099539e-03 4.056484e-03 4.058417e-03 4.061159e-03
109 2.072827e-03 2.073995e-03 2.073514e-03 9.989653e-01 9.989647e-01 9.989649e-01 1.034745e-03 2.067322e-03 2.067025e-03 2.052962e-03 2.054114e-03 2.054169e-03
110 4.907155e-03 4.909349e-03 4.910614e-03 9.975540e-01 9.975529e-01 9.975523e-01 2.445981e-03 4.879116e-03 4.880326e-03 4.817277e-03 4.819414e-03 4.820513e-03
111 1.152813e-03 1.153649e-03 1.148769e-03 9.994245e-01 9.994241e-01 9.994265e-01 5.755102e-04 1.149956e-03 1.145179e-03 1.141801e-03 1.142625e-03 1.138048e-03
112 7.761841e-05 7.768946e-05 7.738449e-05 9.999612e-01 9.999612e-01 9.999613e-01 3.882165e-05 7.767864e-05 7.737386e-05 7.758600e-05 7.765700e-05 7.735259e-05
113 4.419658e-05 4.421987e-05 4.427173e-05 9.999779e-01 9.999779e-01 9.999779e-01 2.209778e-05 4.421680e-05 4.426866e-05 4.418739e-05 4.421067e-05 4.426252e-05
114 3.435517e-05 3.436830e-05 3.443529e-05 9.999828e-01 9.999828e-01 9.999828e-01 1.717609e-05 3.436694e-05 3.443393e-05 3.435111e-05 3.436423e-05 3.443121e-05
115 7.534204e-05 7.537310e-05 7.531536e-05 9.999623e-01 9.999623e-01 9.999623e-01 3.766613e-05 7.536620e-05 7.530853e-05 7.532137e-05 7.535242e-05 7.529488e-05
116 3.401602e-04 3.403447e-04 3.423811e-04 9.998300e-01 9.998299e-01 9.998289e-01 1.700244e-04 3.401483e-04 3.421768e-04 3.395723e-04 3.397563e-04 3.417690e-04
117 1.059540e-03 1.060086e-03 1.058089e-03 9.994706e-01 9.994703e-01 9.994713e-01 5.293957e-04 1.058573e-03 1.056600e-03 1.055013e-03 1.055556e-03 1.053631e-03
118 1.746357e-03 1.747231e-03 1.742916e-03 9.991278e-01 9.991274e-01 9.991295e-01 8.721779e-04 1.743226e-03 1.739004e-03 1.734395e-03 1.735261e-03 1.731221e-03
