0 2.577915e+01 2.579726e+01 2.581953e+01 3.098521e-01 3.097797e-01 3.066801e-01 6.901016e-01 7.455090e-01 7.493351e-01 4.803685e-02 4.803004e-02 4.851147e-02
1 1.275865e+02 1.276300e+02 1.276934e+02 8.877972e-04 8.855620e-04 7.383226e-05 9.991122e-01 9.999699e-01 9.999999e-01 3.023096e-05 3.009466e-05 5.360979e-08
2 1.771313e+02 1.770506e+02 1.778777e+02 2.935597e-03 2.925637e-03 3.016536e-03 9.970651e-01 9.998845e-01 9.999108e-01 1.159652e-04 1.152336e-04 8.912471e-05
3 1.312619e+02 1.315670e+02 1.317100e+02 2.192927e-02 2.188091e-02 2.014090e-02 9.780758e-01 9.951137e-01 9.967193e-01 4.435354e-03 4.421242e-03 3.172030e-03
4 5.770789e+01 5.774523e+01 5.732531e+01 4.770305e-02 4.761448e-02 4.672819e-02 9.523039e-01 9.898348e-01 9.907404e-01 9.332070e-03 9.305339e-03 8.704461e-03
5 1.726428e+01 1.727698e+01 1.719306e+01 1.335003e-01 1.333311e-01 1.307339e-01 8.665254e-01 9.553636e-01 9.582293e-01 3.619381e-02 3.613283e-02 3.514305e-02
6 3.599444e+00 3.601698e+00 3.586062e+00 4.579234e-01 4.577083e-01 4.579816e-01 5.421326e-01 6.960317e-01 6.960437e-01 1.344338e-01 1.343876e-01 1.352108e-01
7 9.902067e-01 9.908176e-01 9.881111e-01 7.361314e-01 7.360030e-01 7.361953e-01 2.638846e-01 3.899586e-01 3.895695e-01 1.485954e-01 1.486206e-01 1.484985e-01
8 4.005735e-01 4.008571e-01 3.958970e-01 8.696004e-01 8.695143e-01 8.698561e-01 1.304197e-01 2.071165e-01 2.070011e-01 1.000566e-01 1.000900e-01 1.002582e-01
9 1.783810e-01 1.785152e-01 1.781250e-01 9.281912e-01 9.281353e-01 9.281112e-01 7.182096e-02 1.248554e-01 1.248356e-01 8.034962e-02 8.039378e-02 8.036223e-02
10 1.376747e-01 1.377583e-01 1.368488e-01 9.392937e-01 9.392573e-01 9.395362e-01 6.071214e-02 1.095699e-01 1.092163e-01 7.653756e-02 7.657593e-02 7.664532e-02
11 3.243506e-01 3.245000e-01 3.249547e-01 8.695777e-01 8.695256e-01 8.694155e-01 1.304182e-01 2.212930e-01 2.214479e-01 1.257867e-01 1.258128e-01 1.259340e-01
12 3.245791e+00 3.247599e+00 3.240627e+00 4.951772e-01 4.950277e-01 4.955064e-01 5.048280e-01 6.504213e-01 6.498444e-01 1.345622e-01 1.345442e-01 1.345896e-01
13 1.547258e+01 1.548028e+01 1.542659e+01 1.211834e-01 1.210853e-01 1.178980e-01 8.788101e-01 9.566765e-01 9.606008e-01 3.306744e-02 3.303425e-02 3.202615e-02
14 2.811680e+01 2.812930e+01 2.808077e+01 3.984734e-02 3.979879e-02 3.715200e-02 9.601566e-01 9.927834e-01 9.944091e-01 6.740850e-03 6.728428e-03 5.397530e-03
15 2.147397e+01 2.148695e+01 2.146945e+01 2.138493e-01 2.137076e-01 2.127816e-01 7.861841e-01 8.748410e-01 8.759859e-01 6.597510e-02 6.593475e-02 6.641661e-02
16 1.808639e+01 1.809451e+01 1.816873e+01 1.004463e-01 1.003795e-01 9.584198e-02 8.995316e-01 9.639983e-01 9.698149e-01 2.626245e-02 2.624359e-02 2.510754e-02
17 2.050934e+01 2.052052e+01 2.051947e+01 6.625041e-02 6.616714e-02 6.480440e-02 9.337655e-01 9.853509e-01 9.864579e-01 1.338879e-02 1.336440e-02 1.259625e-02
18 7.843253e+00 7.847748e+00 7.840440e+00 3.126132e-01 3.124371e-01 3.122429e-01 6.874155e-01 8.212081e-01 8.216966e-01 9.906079e-02 9.900954e-02 9.960200e-02
19 2.850307e+00 2.851746e+00 2.802107e+00 5.811267e-01 5.809761e-01 5.812436e-01 4.188675e-01 5.656869e-01 5.654818e-01 1.495753e-01 1.495802e-01 1.496679e-01
20 9.407479e-01 9.417726e-01 9.344961e-01 7.788809e-01 7.787210e-01 7.777057e-01 2.211749e-01 3.313912e-01 3.325711e-01 1.422239e-01 1.422623e-01 1.427238e-01
21 3.044042e-01 3.046049e-01 3.016252e-01 8.930083e-01 8.929410e-01 8.927562e-01 1.069957e-01 1.799017e-01 1.801448e-01 1.079789e-01 1.080220e-01 1.081516e-01
22 1.437208e-01 1.438084e-01 1.437070e-01 9.340073e-01 9.339669e-01 9.338371e-01 6.600032e-02 1.228292e-01 1.231432e-01 9.448880e-02 9.453626e-02 9.475626e-02
23 4.751643e-02 4.754806e-02 4.742985e-02 9.771305e-01 9.771154e-01 9.771568e-01 2.287095e-02 4.416566e-02 4.410373e-02 3.856866e-02 3.859273e-02 3.856657e-02
24 1.150469e-02 1.151234e-02 1.131530e-02 9.951430e-01 9.951397e-01 9.950234e-01 4.856540e-03 8.615597e-03 8.937324e-03 6.101409e-03 6.104788e-03 6.215690e-03
25 7.402373e-03 7.410273e-03 7.361438e-03 9.966037e-01 9.965999e-01 9.965482e-01 3.397555e-03 6.332855e-03 6.513535e-03 5.006741e-03 5.012870e-03 5.270883e-03
26 1.120480e-03 1.121030e-03 1.123449e-03 9.994402e-01 9.994399e-01 9.994387e-01 5.598230e-04 1.119431e-03 1.121886e-03 1.115701e-03 1.116248e-03 1.118772e-03
27 4.806296e-03 4.809230e-03 4.793600e-03 9.976134e-01 9.976119e-01 9.976183e-01 2.386445e-03 4.744098e-03 4.733926e-03 4.617960e-03 4.620777e-03 4.619411e-03
28 3.921681e-02 3.923808e-02 3.894213e-02 9.809634e-01 9.809532e-01 9.810760e-01 1.903566e-02 3.704581e-02 3.683834e-02 3.331457e-02 3.333121e-02 3.322713e-02
29 2.171867e-01 2.172756e-01 2.175128e-01 9.038943e-01 9.038570e-01 9.039006e-01 9.610492e-02 1.732766e-01 1.731327e-01 1.184873e-01 1.185202e-01 1.184891e-01
30 2.701408e-01 2.702570e-01 2.707426e-01 8.808394e-01 8.807922e-01 8.806602e-01 1.191592e-01 2.133414e-01 2.135116e-01 1.395142e-01 1.395485e-01 1.396028e-01
31 2.514433e-01 2.515768e-01 2.519013e-01 8.900548e-01 8.899986e-01 8.898031e-01 1.099501e-01 1.968504e-01 1.972040e-01 1.316717e-01 1.317165e-01 1.319824e-01
32 6.580132e-01 6.582856e-01 6.568007e-01 7.567170e-01 7.566317e-01 7.567165e-01 2.432820e-01 3.937293e-01 3.936988e-01 1.850079e-01 1.850277e-01 1.852420e-01
33 1.817551e+00 1.818401e+00 1.809506e+00 5.328332e-01 5.326841e-01 5.321381e-01 4.671889e-01 6.479535e-01 6.490768e-01 1.650642e-01 1.650398e-01 1.655681e-01
34 7.582334e+00 7.585766e+00 7.598425e+00 2.489590e-01 2.488574e-01 2.465309e-01 7.510170e-01 8.788960e-01 8.822328e-01 7.920818e-02 7.917164e-02 7.943577e-02
35 1.795041e+01 1.795843e+01 1.798624e+01 1.121366e-01 1.120414e-01 1.106084e-01 8.878666e-01 9.631519e-01 9.646132e-01 2.985061e-02 2.981638e-02 2.930849e-02
36 1.610196e+01 1.611027e+01 1.606651e+01 1.039842e-01 1.038945e-01 1.029909e-01 8.960224e-01 9.648959e-01 9.661186e-01 2.778023e-02 2.775030e-02 2.761632e-02
37 1.490301e+01 1.491129e+01 1.490577e+01 1.746470e-01 1.745160e-01 1.723986e-01 8.253587e-01 9.201642e-01 9.242851e-01 5.288087e-02 5.283639e-02 5.395439e-02
38 1.996849e+01 1.997677e+01 2.001135e+01 7.590801e-02 7.583542e-02 7.249351e-02 9.240964e-01 9.800593e-01 9.830961e-01 1.732636e-02 1.730279e-02 1.547628e-02
39 6.147874e+00 6.152959e+00 6.137332e+00 3.193719e-01 3.191800e-01 3.175377e-01 6.806664e-01 8.188414e-01 8.214784e-01 9.714541e-02 9.708957e-02 9.841186e-02
40 4.411385e-01 4.414195e-01 4.405730e-01 8.323691e-01 8.322778e-01 8.324098e-01 1.676476e-01 2.753370e-01 2.752774e-01 1.376162e-01 1.376424e-01 1.378075e-01
41 9.426450e-02 9.434567e-02 9.400751e-02 9.559441e-01 9.559085e-01 9.560186e-01 4.407060e-02 8.292304e-02 8.277916e-02 6.586043e-02 6.589936e-02 6.591778e-02
42 4.025547e-02 4.027856e-02 4.032057e-02 9.805568e-01 9.805458e-01 9.805288e-01 1.944345e-02 3.765252e-02 3.767921e-02 3.318755e-02 3.320494e-02 3.320852e-02
43 1.186485e-02 1.187017e-02 1.187613e-02 9.941172e-01 9.941146e-01 9.941118e-01 5.882635e-03 1.167344e-02 1.167850e-02 1.128977e-02 1.129474e-02 1.129824e-02
44 3.941524e-03 3.944222e-03 3.977863e-03 9.980361e-01 9.980347e-01 9.980182e-01 1.964231e-03 3.917088e-03 3.949685e-03 3.861309e-03 3.863944e-03 3.894535e-03
45 1.990411e-03 1.991164e-03 1.993187e-03 9.990060e-01 9.990056e-01 9.990046e-01 9.939547e-04 1.986538e-03 1.988573e-03 1.976585e-03 1.977333e-03 1.979392e-03
46 2.087842e-03 2.088899e-03 2.085004e-03 9.989573e-01 9.989568e-01 9.989587e-01 1.042725e-03 2.083914e-03 2.080090e-03 2.072954e-03 2.073999e-03 2.070317e-03
47 5.516059e-03 5.518480e-03 5.516135e-03 9.972512e-01 9.972500e-01 9.972511e-01 2.748768e-03 5.481672e-03 5.479460e-03 5.406825e-03 5.409176e-03 5.407216e-03
48 1.893833e-02 1.894921e-02 1.879937e-02 9.906570e-01 9.906516e-01 9.907179e-01 9.342974e-03 1.845299e-02 1.833556e-02 1.751619e-02 1.752594e-02 1.745897e-02
49 1.200030e-01 1.200748e-01 1.190208e-01 9.453721e-01 9.453400e-01 9.455198e-01 5.462768e-02 1.013603e-01 1.012209e-01 7.817734e-02 7.821534e-02 7.830582e-02
50 8.181228e-01 8.185318e-01 8.191504e-01 7.417050e-01 7.416026e-01 7.415754e-01 2.582945e-01 4.006437e-01 4.011863e-01 1.698372e-01 1.698496e-01 1.706507e-01
51 1.781809e+00 1.782489e+00 1.798071e+00 5.818350e-01 5.817282e-01 5.810868e-01 4.181484e-01 5.815137e-01 5.823575e-01 1.631064e-01 1.631090e-01 1.633204e-01
52 1.357552e+00 1.357514e+00 1.357202e+00 6.466524e-01 6.465210e-01 6.457535e-01 3.533534e-01 5.087844e-01 5.099354e-01 1.678668e-01 1.678714e-01 1.685153e-01
53 2.386201e+00 2.388114e+00 2.390242e+00 5.014081e-01 5.012478e-01 5.005461e-01 4.986096e-01 6.734837e-01 6.749451e-01 1.542480e-01 1.542150e-01 1.554668e-01
54 2.008872e+00 2.010166e+00 2.006263e+00 5.666326e-01 5.664555e-01 5.668390e-01 4.334245e-01 5.941623e-01 5.936868e-01 1.575435e-01 1.575182e-01 1.575456e-01
55 6.620322e-01 6.623764e-01 6.619806e-01 7.726932e-01 7.725910e-01 7.723499e-01 2.273256e-01 3.549985e-01 3.555009e-01 1.513810e-01 1.514122e-01 1.517851e-01
56 8.271517e-02 8.275804e-02 8.251235e-02 9.609710e-01 9.609513e-01 9.610436e-01 3.902991e-02 7.403748e-02 7.389668e-02 6.053596e-02 6.056301e-02 6.053420e-02
57 1.245107e-02 1.245906e-02 1.245185e-02 9.938353e-01 9.938313e-01 9.938346e-01 6.165575e-03 1.221843e-02 1.221251e-02 1.175138e-02 1.175875e-02 1.175503e-02
58 5.887851e-03 5.890991e-03 5.871684e-03 9.970711e-01 9.970696e-01 9.970791e-01 2.928880e-03 5.831044e-03 5.812429e-03 5.710902e-03 5.713910e-03 5.696622e-03
59 2.906051e-03 2.907406e-03 2.905308e-03 9.985505e-01 9.985499e-01 9.985509e-01 1.449385e-03 2.893198e-03 2.891235e-03 2.863800e-03 2.865127e-03 2.863424e-03
60 1.003699e-03 1.004402e-03 1.000010e-03 9.994987e-01 9.994983e-01 9.995005e-01 5.014023e-04 1.002353e-03 9.980472e-04 9.975783e-04 9.982773e-04 9.941412e-04
61 3.905332e-04 3.907637e-04 3.918543e-04 9.998048e-01 9.998047e-01 9.998041e-01 1.952378e-04 3.905660e-04 3.916548e-04 3.899410e-04 3.901711e-04 3.912563e-04
62 6.296798e-04 6.299790e-04 6.308468e-04 9.996853e-01 9.996851e-01 9.996847e-01 3.147313e-04 6.295574e-04 6.304274e-04 6.284172e-04 6.287154e-04 6.295900e-04
63 2.475291e-03 2.476475e-03 2.505645e-03 9.987647e-01 9.987641e-01 9.987496e-01 1.235198e-03 2.467211e-03 2.496094e-03 2.447815e-03 2.448980e-03 2.477269e-03
64 8.829143e-03 8.833231e-03 8.822298e-03 9.956037e-01 9.956017e-01 9.956067e-01 4.396218e-03 8.760472e-03 8.751111e-03 8.613582e-03 8.617517e-03 8.611070e-03
65 3.436713e-02 3.438319e-02 3.424162e-02 9.831177e-01 9.831099e-01 9.831671e-01 1.688188e-02 3.320395e-02 3.311280e-02 3.102997e-02 3.104367e-02 3.102514e-02
66 1.095197e-01 1.095651e-01 1.098659e-01 9.483340e-01 9.483134e-01 9.481832e-01 5.166435e-02 9.792688e-02 9.816065e-02 7.961853e-02 7.964476e-02 7.982234e-02
67 1.554270e-01 1.554921e-01 1.553785e-01 9.271478e-01 9.271183e-01 9.271467e-01 7.285475e-02 1.371639e-01 1.371409e-01 1.081213e-01 1.081577e-01 1.081992e-01
68 3.582721e-01 3.584021e-01 3.575416e-01 8.484500e-01 8.484022e-01 8.485489e-01 1.515404e-01 2.638305e-01 2.637821e-01 1.577160e-01 1.577392e-01 1.580039e-01
69 8.844842e-01 8.849310e-01 8.862353e-01 7.072071e-01 7.070902e-01 7.063221e-01 2.928035e-01 4.528697e-01 4.540886e-01 1.816053e-01 1.816173e-01 1.824133e-01
70 1.194566e+00 1.195086e+00 1.198158e+00 6.531377e-01 6.530294e-01 6.532554e-01 3.468628e-01 5.163411e-01 5.159949e-01 1.831694e-01 1.831690e-01 1.831745e-01
71 1.482932e+00 1.483636e+00 1.484241e+00 6.045220e-01 6.043865e-01 6.037893e-01 3.955006e-01 5.620736e-01 5.631080e-01 1.668132e-01 1.668091e-01 1.675203e-01
72 1.325910e+00 1.326427e+00 1.324686e+00 6.140210e-01 6.139188e-01 6.134302e-01 3.859657e-01 5.695472e-01 5.706858e-01 1.883354e-01 1.883255e-01 1.893991e-01
73 1.415154e+00 1.415842e+00 1.414278e+00 6.149437e-01 6.148136e-01 6.139249e-01 3.850692e-01 5.467572e-01 5.485854e-01 1.619176e-01 1.619118e-01 1.632404e-01
74 1.351831e-01 1.353680e-01 1.401661e-01 9.493229e-01 9.492579e-01 9.479271e-01 5.070711e-02 8.984822e-02 9.095155e-02 6.387015e-02 6.391587e-02 6.347162e-02
75 1.369795e-02 1.370492e-02 1.367825e-02 9.932062e-01 9.932027e-01 9.932146e-01 6.793962e-03 1.348629e-02 1.346537e-02 1.305914e-02 1.306566e-02 1.305443e-02
76 9.596078e-03 9.600583e-03 9.594690e-03 9.952280e-01 9.952257e-01 9.952286e-01 4.772076e-03 9.497104e-03 9.491441e-03 9.290643e-03 9.294956e-03 9.289736e-03
77 2.228151e-03 2.229329e-03 2.217565e-03 9.988874e-01 9.988869e-01 9.988927e-01 1.112587e-03 2.223246e-03 2.211615e-03 2.209991e-03 2.211156e-03 2.199787e-03
78 5.093539e-04 5.096354e-04 5.114158e-04 9.997454e-01 9.997453e-01 9.997444e-01 2.545951e-04 5.092767e-04 5.110613e-04 5.082802e-04 5.085609e-04 5.103535e-04
79 5.552043e-04 5.554308e-04 5.552326e-04 9.997225e-01 9.997224e-01 9.997225e-01 2.775244e-04 5.551197e-04 5.549230e-04 5.542724e-04 5.544984e-04 5.543045e-04
80 1.336917e-03 1.337464e-03 1.340364e-03 9.993320e-01 9.993318e-01 9.993303e-01 6.679284e-04 1.335488e-03 1.338375e-03 1.331008e-03 1.331551e-03 1.334410e-03
81 2.698852e-03 2.699959e-03 2.701527e-03 9.986526e-01 9.986521e-01 9.986513e-01 1.347374e-03 2.691828e-03 2.693402e-03 2.674584e-03 2.675676e-03 2.677263e-03
82 3.631685e-03 3.632946e-03 3.646878e-03 9.981874e-01 9.981868e-01 9.981799e-01 1.812480e-03 3.619843e-03 3.633672e-03 3.592604e-03 3.593844e-03 3.607472e-03
83 7.697602e-03 7.701373e-03 7.716427e-03 9.961681e-01 9.961662e-01 9.961584e-01 3.831957e-03 7.634154e-03 7.650480e-03 7.499496e-03 7.503133e-03 7.521598e-03
84 2.912634e-02 2.913344e-02 2.922023e-02 9.856667e-01 9.856632e-01 9.856216e-01 1.433090e-02 2.823015e-02 2.830969e-02 2.654124e-02 2.654760e-02 2.661387e-02
85 7.352921e-02 7.356582e-02 7.361097e-02 9.650806e-01 9.650634e-01 9.650485e-01 3.492190e-02 6.661862e-02 6.663903e-02 5.564498e-02 5.567021e-02 5.567617e-02
86 8.051015e-02 8.054472e-02 8.024653e-02 9.622214e-01 9.622057e-01 9.623159e-01 3.777790e-02 7.133295e-02 7.117353e-02 5.746744e-02 5.748764e-02 5.749903e-02
87 1.120367e-01 1.120938e-01 1.125043e-01 9.487668e-01 9.487420e-01 9.485556e-01 5.123465e-02 9.461750e-02 9.495624e-02 7.016599e-02 7.019318e-02 7.042273e-02
88 1.295339e-01 1.295816e-01 1.298743e-01 9.404809e-01 9.404602e-01 9.403693e-01 5.951558e-02 1.103095e-01 1.104179e-01 8.272117e-02 8.274233e-02 8.269065e-02
89 5.435691e-02 5.439132e-02 5.433386e-02 9.737296e-01 9.737132e-01 9.737366e-01 2.627475e-02 5.088752e-02 5.084987e-02 4.480255e-02 4.482800e-02 4.481865e-02
90 5.998481e-03 6.001994e-03 5.988150e-03 9.970107e-01 9.970089e-01 9.970157e-01 2.989649e-03 5.962539e-03 5.949153e-03 5.881517e-03 5.884924e-03 5.872404e-03
91 1.183695e-03 1.184272e-03 1.186441e-03 9.994086e-01 9.994083e-01 9.994072e-01 5.914362e-04 1.182566e-03 1.184742e-03 1.178591e-03 1.179165e-03 1.181355e-03
92 7.444513e-04 7.448607e-04 7.424660e-04 9.996280e-01 9.996278e-01 9.996290e-01 3.719866e-04 7.438865e-04 7.415068e-04 7.415378e-04 7.419450e-04 7.395950e-04
93 2.749949e-04 2.751356e-04 2.759453e-04 9.998625e-01 9.998625e-01 9.998621e-01 1.374688e-04 2.750215e-04 2.758298e-04 2.746531e-04 2.747935e-04 2.755991e-04
94 9.241300e-05 9.245871e-05 9.258959e-05 9.999538e-01 9.999538e-01 9.999537e-01 4.620633e-05 9.244976e-05 9.258054e-05 9.238619e-05 9.243188e-05 9.256244e-05
95 4.442297e-05 4.444662e-05 4.432987e-05 9.999778e-01 9.999778e-01 9.999778e-01 2.221096e-05 4.444410e-05 4.432744e-05 4.441542e-05 4.443907e-05 4.432257e-05
96 9.918517e-05 9.922858e-05 9.906449e-05 9.999504e-01 9.999504e-01 9.999505e-01 4.958971e-05 9.921709e-05 9.905314e-05 9.915071e-05 9.919410e-05 9.903044e-05
97 1.593988e-04 1.594642e-04 1.597215e-04 9.999203e-01 9.999203e-01 9.999201e-01 7.969095e-05 1.594421e-04 1.596996e-04 1.593327e-04 1.593981e-04 1.596559e-04
98 4.826389e-04 4.828445e-04 4.827331e-04 9.997587e-01 9.997586e-01 9.997587e-01 2.412590e-04 4.826285e-04 4.825197e-04 4.819918e-04 4.821969e-04 4.820933e-04
99 1.732537e-03 1.733187e-03 1.730452e-03 9.991345e-01 9.991342e-01 9.991355e-01 8.654687e-04 1.730106e-03 1.727391e-03 1.723326e-03 1.723971e-03 1.721295e-03
100 5.274656e-03 5.276368e-03 5.283529e-03 9.973689e-01 9.973681e-01 9.973645e-01 2.630865e-03 5.251480e-03 5.258706e-03 5.200527e-03 5.202198e-03 5.209547e-03
101 1.111225e-02 1.111714e-02 1.112394e-02 9.944757e-01 9.944733e-01 9.944700e-01 5.524319e-03 1.099050e-02 1.099703e-02 1.073942e-02 1.074405e-02 1.075009e-02
102 2.075500e-02 2.076329e-02 2.068110e-02 9.897729e-01 9.897689e-01 9.898054e-01 1.022609e-02 2.017275e-02 2.010806e-02 1.907188e-02 1.907903e-02 1.904287e-02
103 4.635925e-02 4.638078e-02 4.650888e-02 9.774608e-01 9.774505e-01 9.773953e-01 2.254011e-02 4.390511e-02 4.400113e-02 3.956688e-02 3.958409e-02 3.963844e-02
104 4.940078e-02 4.941665e-02 4.959615e-02 9.760749e-01 9.760674e-01 9.759913e-01 2.392284e-02 4.642313e-02 4.655212e-02 4.121577e-02 4.122744e-02 4.128360e-02
105 4.117420e-02 4.119242e-02 4.120373e-02 9.799824e-01 9.799737e-01 9.799661e-01 2.001772e-02 3.898597e-02 3.900427e-02 3.509223e-02 3.510627e-02 3.513296e-02
106 7.294662e-02 7.298194e-02 7.304391e-02 9.648705e-01 9.648538e-01 9.648235e-01 3.513167e-02 6.780350e-02 6.786282e-02 5.886515e-02 5.889053e-02 5.894512e-02
107 6.291126e-03 6.294651e-03 6.290163e-03 9.968644e-01 9.968626e-01 9.968648e-01 3.136065e-03 6.254919e-03 6.250702e-03 6.173205e-03 6.176620e-03 6.172932e-03
108 7.169161e-03 7.172280e-03 7.181353e-03 9.964301e-01 9.964285e-01 9.964240e-01 3.569899e-03 7.113805e-03 7.123107e-03 6.996002e-03 6.999001e-03 7.008735e-03
109 3.927418e-03 3.929662e-03 3.948644e-03 9.980428e-01 9.980417e-01 9.980322e-01 1.957241e-03 3.903805e-03 3.922486e-03 3.850923e-03 3.853100e-03 3.871175e-03
110 8.325300e-03 8.328859e-03 8.327965e-03 9.958581e-01 9.958563e-01 9.958567e-01 4.141910e-03 8.246334e-03 8.245826e-03 8.081139e-03 8.084532e-03 8.084753e-03
111 1.226581e-03 1.227440e-03 1.227430e-03 9.993877e-01 9.993873e-01 9.993873e-01 6.122996e-04 1.223331e-03 1.223334e-03 1.214336e-03 1.215181e-03 1.215209e-03
112 1.152255e-04 1.153237e-04 1.152179e-04 9.999424e-01 9.999423e-01 9.999424e-01 5.762794e-05 1.153020e-04 1.151964e-04 1.151606e-04 1.152587e-04 1.151534e-04
113 4.847326e-05 4.849895e-05 4.836015e-05 9.999758e-01 9.999758e-01 9.999758e-01 2.423634e-05 4.849555e-05 4.835679e-05 4.846306e-05 4.848874e-05 4.835008e-05
114 3.470445e-05 3.471665e-05 3.459160e-05 9.999826e-01 9.999826e-01 9.999827e-01 1.735025e-05 3.471525e-05 3.459022e-05 3.470026e-05 3.471245e-05 3.458747e-05
115 9.729361e-05 9.732704e-05 9.733393e-05 9.999514e-01 9.999513e-01 9.999513e-01 4.863943e-05 9.731621e-05 9.732311e-05 9.726113e-05 9.729454e-05 9.730147e-05
116 2.651277e-04 2.652548e-04 2.648874e-04 9.998675e-01 9.998674e-01 9.998676e-01 1.325383e-04 2.651668e-04 2.648008e-04 2.648642e-04 2.649910e-04 2.646277e-04
117 9.774974e-04 9.780035e-04 9.773655e-04 9.995116e-01 9.995113e-01 9.995116e-01 4.884187e-04 9.766779e-04 9.760622e-04 9.735332e-04 9.740361e-04 9.734643e-04
118 2.440843e-03 2.442079e-03 2.441152e-03 9.987816e-01 9.987810e-01 9.987815e-01 1.218353e-03 2.433823e-03 2.432965e-03 2.416231e-03 2.417448e-03 2.416725e-03
