0 2.223433e+01 2.225026e+01 2.233169e+01 3.256236e-01 3.255483e-01 3.223268e-01 6.743306e-01 7.315269e-01 7.358367e-01 4.983046e-02 4.982257e-02 4.969669e-02
1 1.144973e+02 1.145381e+02 1.143774e+02 1.342635e-03 1.339536e-03 1.525286e-04 9.986574e-01 9.999354e-01 9.999998e-01 6.460241e-05 6.433862e-05 2.262254e-07
2 1.634339e+02 1.633554e+02 1.634841e+02 3.330946e-03 3.319967e-03 3.189697e-03 9.966699e-01 9.998484e-01 9.999007e-01 1.520287e-04 1.511139e-04 9.915624e-05
3 1.264438e+02 1.267300e+02 1.269818e+02 2.162691e-02 2.157912e-02 1.780793e-02 9.783779e-01 9.951493e-01 9.975069e-01 4.335503e-03 4.322363e-03 2.430708e-03
4 5.990565e+01 5.994433e+01 5.985341e+01 4.141922e-02 4.133747e-02 4.008088e-02 9.585874e-01 9.919748e-01 9.929773e-01 7.478898e-03 7.455831e-03 6.696898e-03
5 1.947975e+01 1.949403e+01 1.948577e+01 1.157019e-01 1.155442e-01 1.136120e-01 8.843198e-01 9.639320e-01 9.662039e-01 2.982005e-02 2.976552e-02 2.901998e-02
6 4.186464e+00 4.189151e+00 4.154113e+00 4.194772e-01 4.192526e-01 4.188369e-01 5.805806e-01 7.333850e-01 7.343017e-01 1.262026e-01 1.261464e-01 1.270803e-01
7 1.112812e+00 1.113488e+00 1.106634e+00 7.139631e-01 7.138272e-01 7.140368e-01 2.860541e-01 4.183255e-01 4.179445e-01 1.524838e-01 1.525054e-01 1.523187e-01
8 4.762142e-01 4.765436e-01 4.676844e-01 8.527624e-01 8.526676e-01 8.529624e-01 1.472605e-01 2.301032e-01 2.299583e-01 1.058119e-01 1.058436e-01 1.059500e-01
9 2.198090e-01 2.199745e-01 2.179873e-01 9.156541e-01 9.155884e-01 9.156904e-01 8.436053e-02 1.439789e-01 1.439088e-01 8.821214e-02 8.825758e-02 8.840623e-02
10 1.595677e-01 1.596690e-01 1.590687e-01 9.309581e-01 9.309147e-01 9.310362e-01 6.904977e-02 1.231948e-01 1.230771e-01 8.321405e-02 8.325609e-02 8.329289e-02
11 3.801992e-01 3.803719e-01 3.815059e-01 8.502766e-01 8.502184e-01 8.501596e-01 1.497194e-01 2.505252e-01 2.503754e-01 1.352592e-01 1.352835e-01 1.350304e-01
12 3.579161e+00 3.581158e+00 3.586306e+00 4.683300e-01 4.681741e-01 4.676435e-01 5.316784e-01 6.790183e-01 6.798755e-01 1.323945e-01 1.323710e-01 1.329178e-01
13 1.525822e+01 1.526585e+01 1.521068e+01 1.173566e-01 1.172609e-01 1.138279e-01 8.826376e-01 9.586434e-01 9.624215e-01 3.182186e-02 3.178983e-02 3.062422e-02
14 2.660771e+01 2.661933e+01 2.659648e+01 4.132756e-02 4.127812e-02 3.868978e-02 9.586768e-01 9.924414e-01 9.939825e-01 7.078427e-03 7.065565e-03 5.794052e-03
15 1.968737e+01 1.969947e+01 1.974831e+01 2.235416e-01 2.233950e-01 2.213405e-01 7.764934e-01 8.682217e-01 8.707295e-01 6.908088e-02 6.903983e-02 6.983398e-02
16 1.626338e+01 1.627055e+01 1.634607e+01 1.127900e-01 1.127178e-01 1.087392e-01 8.871878e-01 9.572740e-01 9.629818e-01 3.005422e-02 3.003374e-02 2.965419e-02
17 1.912234e+01 1.913295e+01 1.912996e+01 7.245744e-02 7.236999e-02 7.113369e-02 9.275586e-01 9.833450e-01 9.844989e-01 1.512957e-02 1.510313e-02 1.434882e-02
18 7.706289e+00 7.710791e+00 7.679718e+00 3.110096e-01 3.108284e-01 3.106677e-01 6.890212e-01 8.240123e-01 8.245444e-01 9.872423e-02 9.866982e-02 9.949389e-02
19 2.796419e+00 2.797828e+00 2.755419e+00 5.735988e-01 5.734465e-01 5.737182e-01 4.263977e-01 5.753394e-01 5.752737e-01 1.499691e-01 1.499709e-01 1.504360e-01
20 9.539844e-01 9.549900e-01 9.455723e-01 7.731710e-01 7.730088e-01 7.726247e-01 2.268853e-01 3.406903e-01 3.409885e-01 1.459988e-01 1.460363e-01 1.460785e-01
21 3.237809e-01 3.239954e-01 3.201304e-01 8.869017e-01 8.868305e-01 8.867864e-01 1.131026e-01 1.897005e-01 1.898043e-01 1.126203e-01 1.126634e-01 1.128064e-01
22 1.623065e-01 1.624040e-01 1.619167e-01 9.261269e-01 9.260824e-01 9.260278e-01 7.388167e-02 1.365916e-01 1.368197e-01 1.026592e-01 1.027085e-01 1.029037e-01
23 5.763617e-02 5.767431e-02 5.751690e-02 9.724303e-01 9.724123e-01 9.724569e-01 2.757139e-02 5.295439e-02 5.290642e-02 4.533899e-02 4.536679e-02 4.539604e-02
24 1.510008e-02 1.511038e-02 1.477789e-02 9.939750e-01 9.939708e-01 9.937791e-01 6.024521e-03 1.043399e-02 1.085653e-02 7.124931e-03 7.128530e-03 7.055839e-03
25 9.376535e-03 9.386666e-03 9.271349e-03 9.958105e-01 9.958057e-01 9.957347e-01 4.191198e-03 7.680852e-03 7.927256e-03 5.829993e-03 5.837381e-03 6.115045e-03
26 1.355329e-03 1.355992e-03 1.353360e-03 9.993229e-01 9.993226e-01 9.993239e-01 6.770418e-04 1.353607e-03 1.351078e-03 1.348203e-03 1.348862e-03 1.346536e-03
27 5.891941e-03 5.895524e-03 5.894441e-03 9.970782e-01 9.970765e-01 9.970754e-01 2.921524e-03 5.800221e-03 5.805123e-03 5.618022e-03 5.621436e-03 5.635170e-03
28 4.443345e-02 4.445681e-02 4.424614e-02 9.784668e-01 9.784556e-01 9.785396e-01 2.153216e-02 4.183885e-02 4.170183e-02 3.740002e-02 3.741816e-02 3.735866e-02
29 2.187018e-01 2.187916e-01 2.192503e-01 9.028908e-01 9.028527e-01 9.027704e-01 9.710899e-02 1.754938e-01 1.755695e-01 1.208506e-01 1.208850e-01 1.209327e-01
30 2.648810e-01 2.649964e-01 2.649228e-01 8.827108e-01 8.826632e-01 8.827405e-01 1.172882e-01 2.106620e-01 2.104861e-01 1.394590e-01 1.394952e-01 1.393463e-01
31 2.641033e-01 2.642456e-01 2.642767e-01 8.857014e-01 8.856418e-01 8.854590e-01 1.143045e-01 2.035491e-01 2.039306e-01 1.343491e-01 1.343951e-01 1.347154e-01
32 6.936254e-01 6.939154e-01 6.943586e-01 7.466754e-01 7.465862e-01 7.463487e-01 2.533241e-01 4.073898e-01 4.077154e-01 1.870952e-01 1.871135e-01 1.872744e-01
33 1.970612e+00 1.971558e+00 1.970156e+00 5.139916e-01 5.138356e-01 5.133951e-01 4.860322e-01 6.664107e-01 6.672077e-01 1.611864e-01 1.611575e-01 1.616931e-01
34 7.779741e+00 7.783268e+00 7.775599e+00 2.444065e-01 2.443051e-01 2.418206e-01 7.555710e-01 8.825798e-01 8.861543e-01 7.795647e-02 7.791988e-02 7.797031e-02
35 1.692900e+01 1.693661e+01 1.693005e+01 1.198810e-01 1.197820e-01 1.186928e-01 8.801228e-01 9.595160e-01 9.605710e-01 3.246225e-02 3.242635e-02 3.214302e-02
36 1.503575e+01 1.504343e+01 1.500603e+01 1.105043e-01 1.104112e-01 1.094868e-01 8.895034e-01 9.615850e-01 9.631646e-01 2.982366e-02 2.979282e-02 2.961691e-02
37 1.338210e+01 1.338953e+01 1.342764e+01 1.898427e-01 1.897047e-01 1.863454e-01 8.101640e-01 9.116305e-01 9.169741e-01 5.806445e-02 5.801751e-02 5.881870e-02
38 1.834004e+01 1.834756e+01 1.838194e+01 8.410033e-02 8.402264e-02 8.055337e-02 9.159050e-01 9.770072e-01 9.801762e-01 1.978968e-02 1.976384e-02 1.795666e-02
39 6.192805e+00 6.197790e+00 6.184396e+00 3.134947e-01 3.133027e-01 3.118648e-01 6.865431e-01 8.243619e-01 8.267568e-01 9.556834e-02 9.551162e-02 9.685954e-02
40 4.850523e-01 4.853701e-01 4.862736e-01 8.199994e-01 8.198993e-01 8.195500e-01 1.800200e-01 2.925396e-01 2.929211e-01 1.411099e-01 1.411350e-01 1.412433e-01
41 9.538236e-02 9.546296e-02 9.509852e-02 9.553943e-01 9.553588e-01 9.554848e-01 4.461999e-02 8.400067e-02 8.382456e-02 6.683632e-02 6.687573e-02 6.687741e-02
42 4.263825e-02 4.266268e-02 4.292945e-02 9.794298e-01 9.794182e-01 9.793017e-01 2.057047e-02 3.979332e-02 3.999750e-02 3.493894e-02 3.495726e-02 3.507054e-02
43 1.343570e-02 1.344152e-02 1.344884e-02 9.933435e-01 9.933407e-01 9.933369e-01 6.656214e-03 1.319835e-02 1.320601e-02 1.272612e-02 1.273153e-02 1.273977e-02
44 4.437890e-03 4.441089e-03 4.472306e-03 9.977897e-01 9.977881e-01 9.977728e-01 2.210725e-03 4.406852e-03 4.436641e-03 4.336834e-03 4.339946e-03 4.367009e-03
45 2.127665e-03 2.128451e-03 2.130221e-03 9.989375e-01 9.989371e-01 9.989362e-01 1.062362e-03 2.123086e-03 2.124859e-03 2.111638e-03 2.112417e-03 2.114195e-03
46 2.340995e-03 2.342242e-03 2.341460e-03 9.988311e-01 9.988305e-01 9.988309e-01 1.168992e-03 2.335881e-03 2.335129e-03 2.322010e-03 2.323242e-03 2.322547e-03
47 6.028530e-03 6.031209e-03 6.028971e-03 9.969967e-01 9.969953e-01 9.969964e-01 3.003326e-03 5.987680e-03 5.985658e-03 5.899450e-03 5.902049e-03 5.900444e-03
48 2.145271e-02 2.146545e-02 2.139074e-02 9.894415e-01 9.894353e-01 9.894629e-01 1.055846e-02 2.080802e-02 2.076875e-02 1.958900e-02 1.960028e-02 1.960929e-02
49 1.375196e-01 1.376027e-01 1.366282e-01 9.380645e-01 9.380279e-01 9.381319e-01 6.193542e-02 1.140588e-01 1.140621e-01 8.578062e-02 8.582122e-02 8.601234e-02
50 8.433205e-01 8.437385e-01 8.462338e-01 7.338582e-01 7.337527e-01 7.337825e-01 2.661431e-01 4.119019e-01 4.122173e-01 1.726356e-01 1.726474e-01 1.731734e-01
51 1.670758e+00 1.671408e+00 1.683690e+00 5.957917e-01 5.956849e-01 5.953237e-01 4.041931e-01 5.662828e-01 5.668783e-01 1.637045e-01 1.637091e-01 1.640755e-01
52 1.236756e+00 1.236710e+00 1.236051e+00 6.625182e-01 6.623899e-01 6.618224e-01 3.374868e-01 4.919699e-01 4.927463e-01 1.692789e-01 1.692868e-01 1.697166e-01
53 2.214081e+00 2.215866e+00 2.210192e+00 5.165735e-01 5.164109e-01 5.160068e-01 4.834464e-01 6.599941e-01 6.608473e-01 1.584560e-01 1.584245e-01 1.593561e-01
54 1.884286e+00 1.885481e+00 1.880071e+00 5.799495e-01 5.797730e-01 5.802456e-01 4.201080e-01 5.803155e-01 5.796421e-01 1.592254e-01 1.592026e-01 1.591623e-01
55 6.746650e-01 6.750095e-01 6.735759e-01 7.684904e-01 7.683870e-01 7.685746e-01 2.315292e-01 3.611378e-01 3.610687e-01 1.530309e-01 1.530615e-01 1.534055e-01
56 9.235071e-02 9.239886e-02 9.227192e-02 9.567135e-01 9.566916e-01 9.566999e-01 4.328751e-02 8.165748e-02 8.171097e-02 6.547034e-02 6.549944e-02 6.569606e-02
57 1.303566e-02 1.304405e-02 1.300641e-02 9.935456e-01 9.935415e-01 9.935597e-01 6.455303e-03 1.279302e-02 1.275780e-02 1.230573e-02 1.231346e-02 1.228254e-02
58 6.035119e-03 6.038360e-03 6.017700e-03 9.969979e-01 9.969963e-01 9.970064e-01 3.002098e-03 5.976759e-03 5.957036e-03 5.853302e-03 5.856407e-03 5.838473e-03
59 3.115496e-03 3.116905e-03 3.112209e-03 9.984463e-01 9.984456e-01 9.984479e-01 1.553573e-03 3.100647e-03 3.096103e-03 3.067176e-03 3.068555e-03 3.064305e-03
60 1.130903e-03 1.131717e-03 1.126139e-03 9.994352e-01 9.994348e-01 9.994376e-01 5.648833e-04 1.129120e-03 1.123653e-03 1.123149e-03 1.123957e-03 1.118709e-03
61 4.569979e-04 4.572699e-04 4.582565e-04 9.997716e-01 9.997714e-01 9.997709e-01 2.284539e-04 4.569925e-04 4.579753e-04 4.561670e-04 4.564385e-04 4.574136e-04
62 7.361991e-04 7.365520e-04 7.347671e-04 9.996320e-01 9.996319e-01 9.996328e-01 3.679500e-04 7.359683e-04 7.341902e-04 7.344513e-04 7.348029e-04 7.330384e-04
63 2.869781e-03 2.871198e-03 2.896915e-03 9.985683e-01 9.985676e-01 9.985548e-01 1.431535e-03 2.858372e-03 2.883816e-03 2.831831e-03 2.833221e-03 2.858076e-03
64 1.003123e-02 1.003599e-02 1.002674e-02 9.950082e-01 9.950058e-01 9.950100e-01 4.991734e-03 9.941278e-03 9.933641e-03 9.751167e-03 9.755722e-03 9.751022e-03
65 3.707548e-02 3.709253e-02 3.689640e-02 9.818055e-01 9.817972e-01 9.818810e-01 1.819400e-02 3.574980e-02 3.560681e-02 3.328161e-02 3.329605e-02 3.323000e-02
66 1.099226e-01 1.099673e-01 1.104987e-01 9.480532e-01 9.480328e-01 9.477942e-01 5.194538e-02 9.860062e-02 9.903741e-02 8.055290e-02 8.057932e-02 8.090877e-02
67 1.569633e-01 1.570283e-01 1.567877e-01 9.263981e-01 9.263685e-01 9.264295e-01 7.360444e-02 1.386126e-01 1.385699e-01 1.093276e-01 1.093644e-01 1.095010e-01
68 3.647770e-01 3.649093e-01 3.637666e-01 8.460529e-01 8.460041e-01 8.462977e-01 1.539382e-01 2.675961e-01 2.672304e-01 1.591530e-01 1.591763e-01 1.591699e-01
69 8.645733e-01 8.650106e-01 8.663797e-01 7.121475e-01 7.120320e-01 7.114944e-01 2.878631e-01 4.467834e-01 4.477581e-01 1.821296e-01 1.821432e-01 1.831172e-01
70 1.116932e+00 1.117413e+00 1.117844e+00 6.661567e-01 6.660506e-01 6.666417e-01 3.338453e-01 5.019648e-01 5.010569e-01 1.850024e-01 1.850050e-01 1.849700e-01
71 1.360227e+00 1.360870e+00 1.360028e+00 6.238927e-01 6.237596e-01 6.230279e-01 3.761295e-01 5.413991e-01 5.425770e-01 1.692095e-01 1.692089e-01 1.697128e-01
72 1.202447e+00 1.202923e+00 1.202186e+00 6.359749e-01 6.358745e-01 6.353375e-01 3.640133e-01 5.451261e-01 5.461793e-01 1.917391e-01 1.917325e-01 1.926736e-01
73 1.360925e+00 1.361570e+00 1.360371e+00 6.224097e-01 6.222831e-01 6.216285e-01 3.776010e-01 5.394057e-01 5.407600e-01 1.637331e-01 1.637304e-01 1.648357e-01
74 1.597879e-01 1.599994e-01 1.649235e-01 9.449816e-01 9.449111e-01 9.440456e-01 5.504924e-02 9.645751e-02 9.691403e-02 6.662287e-02 6.667114e-02 6.627477e-02
75 1.317648e-02 1.318328e-02 1.314669e-02 9.934635e-01 9.934601e-01 9.934768e-01 6.536695e-03 1.297839e-02 1.294778e-02 1.257792e-02 1.258431e-02 1.256381e-02
76 9.617294e-03 9.621747e-03 9.617051e-03 9.952170e-01 9.952148e-01 9.952171e-01 4.783069e-03 9.519782e-03 9.515009e-03 9.316189e-03 9.320464e-03 9.315557e-03
77 2.416115e-03 2.417383e-03 2.414034e-03 9.987937e-01 9.987931e-01 9.987947e-01 1.206333e-03 2.410351e-03 2.407067e-03 2.395124e-03 2.396377e-03 2.393222e-03
78 5.565056e-04 5.568145e-04 5.588072e-04 9.997219e-01 9.997217e-01 9.997207e-01 2.781526e-04 5.563848e-04 5.583814e-04 5.552192e-04 5.555273e-04 5.575315e-04
79 6.023339e-04 6.025754e-04 6.020622e-04 9.996989e-01 9.996988e-01 9.996991e-01 3.010771e-04 6.022178e-04 6.017076e-04 6.012628e-04 6.015036e-04 6.009992e-04
80 1.361492e-03 1.362053e-03 1.366539e-03 9.993198e-01 9.993195e-01 9.993172e-01 6.802097e-04 1.360043e-03 1.364496e-03 1.355482e-03 1.356039e-03 1.360424e-03
81 2.618970e-03 2.620026e-03 2.627327e-03 9.986924e-01 9.986919e-01 9.986882e-01 1.307589e-03 2.612516e-03 2.619769e-03 2.596548e-03 2.597591e-03 2.604751e-03
82 3.569397e-03 3.570688e-03 3.567705e-03 9.982184e-01 9.982178e-01 9.982192e-01 1.781506e-03 3.558284e-03 3.555437e-03 3.532394e-03 3.533665e-03 3.531085e-03
83 8.180865e-03 8.184974e-03 8.171325e-03 9.959290e-01 9.959270e-01 9.959332e-01 4.071024e-03 8.107610e-03 8.096448e-03 7.953228e-03 7.957179e-03 7.950384e-03
84 3.050855e-02 3.051618e-02 3.058066e-02 9.849975e-01 9.849938e-01 9.849619e-01 1.500014e-02 2.952753e-02 2.959026e-02 2.768513e-02 2.769190e-02 2.775052e-02
85 7.118614e-02 7.122146e-02 7.129531e-02 9.661240e-01 9.661074e-01 9.660785e-01 3.387844e-02 6.474089e-02 6.478742e-02 5.440780e-02 5.443270e-02 5.445444e-02
86 7.443791e-02 7.446968e-02 7.403427e-02 9.648887e-01 9.648741e-01 9.650543e-01 3.511067e-02 6.658962e-02 6.629071e-02 5.449018e-02 5.450985e-02 5.439475e-02
87 1.048471e-01 1.049000e-01 1.053926e-01 9.517327e-01 9.517095e-01 9.515070e-01 4.826866e-02 8.962801e-02 8.996612e-02 6.775254e-02 6.777908e-02 6.793581e-02
88 1.192197e-01 1.192638e-01 1.194836e-01 9.448985e-01 9.448792e-01 9.448031e-01 5.509786e-02 1.026286e-01 1.027352e-01 7.837213e-02 7.839286e-02 7.839869e-02
89 5.408757e-02 5.412180e-02 5.396672e-02 9.738458e-01 9.738295e-01 9.738988e-01 2.615857e-02 5.068678e-02 5.056262e-02 4.470482e-02 4.473023e-02 4.465436e-02
90 6.335392e-03 6.339107e-03 6.328759e-03 9.968436e-01 9.968418e-01 9.968468e-01 3.156653e-03 6.293896e-03 6.284228e-03 6.201506e-03 6.205102e-03 6.196702e-03
91 1.151101e-03 1.151648e-03 1.151977e-03 9.994248e-01 9.994246e-01 9.994244e-01 5.751747e-04 1.150083e-03 1.150420e-03 1.146417e-03 1.146961e-03 1.147314e-03
92 7.358421e-04 7.362466e-04 7.336959e-04 9.996323e-01 9.996321e-01 9.996334e-01 3.676966e-04 7.353289e-04 7.327964e-04 7.330972e-04 7.334998e-04 7.310031e-04
93 2.891552e-04 2.893008e-04 2.898176e-04 9.998555e-01 9.998554e-01 9.998551e-01 1.445463e-04 2.891772e-04 2.896931e-04 2.887849e-04 2.889303e-04 2.894444e-04
94 1.008532e-04 1.009033e-04 1.010838e-04 9.999496e-01 9.999496e-01 9.999495e-01 5.042626e-05 1.008925e-04 1.010729e-04 1.008208e-04 1.008709e-04 1.010510e-04
95 4.638171e-05 4.640596e-05 4.637346e-05 9.999768e-01 9.999768e-01 9.999768e-01 2.319033e-05 4.640334e-05 4.637088e-05 4.637384e-05 4.639809e-05 4.636573e-05
96 9.881673e-05 9.886081e-05 9.883868e-05 9.999506e-01 9.999506e-01 9.999506e-01 4.940557e-05 9.884972e-05 9.882771e-05 9.878350e-05 9.882756e-05 9.880578e-05
97 1.708996e-04 1.709721e-04 1.712466e-04 9.999146e-01 9.999145e-01 9.999144e-01 8.544044e-05 1.709463e-04 1.712209e-04 1.708222e-04 1.708947e-04 1.711694e-04
98 5.239323e-04 5.241550e-04 5.247460e-04 9.997381e-01 9.997380e-01 9.997377e-01 2.618936e-04 5.238973e-04 5.244910e-04 5.231602e-04 5.233825e-04 5.239816e-04
99 1.877833e-03 1.878533e-03 1.873839e-03 9.990620e-01 9.990616e-01 9.990640e-01 9.379994e-04 1.874987e-03 1.870321e-03 1.867234e-03 1.867928e-03 1.863316e-03
100 5.404546e-03 5.406267e-03 5.419514e-03 9.973040e-01 9.973032e-01 9.972966e-01 2.695736e-03 5.381064e-03 5.394265e-03 5.329458e-03 5.331141e-03 5.344249e-03
101 1.113629e-02 1.114116e-02 1.113047e-02 9.944646e-01 9.944622e-01 9.944674e-01 5.535380e-03 1.101087e-02 1.100085e-02 1.075320e-02 1.075783e-02 1.074906e-02
102 2.052896e-02 2.053727e-02 2.051359e-02 9.898841e-01 9.898801e-01 9.898878e-01 1.011494e-02 1.995387e-02 1.994591e-02 1.886665e-02 1.887384e-02 1.889081e-02
103 4.385432e-02 4.387455e-02 4.411280e-02 9.786429e-01 9.786331e-01 9.785281e-01 2.135803e-02 4.166635e-02 4.185250e-02 3.776342e-02 3.777985e-02 3.789177e-02
104 4.560446e-02 4.561941e-02 4.577194e-02 9.778617e-01 9.778546e-01 9.777896e-01 2.213623e-02 4.305007e-02 4.316068e-02 3.853867e-02 3.854994e-02 3.859799e-02
105 3.750278e-02 3.751948e-02 3.751939e-02 9.817132e-01 9.817052e-01 9.817020e-01 1.828699e-02 3.571379e-02 3.572548e-02 3.248720e-02 3.250048e-02 3.252736e-02
106 6.874060e-02 6.877292e-02 6.878510e-02 9.668070e-01 9.667917e-01 9.667813e-01 3.319485e-02 6.422336e-02 6.425116e-02 5.628240e-02 5.630626e-02 5.635391e-02
107 6.118070e-03 6.121515e-03 6.103778e-03 9.969503e-01 9.969486e-01 9.969573e-01 3.050140e-03 6.084176e-03 6.067027e-03 6.007198e-03 6.010538e-03 5.994536e-03
108 6.616984e-03 6.619918e-03 6.623433e-03 9.967040e-01 9.967026e-01 9.967007e-01 3.295962e-03 6.569980e-03 6.573795e-03 6.468987e-03 6.471817e-03 6.476203e-03
109 3.560221e-03 3.562262e-03 3.574030e-03 9.982252e-01 9.982242e-01 9.982183e-01 1.774834e-03 3.541157e-03 3.552802e-03 3.497714e-03 3.499701e-03 3.511090e-03
110 7.732304e-03 7.735625e-03 7.726257e-03 9.961518e-01 9.961502e-01 9.961547e-01 3.848158e-03 7.664021e-03 7.655116e-03 7.520274e-03 7.523453e-03 7.515432e-03
111 1.239352e-03 1.240226e-03 1.234851e-03 9.993814e-01 9.993809e-01 9.993836e-01 6.186614e-04 1.236027e-03 1.230714e-03 1.226837e-03 1.227697e-03 1.222509e-03
112 1.098820e-04 1.099771e-04 1.098006e-04 9.999451e-01 9.999450e-01 9.999451e-01 5.495593e-05 1.099571e-04 1.097807e-04 1.098221e-04 1.099171e-04 1.097411e-04
113 4.876078e-05 4.878650e-05 4.864751e-05 9.999756e-01 9.999756e-01 9.999757e-01 2.438004e-05 4.878302e-05 4.864408e-05 4.875035e-05 4.877606e-05 4.863724e-05
114 3.535565e-05 3.536800e-05 3.517886e-05 9.999823e-01 9.999823e-01 9.999824e-01 1.767589e-05 3.536656e-05 3.517744e-05 3.535132e-05 3.536367e-05 3.517461e-05
115 9.458839e-05 9.462100e-05 9.467752e-05 9.999527e-01 9.999527e-01 9.999527e-01 4.728716e-05 9.461073e-05 9.466725e-05 9.455759e-05 9.459019e-05 9.464670e-05
116 2.783363e-04 2.784725e-04 2.793404e-04 9.998609e-01 9.998608e-01 9.998604e-01 1.391382e-04 2.783695e-04 2.792370e-04 2.780278e-04 2.781637e-04 2.790303e-04
117 1.010046e-03 1.010568e-03 1.008401e-03 9.994953e-01 9.994951e-01 9.994961e-01 5.046724e-04 1.009158e-03 1.007021e-03 1.005830e-03 1.006348e-03 1.004271e-03
118 2.347960e-03 2.349135e-03 2.350295e-03 9.988279e-01 9.988273e-01 9.988267e-01 1.172083e-03 2.341564e-03 2.342794e-03 2.325381e-03 2.326540e-03 2.327907e-03
