0 2.894926e+01 2.896985e+01 2.897983e+01 2.976307e-01 2.975603e-01 2.945121e-01 7.023227e-01 7.562775e-01 7.599057e-01 4.671426e-02 4.670792e-02 4.802470e-02
1 1.387877e+02 1.388336e+02 1.390357e+02 6.086196e-04 6.069471e-04 3.899090e-05 9.993914e-01 9.999852e-01 1.000000e+00 1.486592e-05 1.479053e-05 1.500266e-08
2 1.884245e+02 1.883424e+02 1.892789e+02 2.557503e-03 2.548409e-03 2.633242e-03 9.974431e-01 9.999134e-01 9.999320e-01 8.699780e-05 8.641544e-05 6.793672e-05
3 1.347060e+02 1.350260e+02 1.350070e+02 2.189655e-02 2.184839e-02 2.121982e-02 9.781086e-01 9.951701e-01 9.963196e-01 4.422012e-03 4.407692e-03 3.543367e-03
4 5.563548e+01 5.567189e+01 5.515625e+01 5.308947e-02 5.299397e-02 5.152105e-02 9.469179e-01 9.879086e-01 9.891514e-01 1.096436e-02 1.093452e-02 1.011498e-02
5 1.559598e+01 1.560748e+01 1.555259e+01 1.495545e-01 1.493755e-01 1.475537e-01 8.504745e-01 9.469976e-01 9.493329e-01 4.218180e-02 4.211523e-02 4.152922e-02
6 3.204118e+00 3.206043e+00 3.196184e+00 4.873669e-01 4.871613e-01 4.873956e-01 5.126873e-01 6.659545e-01 6.655236e-01 1.394160e-01 1.393785e-01 1.395244e-01
7 8.992989e-01 8.998579e-01 8.953876e-01 7.529032e-01 7.527806e-01 7.530899e-01 2.471123e-01 3.682047e-01 3.679907e-01 1.447030e-01 1.447294e-01 1.449768e-01
8 3.471109e-01 3.473537e-01 3.462759e-01 8.825703e-01 8.824921e-01 8.827630e-01 1.174475e-01 1.890723e-01 1.888859e-01 9.518502e-02 9.522023e-02 9.537167e-02
9 1.500578e-01 1.501675e-01 1.504145e-01 9.374543e-01 9.374068e-01 9.373918e-01 6.255585e-02 1.103816e-01 1.103056e-01 7.392820e-02 7.397036e-02 7.391822e-02
10 1.223431e-01 1.224157e-01 1.227187e-01 9.453728e-01 9.453410e-01 9.452580e-01 5.463169e-02 9.941771e-02 9.952820e-02 7.121039e-02 7.124591e-02 7.130418e-02
11 2.862610e-01 2.863943e-01 2.858025e-01 8.833290e-01 8.832817e-01 8.832875e-01 1.166668e-01 1.998717e-01 2.000404e-01 1.177954e-01 1.178221e-01 1.180959e-01
12 2.986958e+00 2.988599e+00 2.993111e+00 5.167318e-01 5.165879e-01 5.172835e-01 4.832712e-01 6.271929e-01 6.261561e-01 1.356891e-01 1.356754e-01 1.356477e-01
13 1.558879e+01 1.559661e+01 1.553186e+01 1.249597e-01 1.248598e-01 1.212144e-01 8.750331e-01 9.546974e-01 9.592749e-01 3.434186e-02 3.430778e-02 3.320095e-02
14 2.934098e+01 2.935410e+01 2.932106e+01 3.871345e-02 3.866514e-02 3.579673e-02 9.612901e-01 9.930164e-01 9.947606e-01 6.503769e-03 6.491606e-03 5.067495e-03
15 2.297768e+01 2.299165e+01 2.298193e+01 2.061712e-01 2.060322e-01 2.042642e-01 7.938606e-01 8.800292e-01 8.818671e-01 6.345064e-02 6.341108e-02 6.362925e-02
16 1.966471e+01 1.967349e+01 1.975036e+01 9.089846e-02 9.083724e-02 8.615982e-02 9.090798e-01 9.690956e-01 9.747990e-01 2.323672e-02 2.321974e-02 2.157930e-02
17 2.163874e+01 2.165045e+01 2.166894e+01 6.179990e-02 6.172074e-02 6.092858e-02 9.382161e-01 9.866876e-01 9.875406e-01 1.221306e-02 1.219039e-02 1.162094e-02
18 7.941249e+00 7.945759e+00 7.944125e+00 3.140789e-01 3.139052e-01 3.131936e-01 6.859481e-01 8.188720e-01 8.197583e-01 9.932382e-02 9.927393e-02 9.953899e-02
19 2.893760e+00 2.895213e+00 2.825468e+00 5.871110e-01 5.869613e-01 5.869764e-01 4.128816e-01 5.578768e-01 5.579114e-01 1.491272e-01 1.491346e-01 1.492003e-01
20 9.267849e-01 9.278252e-01 9.165081e-01 7.836053e-01 7.834487e-01 7.828928e-01 2.164503e-01 3.237847e-01 3.244203e-01 1.390667e-01 1.391055e-01 1.394615e-01
21 2.878859e-01 2.880809e-01 2.859345e-01 8.981429e-01 8.980778e-01 8.976510e-01 1.018610e-01 1.716713e-01 1.722480e-01 1.040301e-01 1.040726e-01 1.041885e-01
22 1.294626e-01 1.295424e-01 1.294690e-01 9.401369e-01 9.401000e-01 9.400116e-01 5.986994e-02 1.120117e-01 1.122265e-01 8.777997e-02 8.782535e-02 8.797312e-02
23 4.033941e-02 4.036650e-02 4.036481e-02 9.804948e-01 9.804818e-01 9.804753e-01 1.950638e-02 3.782387e-02 3.784411e-02 3.353103e-02 3.355228e-02 3.357485e-02
24 9.151116e-03 9.157001e-03 9.028886e-03 9.959846e-01 9.959820e-01 9.959102e-01 4.014966e-03 7.270285e-03 7.504634e-03 5.357305e-03 5.360444e-03 5.546393e-03
25 6.049048e-03 6.055461e-03 6.041239e-03 9.971742e-01 9.971711e-01 9.971302e-01 2.826806e-03 5.336736e-03 5.474526e-03 4.367573e-03 4.372764e-03 4.594136e-03
26 9.568814e-04 9.573487e-04 9.591188e-04 9.995218e-01 9.995216e-01 9.995207e-01 4.781410e-04 9.561959e-04 9.579868e-04 9.534335e-04 9.538983e-04 9.557296e-04
27 4.068429e-03 4.070852e-03 4.021172e-03 9.979778e-01 9.979766e-01 9.980000e-01 2.022038e-03 4.023387e-03 3.979244e-03 3.930517e-03 3.932866e-03 3.898241e-03
28 3.534193e-02 3.536142e-02 3.509108e-02 9.828212e-01 9.828118e-01 9.829219e-01 1.717799e-02 3.347266e-02 3.329050e-02 3.024476e-02 3.026017e-02 3.018014e-02
29 2.161252e-01 2.162140e-01 2.161269e-01 9.046223e-01 9.045854e-01 9.047571e-01 9.537653e-02 1.716478e-01 1.713072e-01 1.167025e-01 1.167341e-01 1.166549e-01
30 2.757405e-01 2.758603e-01 2.759121e-01 8.788654e-01 8.788173e-01 8.788283e-01 1.211329e-01 2.161714e-01 2.161522e-01 1.396597e-01 1.396931e-01 1.397920e-01
31 2.420074e-01 2.421329e-01 2.430218e-01 8.933874e-01 8.933343e-01 8.929953e-01 1.066167e-01 1.916558e-01 1.921735e-01 1.295022e-01 1.295460e-01 1.297587e-01
32 6.336133e-01 6.338803e-01 6.327951e-01 7.635755e-01 7.634913e-01 7.635836e-01 2.364233e-01 3.843033e-01 3.842052e-01 1.832688e-01 1.832897e-01 1.834508e-01
33 1.703866e+00 1.704648e+00 1.693941e+00 5.481535e-01 5.480106e-01 5.477488e-01 4.518672e-01 6.326114e-01 6.333606e-01 1.680265e-01 1.680060e-01 1.687118e-01
34 7.395446e+00 7.398812e+00 7.411502e+00 2.533376e-01 2.532362e-01 2.513564e-01 7.466373e-01 8.754860e-01 8.783786e-01 8.043459e-02 8.039849e-02 8.089920e-02
35 1.874568e+01 1.875394e+01 1.878928e+01 1.065194e-01 1.064270e-01 1.048056e-01 8.934835e-01 9.657397e-01 9.675695e-01 2.797001e-02 2.793709e-02 2.726513e-02
36 1.700410e+01 1.701290e+01 1.694624e+01 9.869090e-02 9.860433e-02 9.844500e-02 9.013150e-01 9.675895e-01 9.681841e-01 2.606381e-02 2.603481e-02 2.619841e-02
37 1.620952e+01 1.621855e+01 1.619600e+01 1.631367e-01 1.630116e-01 1.611307e-01 8.368684e-01 9.265124e-01 9.302981e-01 4.899730e-02 4.895512e-02 4.993170e-02
38 2.132403e+01 2.133295e+01 2.135587e+01 6.992947e-02 6.986107e-02 6.627479e-02 9.300743e-01 9.821726e-01 9.851759e-01 1.559022e-02 1.556843e-02 1.366404e-02
39 6.086471e+00 6.091597e+00 6.086135e+00 3.247624e-01 3.245697e-01 3.228958e-01 6.752765e-01 8.139286e-01 8.166137e-01 9.860557e-02 9.855024e-02 9.981701e-02
40 4.094144e-01 4.096672e-01 4.107672e-01 8.417172e-01 8.416334e-01 8.415667e-01 1.582973e-01 2.620872e-01 2.621013e-01 1.345713e-01 1.345981e-01 1.346554e-01
41 9.332734e-02 9.340835e-02 9.318335e-02 9.563939e-01 9.563585e-01 9.564291e-01 4.362105e-02 8.205641e-02 8.196639e-02 6.511347e-02 6.515169e-02 6.515935e-02
42 3.825559e-02 3.827730e-02 3.826104e-02 9.815033e-01 9.814929e-01 9.815008e-01 1.849695e-02 3.585341e-02 3.583709e-02 3.171285e-02 3.172931e-02 3.170833e-02
43 1.067889e-02 1.068390e-02 1.070159e-02 9.947021e-01 9.946996e-01 9.946913e-01 5.297816e-03 1.051922e-02 1.053462e-02 1.019687e-02 1.020157e-02 1.021286e-02
44 3.586248e-03 3.588609e-03 3.588754e-03 9.982125e-01 9.982114e-01 9.982113e-01 1.787689e-03 3.566087e-03 3.566030e-03 3.519590e-03 3.521900e-03 3.521455e-03
45 1.901565e-03 1.902292e-03 1.903395e-03 9.990503e-01 9.990499e-01 9.990494e-01 9.496553e-04 1.898067e-03 1.899196e-03 1.888937e-03 1.889657e-03 1.890839e-03
46 1.905056e-03 1.905984e-03 1.904268e-03 9.990485e-01 9.990480e-01 9.990489e-01 9.515314e-04 1.901886e-03 1.900220e-03 1.892812e-03 1.893731e-03 1.892162e-03
47 5.119606e-03 5.121808e-03 5.131748e-03 9.974482e-01 9.974471e-01 9.974421e-01 2.551765e-03 5.089907e-03 5.099878e-03 5.024867e-03 5.027010e-03 5.037034e-03
48 1.720468e-02 1.721418e-02 1.709389e-02 9.914998e-01 9.914952e-01 9.915496e-01 8.500107e-03 1.681116e-02 1.671262e-02 1.604199e-02 1.605059e-02 1.598731e-02
49 1.074237e-01 1.074892e-01 1.066911e-01 9.506881e-01 9.506587e-01 9.507463e-01 4.931158e-02 9.203617e-02 9.206228e-02 7.237022e-02 7.240625e-02 7.259188e-02
50 7.952907e-01 7.956927e-01 7.951591e-01 7.484957e-01 7.483953e-01 7.483826e-01 2.515023e-01 3.909665e-01 3.914940e-01 1.674295e-01 1.674429e-01 1.680874e-01
51 1.870520e+00 1.871219e+00 1.887697e+00 5.711133e-01 5.710069e-01 5.711544e-01 4.288692e-01 5.931434e-01 5.930408e-01 1.625506e-01 1.625518e-01 1.626946e-01
52 1.463788e+00 1.463750e+00 1.462563e+00 6.334268e-01 6.332935e-01 6.325469e-01 3.665796e-01 5.226905e-01 5.239102e-01 1.665669e-01 1.665691e-01 1.672938e-01
53 2.532632e+00 2.534643e+00 2.541791e+00 4.892680e-01 4.891088e-01 4.882486e-01 5.107482e-01 6.840527e-01 6.857951e-01 1.508254e-01 1.507917e-01 1.520958e-01
54 2.109467e+00 2.110848e+00 2.108720e+00 5.562096e-01 5.560317e-01 5.563760e-01 4.438472e-01 6.049120e-01 6.044897e-01 1.560882e-01 1.560613e-01 1.561085e-01
55 6.492561e-01 6.495961e-01 6.486242e-01 7.766941e-01 7.765930e-01 7.764102e-01 2.233242e-01 3.492691e-01 3.496769e-01 1.499683e-01 1.500003e-01 1.501887e-01
56 7.550526e-02 7.554442e-02 7.544702e-02 9.641879e-01 9.641698e-01 9.642071e-01 3.581291e-02 6.823425e-02 6.817658e-02 5.666226e-02 5.668767e-02 5.667621e-02
57 1.205664e-02 1.206433e-02 1.206477e-02 9.940309e-01 9.940271e-01 9.940263e-01 5.969935e-03 1.183004e-02 1.183247e-02 1.137537e-02 1.138245e-02 1.138830e-02
58 5.750276e-03 5.753332e-03 5.740078e-03 9.971395e-01 9.971380e-01 9.971445e-01 2.860541e-03 5.695168e-03 5.682375e-03 5.578568e-03 5.581494e-03 5.569593e-03
59 2.734488e-03 2.735776e-03 2.735391e-03 9.986359e-01 9.986353e-01 9.986354e-01 1.364020e-03 2.723173e-03 2.722908e-03 2.696995e-03 2.698258e-03 2.698224e-03
60 9.066194e-04 9.072490e-04 9.003923e-04 9.995471e-01 9.995468e-01 9.995502e-01 4.529464e-04 9.055784e-04 8.988021e-04 9.016273e-04 9.022533e-04 8.956358e-04
61 3.427572e-04 3.429587e-04 3.430733e-04 9.998287e-01 9.998286e-01 9.998285e-01 1.713592e-04 3.428095e-04 3.429246e-04 3.423101e-04 3.425113e-04 3.426275e-04
62 5.546084e-04 5.548641e-04 5.537208e-04 9.997228e-01 9.997226e-01 9.997232e-01 2.772203e-04 5.545402e-04 5.534016e-04 5.536380e-04 5.538930e-04 5.527641e-04
63 2.189396e-03 2.190425e-03 2.212760e-03 9.989071e-01 9.989066e-01 9.988954e-01 1.092814e-03 2.183365e-03 2.205471e-03 2.168417e-03 2.169432e-03 2.191070e-03
64 7.956835e-03 7.960504e-03 7.948701e-03 9.960363e-01 9.960345e-01 9.960401e-01 3.963572e-03 7.901684e-03 7.891096e-03 7.782341e-03 7.785885e-03 7.777561e-03
65 3.227072e-02 3.228605e-02 3.210184e-02 9.841346e-01 9.841271e-01 9.842053e-01 1.586506e-02 3.122880e-02 3.109662e-02 2.927423e-02 2.928740e-02 2.923257e-02
66 1.092378e-01 1.092831e-01 1.096123e-01 9.485403e-01 9.485198e-01 9.483720e-01 5.145795e-02 9.742180e-02 9.769391e-02 7.889934e-02 7.892507e-02 7.913993e-02
67 1.549518e-01 1.550168e-01 1.549455e-01 9.274397e-01 9.274103e-01 9.274130e-01 7.256295e-02 1.365138e-01 1.365463e-01 1.073650e-01 1.074011e-01 1.074998e-01
68 3.530256e-01 3.531536e-01 3.520953e-01 8.504074e-01 8.503603e-01 8.505859e-01 1.495825e-01 2.607271e-01 2.605872e-01 1.564916e-01 1.565146e-01 1.568475e-01
69 8.977321e-01 8.981804e-01 9.001486e-01 7.037376e-01 7.036213e-01 7.027828e-01 2.962728e-01 4.572033e-01 4.585006e-01 1.812578e-01 1.812688e-01 1.818886e-01
70 1.258345e+00 1.258893e+00 1.264195e+00 6.428349e-01 6.427263e-01 6.425004e-01 3.571642e-01 5.275273e-01 5.279539e-01 1.815574e-01 1.815552e-01 1.817955e-01
71 1.586168e+00 1.586931e+00 1.590897e+00 5.891728e-01 5.890339e-01 5.882970e-01 4.108500e-01 5.781403e-01 5.792593e-01 1.646683e-01 1.646616e-01 1.654556e-01
72 1.432252e+00 1.432810e+00 1.432474e+00 5.961912e-01 5.960871e-01 5.952485e-01 4.037944e-01 5.888933e-01 5.904542e-01 1.851183e-01 1.851056e-01 1.861419e-01
73 1.456325e+00 1.457053e+00 1.456446e+00 6.096996e-01 6.095653e-01 6.089023e-01 3.903151e-01 5.517486e-01 5.531053e-01 1.604267e-01 1.604186e-01 1.614403e-01
74 1.189898e-01 1.191559e-01 1.216097e-01 9.526384e-01 9.525776e-01 9.516648e-01 4.739071e-02 8.480909e-02 8.559141e-02 6.170965e-02 6.175327e-02 6.149324e-02
75 1.410663e-02 1.411365e-02 1.407158e-02 9.930046e-01 9.930011e-01 9.930204e-01 6.995584e-03 1.388425e-02 1.384898e-02 1.343625e-02 1.344280e-02 1.341923e-02
76 9.547003e-03 9.551509e-03 9.547988e-03 9.952527e-01 9.952504e-01 9.952521e-01 4.747386e-03 9.447440e-03 9.444292e-03 9.239920e-03 9.244229e-03 9.241784e-03
77 2.079203e-03 2.080307e-03 2.073872e-03 9.989617e-01 9.989612e-01 9.989644e-01 1.038291e-03 2.074937e-03 2.068574e-03 2.063167e-03 2.064258e-03 2.058038e-03
78 4.732348e-04 4.734916e-04 4.739625e-04 9.997635e-01 9.997633e-01 9.997631e-01 2.365482e-04 4.731819e-04 4.736602e-04 4.723074e-04 4.725635e-04 4.730567e-04
79 5.177185e-04 5.179338e-04 5.172741e-04 9.997412e-01 9.997411e-01 9.997414e-01 2.587904e-04 5.176573e-04 5.169995e-04 5.168901e-04 5.171048e-04 5.164509e-04
80 1.316152e-03 1.316689e-03 1.317707e-03 9.993424e-01 9.993421e-01 9.993416e-01 6.575521e-04 1.314743e-03 1.315763e-03 1.310333e-03 1.310866e-03 1.311887e-03
81 2.761720e-03 2.762860e-03 2.767248e-03 9.986213e-01 9.986207e-01 9.986185e-01 1.378681e-03 2.754223e-03 2.758597e-03 2.735948e-03 2.737071e-03 2.741418e-03
82 3.701006e-03 3.702289e-03 3.711051e-03 9.981530e-01 9.981523e-01 9.981480e-01 1.846947e-03 3.688390e-03 3.697104e-03 3.659566e-03 3.660826e-03 3.669443e-03
83 7.371847e-03 7.375386e-03 7.370087e-03 9.963294e-01 9.963276e-01 9.963297e-01 3.670668e-03 7.314456e-03 7.311580e-03 7.192083e-03 7.195500e-03 7.197007e-03
84 2.796833e-02 2.797486e-02 2.802267e-02 9.862280e-01 9.862248e-01 9.862027e-01 1.376956e-02 2.714052e-02 2.718120e-02 2.557641e-02 2.558228e-02 2.561063e-02
85 7.519267e-02 7.523038e-02 7.530532e-02 9.643441e-01 9.643265e-01 9.643034e-01 3.565840e-02 6.793763e-02 6.796474e-02 5.649682e-02 5.652242e-02 5.651117e-02
86 8.570428e-02 8.574071e-02 8.537848e-02 9.599553e-01 9.599389e-01 9.600724e-01 4.004395e-02 7.534042e-02 7.514576e-02 5.993035e-02 5.995093e-02 5.995121e-02
87 1.181064e-01 1.181673e-01 1.181914e-01 9.462958e-01 9.462696e-01 9.462179e-01 5.370580e-02 9.873311e-02 9.887919e-02 7.207975e-02 7.210758e-02 7.231786e-02
88 1.381901e-01 1.382410e-01 1.386766e-01 9.368038e-01 9.367820e-01 9.366317e-01 6.319277e-02 1.166597e-01 1.168701e-01 8.621513e-02 8.623653e-02 8.624238e-02
89 5.435889e-02 5.439315e-02 5.436316e-02 9.737366e-01 9.737203e-01 9.737317e-01 2.626763e-02 5.085978e-02 5.084309e-02 4.473384e-02 4.475910e-02 4.476126e-02
90 5.745767e-03 5.749153e-03 5.731711e-03 9.971360e-01 9.971343e-01 9.971429e-01 2.864327e-03 5.713797e-03 5.696749e-03 5.640866e-03 5.644156e-03 5.627862e-03
91 1.210284e-03 1.210881e-03 1.213827e-03 9.993953e-01 9.993950e-01 9.993935e-01 6.047008e-04 1.209054e-03 1.211996e-03 1.204821e-03 1.205414e-03 1.208347e-03
92 7.490725e-04 7.494856e-04 7.474931e-04 9.996257e-01 9.996255e-01 9.996265e-01 3.742867e-04 7.484701e-04 7.464891e-04 7.460358e-04 7.464465e-04 7.444885e-04
93 2.626012e-04 2.627374e-04 2.627810e-04 9.998687e-01 9.998687e-01 9.998686e-01 1.312741e-04 2.626316e-04 2.626747e-04 2.622842e-04 2.624201e-04 2.624623e-04
94 8.564696e-05 8.568867e-05 8.581929e-05 9.999572e-01 9.999572e-01 9.999571e-01 4.282341e-05 8.568108e-05 8.581160e-05 8.562418e-05 8.566588e-05 8.579624e-05
95 4.283473e-05 4.285760e-05 4.277773e-05 9.999786e-01 9.999786e-01 9.999786e-01 2.141684e-05 4.285515e-05 4.277538e-05 4.282740e-05 4.285027e-05 4.277066e-05
96 9.967088e-05 9.971383e-05 9.964774e-05 9.999502e-01 9.999501e-01 9.999502e-01 4.983247e-05 9.970190e-05 9.963598e-05 9.963514e-05 9.967806e-05 9.961245e-05
97 1.511124e-04 1.511735e-04 1.509987e-04 9.999244e-01 9.999244e-01 9.999245e-01 7.554833e-05 1.511538e-04 1.509793e-04 1.510533e-04 1.511143e-04 1.509404e-04
98 4.522504e-04 4.524425e-04 4.527429e-04 9.997739e-01 9.997738e-01 9.997737e-01 2.260728e-04 4.522543e-04 4.525567e-04 4.516864e-04 4.518782e-04 4.521845e-04
99 1.618618e-03 1.619237e-03 1.621088e-03 9.991914e-01 9.991911e-01 9.991901e-01 8.085962e-04 1.616501e-03 1.618354e-03 1.610438e-03 1.611053e-03 1.612908e-03
100 5.164970e-03 5.166655e-03 5.175555e-03 9.974237e-01 9.974228e-01 9.974184e-01 2.576087e-03 5.142040e-03 5.150984e-03 5.091670e-03 5.093314e-03 5.102339e-03
101 1.109139e-02 1.109620e-02 1.110341e-02 9.944855e-01 9.944831e-01 9.944795e-01 5.514577e-03 1.097219e-02 1.097950e-02 1.072593e-02 1.073050e-02 1.073798e-02
102 2.088127e-02 2.088943e-02 2.078914e-02 9.897101e-01 9.897061e-01 9.897520e-01 1.028888e-02 2.029762e-02 2.021351e-02 1.919360e-02 1.920064e-02 1.914318e-02
103 4.833912e-02 4.836158e-02 4.846825e-02 9.765292e-01 9.765184e-01 9.764747e-01 2.347175e-02 4.566505e-02 4.573756e-02 4.097154e-02 4.098923e-02 4.102052e-02
104 5.254756e-02 5.256465e-02 5.263577e-02 9.745997e-01 9.745916e-01 9.745678e-01 2.539797e-02 4.919841e-02 4.922715e-02 4.338623e-02 4.339846e-02 4.337242e-02
105 4.436387e-02 4.438338e-02 4.445850e-02 9.784863e-01 9.784770e-01 9.784408e-01 2.151374e-02 4.180115e-02 4.187049e-02 3.729108e-02 3.730581e-02 3.736394e-02
106 7.633128e-02 7.636912e-02 7.665973e-02 9.633227e-01 9.633049e-01 9.631671e-01 3.667979e-02 7.064721e-02 7.090899e-02 6.086131e-02 6.088789e-02 6.110294e-02
107 6.422767e-03 6.426356e-03 6.425558e-03 9.967991e-01 9.967973e-01 9.967976e-01 3.201403e-03 6.384724e-03 6.384089e-03 6.299254e-03 6.302729e-03 6.302410e-03
108 7.625875e-03 7.629160e-03 7.640886e-03 9.962036e-01 9.962020e-01 9.961961e-01 3.796356e-03 7.563146e-03 7.575131e-03 7.430517e-03 7.433667e-03 7.446137e-03
109 4.243282e-03 4.245669e-03 4.266671e-03 9.978860e-01 9.978848e-01 9.978744e-01 2.114062e-03 4.215384e-03 4.235935e-03 4.153765e-03 4.156075e-03 4.175733e-03
110 8.807090e-03 8.810790e-03 8.818589e-03 9.956196e-01 9.956177e-01 9.956138e-01 4.380419e-03 8.718781e-03 8.726633e-03 8.535056e-03 8.538575e-03 8.546515e-03
111 1.210572e-03 1.211410e-03 1.211403e-03 9.993957e-01 9.993953e-01 9.993953e-01 6.043224e-04 1.207410e-03 1.207392e-03 1.198649e-03 1.199475e-03 1.199437e-03
112 1.191770e-04 1.192778e-04 1.190720e-04 9.999404e-01 9.999404e-01 9.999405e-01 5.960384e-05 1.192549e-04 1.190493e-04 1.191085e-04 1.192091e-04 1.190039e-04
113 4.798700e-05 4.801232e-05 4.788206e-05 9.999760e-01 9.999760e-01 9.999761e-01 2.399327e-05 4.800900e-05 4.787878e-05 4.797707e-05 4.800237e-05 4.787220e-05
114 3.402203e-05 3.403370e-05 3.393202e-05 9.999830e-01 9.999830e-01 9.999830e-01 1.700901e-05 3.403235e-05 3.393069e-05 3.401798e-05 3.402964e-05 3.392802e-05
115 9.921051e-05 9.924504e-05 9.908321e-05 9.999504e-01 9.999504e-01 9.999505e-01 4.959764e-05 9.923378e-05 9.907201e-05 9.917676e-05 9.921127e-05 9.904961e-05
116 2.552166e-04 2.553379e-04 2.540113e-04 9.998724e-01 9.998724e-01 9.998730e-01 1.275859e-04 2.552603e-04 2.539359e-04 2.549841e-04 2.551052e-04 2.537852e-04
117 9.480052e-04 9.484900e-04 9.480048e-04 9.995263e-01 9.995261e-01 9.995263e-01 4.736911e-04 9.472404e-04 9.467763e-04 9.442681e-04 9.447499e-04 9.443271e-04
118 2.507795e-03 2.509054e-03 2.508985e-03 9.987483e-01 9.987477e-01 9.987477e-01 1.251697e-03 2.500277e-03 2.500253e-03 2.481638e-03 2.482876e-03 2.482938e-03
