0 2.678184e+01 2.680066e+01 2.682208e+01 3.058174e-01 3.057460e-01 3.028021e-01 6.941362e-01 7.490676e-01 7.526479e-01 4.758855e-02 4.758126e-02 4.821212e-02
1 1.311777e+02 1.312221e+02 1.313489e+02 7.883423e-04 7.863490e-04 5.948431e-05 9.992117e-01 9.999759e-01 1.000000e+00 2.422456e-05 2.411268e-05 3.476784e-08
2 1.807932e+02 1.807116e+02 1.815622e+02 2.813845e-03 2.804016e-03 2.903405e-03 9.971868e-01 9.998943e-01 9.999174e-01 1.061580e-04 1.054632e-04 8.257166e-05
3 1.324308e+02 1.327415e+02 1.326522e+02 2.195191e-02 2.190371e-02 2.028239e-02 9.780531e-01 9.951168e-01 9.966614e-01 4.444671e-03 4.430508e-03 3.225950e-03
4 5.705890e+01 5.709604e+01 5.645720e+01 4.941954e-02 4.932772e-02 4.826098e-02 9.505875e-01 9.892287e-01 9.902677e-01 9.848602e-03 9.820554e-03 9.128375e-03
5 1.670738e+01 1.671966e+01 1.664849e+01 1.385741e-01 1.384008e-01 1.361293e-01 8.614526e-01 9.527884e-01 9.555346e-01 3.806288e-02 3.799965e-02 3.713847e-02
6 3.463428e+00 3.465567e+00 3.446270e+00 4.677037e-01 4.674914e-01 4.676884e-01 5.323518e-01 6.861748e-01 6.860845e-01 1.362323e-01 1.361888e-01 1.367128e-01
7 9.597986e-01 9.603908e-01 9.570441e-01 7.417066e-01 7.415802e-01 7.418494e-01 2.583092e-01 3.827433e-01 3.823428e-01 1.473765e-01 1.474015e-01 1.474112e-01
8 3.824185e-01 3.826869e-01 3.780711e-01 8.738996e-01 8.738160e-01 8.743523e-01 1.261198e-01 2.011716e-01 2.007943e-01 9.848675e-02 9.852084e-02 9.863945e-02
9 1.686636e-01 1.687874e-01 1.688563e-01 9.313006e-01 9.312479e-01 9.311436e-01 6.871083e-02 1.200307e-01 1.201166e-01 7.825902e-02 7.830250e-02 7.829050e-02
10 1.324578e-01 1.325373e-01 1.323196e-01 9.413402e-01 9.413054e-01 9.413799e-01 5.866524e-02 1.061728e-01 1.060800e-01 7.478918e-02 7.482654e-02 7.489018e-02
11 3.112796e-01 3.114246e-01 3.108695e-01 8.742414e-01 8.741906e-01 8.742752e-01 1.257544e-01 2.140853e-01 2.140651e-01 1.231999e-01 1.232264e-01 1.234203e-01
12 3.160224e+00 3.161986e+00 3.161151e+00 5.022235e-01 5.020766e-01 5.025160e-01 4.977809e-01 6.428495e-01 6.422806e-01 1.349875e-01 1.349708e-01 1.350574e-01
13 1.551598e+01 1.552379e+01 1.548398e+01 1.223464e-01 1.222479e-01 1.189830e-01 8.776468e-01 9.560725e-01 9.601333e-01 3.345538e-02 3.342199e-02 3.241351e-02
14 2.851556e+01 2.852813e+01 2.847262e+01 3.947188e-02 3.942314e-02 3.678460e-02 9.605319e-01 9.928627e-01 9.945084e-01 6.660666e-03 6.648266e-03 5.304702e-03
15 2.195840e+01 2.197162e+01 2.192723e+01 2.113296e-01 2.111884e-01 2.101477e-01 7.887033e-01 8.765484e-01 8.778038e-01 6.514972e-02 6.510965e-02 6.547177e-02
16 1.859054e+01 1.859887e+01 1.868729e+01 9.728618e-02 9.722047e-02 9.258614e-02 9.026918e-01 9.656998e-01 9.715284e-01 2.526786e-02 2.524915e-02 2.392393e-02
17 2.087692e+01 2.088834e+01 2.087629e+01 6.474411e-02 6.466207e-02 6.341786e-02 9.352718e-01 9.858138e-01 9.868911e-01 1.298353e-02 1.295966e-02 1.221319e-02
18 7.876338e+00 7.880835e+00 7.872470e+00 3.130786e-01 3.129036e-01 3.124996e-01 6.869495e-01 8.204494e-01 8.211353e-01 9.914993e-02 9.909909e-02 9.956222e-02
19 2.864502e+00 2.865946e+00 2.809466e+00 5.830936e-01 5.829426e-01 5.831788e-01 4.169001e-01 5.631349e-01 5.628447e-01 1.494423e-01 1.494477e-01 1.494615e-01
20 9.365066e-01 9.375413e-01 9.289325e-01 7.804128e-01 7.802547e-01 7.792825e-01 2.196430e-01 3.289146e-01 3.300650e-01 1.412020e-01 1.412404e-01 1.416588e-01
21 2.990859e-01 2.992865e-01 2.970177e-01 8.946667e-01 8.945997e-01 8.943109e-01 1.053372e-01 1.772434e-01 1.776286e-01 1.067088e-01 1.067516e-01 1.068790e-01
22 1.389895e-01 1.390747e-01 1.389122e-01 9.360331e-01 9.359938e-01 9.359124e-01 6.397425e-02 1.192650e-01 1.194799e-01 9.230613e-02 9.235312e-02 9.249681e-02
23 4.507917e-02 4.510970e-02 4.506705e-02 9.782700e-01 9.782554e-01 9.782654e-01 2.173136e-02 4.202293e-02 4.201444e-02 3.688111e-02 3.690446e-02 3.690587e-02
24 1.068635e-02 1.069343e-02 1.051146e-02 9.954281e-01 9.954250e-01 9.953296e-01 4.571463e-03 8.164109e-03 8.448318e-03 5.851678e-03 5.854981e-03 5.991062e-03
25 6.937930e-03 6.945440e-03 6.910885e-03 9.967970e-01 9.967934e-01 9.967450e-01 3.204183e-03 5.998094e-03 6.164832e-03 4.795526e-03 4.801338e-03 5.049543e-03
26 1.064640e-03 1.065159e-03 1.066802e-03 9.994680e-01 9.994678e-01 9.994670e-01 5.319455e-04 1.063722e-03 1.065396e-03 1.060343e-03 1.060860e-03 1.062595e-03
27 4.552655e-03 4.555381e-03 4.525790e-03 9.977386e-01 9.977372e-01 9.977505e-01 2.261250e-03 4.496592e-03 4.472592e-03 4.382386e-03 4.385014e-03 4.370267e-03
28 3.791948e-02 3.794013e-02 3.765897e-02 9.815851e-01 9.815752e-01 9.816905e-01 1.841401e-02 3.585073e-02 3.565819e-02 3.229010e-02 3.230638e-02 3.221683e-02
29 2.168267e-01 2.169160e-01 2.169091e-01 9.041392e-01 9.041019e-01 9.042265e-01 9.585994e-02 1.727305e-01 1.724758e-01 1.178925e-01 1.179249e-01 1.178881e-01
30 2.718330e-01 2.719504e-01 2.721548e-01 8.802418e-01 8.801942e-01 8.801602e-01 1.197567e-01 2.141977e-01 2.142212e-01 1.395503e-01 1.395844e-01 1.396086e-01
31 2.482785e-01 2.484079e-01 2.491356e-01 8.911631e-01 8.911084e-01 8.907985e-01 1.088415e-01 1.951298e-01 1.956189e-01 1.309642e-01 1.310085e-01 1.312215e-01
32 6.496566e-01 6.499273e-01 6.483761e-01 7.590733e-01 7.589883e-01 7.591705e-01 2.409256e-01 3.904972e-01 3.903303e-01 1.844388e-01 1.844592e-01 1.846763e-01
33 1.779475e+00 1.780301e+00 1.770487e+00 5.378280e-01 5.376808e-01 5.373706e-01 4.621937e-01 6.429881e-01 6.437484e-01 1.660510e-01 1.660281e-01 1.665890e-01
34 7.523844e+00 7.527261e+00 7.535469e+00 2.503185e-01 2.502180e-01 2.479210e-01 7.496571e-01 8.778254e-01 8.810981e-01 7.958729e-02 7.955133e-02 7.983681e-02
35 1.821292e+01 1.822113e+01 1.824161e+01 1.102424e-01 1.101479e-01 1.088490e-01 8.897607e-01 9.640315e-01 9.654749e-01 2.921423e-02 2.918030e-02 2.871451e-02
36 1.639203e+01 1.640051e+01 1.635418e+01 1.022603e-01 1.021719e-01 1.014181e-01 8.977461e-01 9.657733e-01 9.668250e-01 2.722804e-02 2.719846e-02 2.713414e-02
37 1.532133e+01 1.532988e+01 1.531267e+01 1.708259e-01 1.706958e-01 1.686678e-01 8.291797e-01 9.222821e-01 9.263210e-01 5.158798e-02 5.154392e-02 5.260804e-02
38 2.040674e+01 2.041520e+01 2.043986e+01 7.389686e-02 7.382552e-02 7.054304e-02 9.261073e-01 9.807820e-01 9.837434e-01 1.673543e-02 1.671244e-02 1.491122e-02
39 6.130221e+00 6.135343e+00 6.121831e+00 3.210667e-01 3.208736e-01 3.193314e-01 6.789718e-01 8.172851e-01 8.198433e-01 9.760320e-02 9.754720e-02 9.891450e-02
40 4.304239e-01 4.306967e-01 4.298368e-01 8.354845e-01 8.353953e-01 8.355661e-01 1.645315e-01 2.709465e-01 2.708735e-01 1.366424e-01 1.366691e-01 1.369154e-01
41 9.396354e-02 9.404482e-02 9.370948e-02 9.560897e-01 9.560540e-01 9.561600e-01 4.392514e-02 8.264114e-02 8.250863e-02 6.561336e-02 6.565210e-02 6.568617e-02
42 3.960903e-02 3.963196e-02 3.970551e-02 9.808627e-01 9.808518e-01 9.808209e-01 1.913759e-02 3.707147e-02 3.712263e-02 3.271149e-02 3.272870e-02 3.274617e-02
43 1.146956e-02 1.147476e-02 1.146665e-02 9.943121e-01 9.943095e-01 9.943137e-01 5.687782e-03 1.128900e-02 1.128015e-02 1.092631e-02 1.093118e-02 1.092110e-02
44 3.821277e-03 3.823869e-03 3.846027e-03 9.980958e-01 9.980945e-01 9.980836e-01 1.904489e-03 3.798340e-03 3.819658e-03 3.745778e-03 3.748310e-03 3.768020e-03
45 1.959311e-03 1.960057e-03 1.958918e-03 9.990215e-01 9.990211e-01 9.990217e-01 9.784498e-04 1.955578e-03 1.954471e-03 1.945927e-03 1.946667e-03 1.945620e-03
46 2.026072e-03 2.027086e-03 2.023452e-03 9.989881e-01 9.989876e-01 9.989894e-01 1.011909e-03 2.022410e-03 2.018834e-03 2.012106e-03 2.013110e-03 2.009648e-03
47 5.384812e-03 5.387140e-03 5.385949e-03 9.973164e-01 9.973153e-01 9.973158e-01 2.683557e-03 5.351986e-03 5.350915e-03 5.280462e-03 5.282725e-03 5.281882e-03
48 1.834590e-02 1.835630e-02 1.822920e-02 9.909446e-01 9.909395e-01 9.909956e-01 9.055372e-03 1.789352e-02 1.779439e-02 1.701648e-02 1.702583e-02 1.697068e-02
49 1.157481e-01 1.158182e-01 1.149162e-01 9.471635e-01 9.471322e-01 9.472609e-01 5.283628e-02 9.822690e-02 9.817020e-02 7.624748e-02 7.628489e-02 7.641423e-02
50 8.108982e-01 8.113078e-01 8.117011e-01 7.438798e-01 7.437774e-01 7.436391e-01 2.561192e-01 3.975395e-01 3.982989e-01 1.690655e-01 1.690779e-01 1.699218e-01
51 1.810853e+00 1.811538e+00 1.826935e+00 5.782848e-01 5.781780e-01 5.778463e-01 4.216982e-01 5.853719e-01 5.857648e-01 1.629338e-01 1.629361e-01 1.630409e-01
52 1.391331e+00 1.391286e+00 1.390604e+00 6.423793e-01 6.422482e-01 6.414973e-01 3.576267e-01 5.132876e-01 5.144287e-01 1.674600e-01 1.674641e-01 1.681333e-01
53 2.433207e+00 2.435154e+00 2.439028e+00 4.974400e-01 4.972801e-01 4.965584e-01 5.025771e-01 6.769595e-01 6.784690e-01 1.531340e-01 1.531009e-01 1.543760e-01
54 2.041704e+00 2.043030e+00 2.040115e+00 5.632004e-01 5.630227e-01 5.632965e-01 4.368566e-01 5.977121e-01 5.973844e-01 1.570784e-01 1.570526e-01 1.571152e-01
55 6.581051e-01 6.584483e-01 6.582664e-01 7.739411e-01 7.738389e-01 7.735016e-01 2.260775e-01 3.532036e-01 3.538239e-01 1.509292e-01 1.509606e-01 1.512747e-01
56 8.030439e-02 8.034583e-02 8.014805e-02 9.620435e-01 9.620244e-01 9.621029e-01 3.795735e-02 7.210705e-02 7.197974e-02 5.925907e-02 5.928543e-02 5.923670e-02
57 1.231551e-02 1.232336e-02 1.232765e-02 9.939025e-01 9.938986e-01 9.938962e-01 6.098345e-03 1.208494e-02 1.209032e-02 1.162227e-02 1.162951e-02 1.163666e-02
58 5.844689e-03 5.847798e-03 5.835456e-03 9.970926e-01 9.970910e-01 9.970971e-01 2.907435e-03 5.788391e-03 5.776497e-03 5.669329e-03 5.672306e-03 5.661272e-03
59 2.850200e-03 2.851530e-03 2.849440e-03 9.985783e-01 9.985777e-01 9.985787e-01 1.421597e-03 2.837853e-03 2.835915e-03 2.809520e-03 2.810824e-03 2.809182e-03
60 9.714250e-04 9.721077e-04 9.678001e-04 9.995148e-01 9.995144e-01 9.995166e-01 4.852942e-04 9.701885e-04 9.659596e-04 9.656913e-04 9.663698e-04 9.622961e-04
61 3.743697e-04 3.745910e-04 3.754655e-04 9.998129e-01 9.998127e-01 9.998123e-01 1.871595e-04 3.744105e-04 3.752840e-04 3.738290e-04 3.740499e-04 3.749216e-04
62 6.041385e-04 6.044211e-04 6.048628e-04 9.996980e-01 9.996979e-01 9.996977e-01 3.019695e-04 6.040342e-04 6.044784e-04 6.029799e-04 6.032616e-04 6.037107e-04
63 2.378860e-03 2.379988e-03 2.407542e-03 9.988127e-01 9.988121e-01 9.987984e-01 1.187182e-03 2.371503e-03 2.398788e-03 2.353678e-03 2.354789e-03 2.381520e-03
64 8.535058e-03 8.539017e-03 8.535810e-03 9.957495e-01 9.957475e-01 9.957488e-01 4.250405e-03 8.471143e-03 8.469199e-03 8.333878e-03 8.337694e-03 8.338082e-03
65 3.367324e-02 3.368903e-02 3.353661e-02 9.834542e-01 9.834465e-01 9.835088e-01 1.654543e-02 3.255062e-02 3.244988e-02 3.045009e-02 3.046360e-02 3.043793e-02
66 1.094240e-01 1.094691e-01 1.096691e-01 9.484031e-01 9.483827e-01 9.482950e-01 5.159523e-02 9.775835e-02 9.792004e-02 7.938058e-02 7.940641e-02 7.955186e-02
67 1.551960e-01 1.552607e-01 1.552818e-01 9.272744e-01 9.272451e-01 9.272172e-01 7.272819e-02 1.368992e-01 1.369706e-01 1.078517e-01 1.078878e-01 1.079690e-01
68 3.565479e-01 3.566766e-01 3.553197e-01 8.490904e-01 8.490431e-01 8.493376e-01 1.508998e-01 2.628181e-01 2.626030e-01 1.573220e-01 1.573450e-01 1.576902e-01
69 8.890812e-01 8.895310e-01 8.907089e-01 7.060255e-01 7.059084e-01 7.051533e-01 2.939850e-01 4.543385e-01 4.555334e-01 1.814831e-01 1.814946e-01 1.822245e-01
70 1.215269e+00 1.215798e+00 1.219421e+00 6.497574e-01 6.496488e-01 6.496540e-01 3.502427e-01 5.200290e-01 5.200698e-01 1.826541e-01 1.826532e-01 1.827606e-01
71 1.516189e+00 1.516909e+00 1.518965e+00 5.994865e-01 5.993497e-01 5.986646e-01 4.005362e-01 5.673756e-01 5.684912e-01 1.661331e-01 1.661281e-01 1.668658e-01
72 1.359927e+00 1.360463e+00 1.360195e+00 6.082151e-01 6.081122e-01 6.072505e-01 3.917713e-01 5.758939e-01 5.774989e-01 1.873301e-01 1.873190e-01 1.883836e-01
73 1.428847e+00 1.429549e+00 1.428699e+00 6.131573e-01 6.130258e-01 6.120493e-01 3.868562e-01 5.484766e-01 5.504042e-01 1.614333e-01 1.614270e-01 1.627237e-01
74 1.295650e-01 1.297429e-01 1.337917e-01 9.504239e-01 9.503604e-01 9.491243e-01 4.960579e-02 8.817280e-02 8.924540e-02 6.315725e-02 6.320224e-02 6.287613e-02
75 1.383242e-02 1.383940e-02 1.380367e-02 9.931398e-01 9.931364e-01 9.931526e-01 6.860302e-03 1.361722e-02 1.358771e-02 1.318322e-02 1.318975e-02 1.317081e-02
76 9.583068e-03 9.587563e-03 9.585025e-03 9.952345e-01 9.952323e-01 9.952335e-01 4.765506e-03 9.483832e-03 9.481495e-03 9.276918e-03 9.281220e-03 9.279261e-03
77 2.179192e-03 2.180352e-03 2.171531e-03 9.989119e-01 9.989113e-01 9.989157e-01 1.088167e-03 2.174507e-03 2.165800e-03 2.161742e-03 2.162889e-03 2.154406e-03
78 4.973659e-04 4.976391e-04 4.992689e-04 9.997514e-01 9.997513e-01 9.997504e-01 2.486054e-04 4.972972e-04 4.989316e-04 4.963423e-04 4.966148e-04 4.982581e-04
79 5.428960e-04 5.431175e-04 5.427166e-04 9.997286e-01 9.997285e-01 9.997287e-01 2.713732e-04 5.428180e-04 5.424185e-04 5.419987e-04 5.422197e-04 5.418230e-04
80 1.330202e-03 1.330748e-03 1.332761e-03 9.993354e-01 9.993351e-01 9.993341e-01 6.645729e-04 1.328782e-03 1.330787e-03 1.324322e-03 1.324864e-03 1.326853e-03
81 2.719499e-03 2.720616e-03 2.725059e-03 9.986423e-01 9.986418e-01 9.986396e-01 1.357656e-03 2.712320e-03 2.716738e-03 2.694742e-03 2.695843e-03 2.700211e-03
82 3.652457e-03 3.653721e-03 3.661567e-03 9.981771e-01 9.981765e-01 9.981726e-01 1.822808e-03 3.640380e-03 3.648183e-03 3.612671e-03 3.613913e-03 3.621631e-03
83 7.584887e-03 7.588597e-03 7.590436e-03 9.962239e-01 9.962221e-01 9.962207e-01 3.776163e-03 7.523611e-03 7.527162e-03 7.393289e-03 7.396870e-03 7.403421e-03
84 2.875153e-02 2.875826e-02 2.886206e-02 9.858483e-01 9.858450e-01 9.857959e-01 1.414928e-02 2.787755e-02 2.797055e-02 2.622959e-02 2.623566e-02 2.630957e-02
85 7.409448e-02 7.413145e-02 7.418645e-02 9.648299e-01 9.648126e-01 9.647940e-01 3.517261e-02 6.706830e-02 6.709458e-02 5.593714e-02 5.596252e-02 5.597164e-02
86 8.217514e-02 8.221018e-02 8.195720e-02 9.614935e-01 9.614776e-01 9.615686e-01 3.850575e-02 7.262215e-02 7.249545e-02 5.826465e-02 5.828500e-02 5.831069e-02
87 1.139891e-01 1.140474e-01 1.144576e-01 9.479688e-01 9.479436e-01 9.477505e-01 5.203270e-02 9.595056e-02 9.631020e-02 7.079297e-02 7.082040e-02 7.108318e-02
88 1.323253e-01 1.323739e-01 1.326884e-01 9.392922e-01 9.392712e-01 9.391765e-01 6.070437e-02 1.123665e-01 1.124735e-01 8.386294e-02 8.388410e-02 8.381297e-02
89 5.437809e-02 5.441237e-02 5.437967e-02 9.737222e-01 9.737060e-01 9.737186e-01 2.628203e-02 5.089641e-02 5.087725e-02 4.479411e-02 4.481944e-02 4.481937e-02
90 5.913937e-03 5.917418e-03 5.902494e-03 9.970526e-01 9.970508e-01 9.970582e-01 2.947729e-03 5.879355e-03 5.864849e-03 5.801070e-03 5.804448e-03 5.790732e-03
91 1.192333e-03 1.192914e-03 1.194644e-03 9.994043e-01 9.994040e-01 9.994031e-01 5.957459e-04 1.191169e-03 1.192905e-03 1.187115e-03 1.187692e-03 1.189438e-03
92 7.461821e-04 7.465931e-04 7.446026e-04 9.996272e-01 9.996270e-01 9.996279e-01 3.728485e-04 7.456050e-04 7.436272e-04 7.432270e-04 7.436359e-04 7.416833e-04
93 2.710331e-04 2.711744e-04 2.712696e-04 9.998645e-01 9.998644e-01 9.998644e-01 1.354886e-04 2.710629e-04 2.711576e-04 2.706993e-04 2.708403e-04 2.709338e-04
94 9.019541e-05 9.023998e-05 9.045551e-05 9.999549e-01 9.999549e-01 9.999548e-01 4.509757e-05 9.023149e-05 9.044691e-05 9.016997e-05 9.021451e-05 9.042971e-05
95 4.390416e-05 4.392764e-05 4.379827e-05 9.999780e-01 9.999780e-01 9.999781e-01 2.195155e-05 4.392515e-05 4.379587e-05 4.389668e-05 4.392016e-05 4.379106e-05
96 9.932335e-05 9.936647e-05 9.920322e-05 9.999503e-01 9.999503e-01 9.999504e-01 4.965877e-05 9.935484e-05 9.919176e-05 9.928849e-05 9.933159e-05 9.916884e-05
97 1.565928e-04 1.566569e-04 1.566824e-04 9.999217e-01 9.999217e-01 9.999217e-01 7.828815e-05 1.566357e-04 1.566614e-04 1.565292e-04 1.565933e-04 1.566195e-04
98 4.724199e-04 4.726199e-04 4.724991e-04 9.997638e-01 9.997637e-01 9.997638e-01 2.361523e-04 4.724135e-04 4.722952e-04 4.718016e-04 4.720012e-04 4.718879e-04
99 1.694982e-03 1.695623e-03 1.696044e-03 9.991533e-01 9.991529e-01 9.991527e-01 8.467201e-04 1.692658e-03 1.693085e-03 1.686116e-03 1.686753e-03 1.687191e-03
100 5.239259e-03 5.240962e-03 5.249453e-03 9.973866e-01 9.973857e-01 9.973815e-01 2.613187e-03 5.216161e-03 5.224701e-03 5.165395e-03 5.167057e-03 5.175686e-03
101 1.110527e-02 1.111015e-02 1.111946e-02 9.944790e-01 9.944766e-01 9.944720e-01 5.521064e-03 1.098441e-02 1.099349e-02 1.073496e-02 1.073960e-02 1.074826e-02
102 2.080139e-02 2.080958e-02 2.071452e-02 9.897499e-01 9.897459e-01 9.897888e-01 1.024906e-02 2.021821e-02 2.014085e-02 1.911563e-02 1.912271e-02 1.907431e-02
103 4.700942e-02 4.703144e-02 4.711618e-02 9.771546e-01 9.771441e-01 9.771092e-01 2.284630e-02 4.448410e-02 4.454206e-02 4.003009e-02 4.004756e-02 4.007304e-02
104 5.041918e-02 5.043565e-02 5.058205e-02 9.755969e-01 9.755892e-01 9.755291e-01 2.440081e-02 4.732352e-02 4.742163e-02 4.192294e-02 4.193490e-02 4.196501e-02
105 4.219162e-02 4.221028e-02 4.223590e-02 9.795044e-01 9.794955e-01 9.794814e-01 2.049566e-02 3.988668e-02 3.991666e-02 3.579989e-02 3.581416e-02 3.584875e-02
106 7.405184e-02 7.408814e-02 7.422601e-02 9.643640e-01 9.643469e-01 9.642802e-01 3.563825e-02 6.873596e-02 6.886502e-02 5.952514e-02 5.955100e-02 5.966471e-02
107 6.334805e-03 6.338348e-03 6.335848e-03 9.968427e-01 9.968410e-01 9.968422e-01 3.157747e-03 6.297993e-03 6.295700e-03 6.215049e-03 6.218481e-03 6.216593e-03
108 7.317062e-03 7.320251e-03 7.330024e-03 9.963567e-01 9.963552e-01 9.963502e-01 3.643247e-03 7.259382e-03 7.269379e-03 7.136851e-03 7.139915e-03 7.150336e-03
109 4.028487e-03 4.030760e-03 4.049063e-03 9.979926e-01 9.979915e-01 9.979824e-01 2.007429e-03 4.003521e-03 4.021496e-03 3.947923e-03 3.950128e-03 3.967448e-03
110 8.482185e-03 8.485765e-03 8.482071e-03 9.957804e-01 9.957786e-01 9.957804e-01 4.219591e-03 8.400213e-03 8.396916e-03 8.229125e-03 8.232536e-03 8.229988e-03
111 1.221880e-03 1.222730e-03 1.222548e-03 9.993901e-01 9.993897e-01 9.993897e-01 6.099574e-04 1.218653e-03 1.218477e-03 1.209731e-03 1.210567e-03 1.210401e-03
112 1.165510e-04 1.166505e-04 1.165531e-04 9.999417e-01 9.999417e-01 9.999417e-01 5.829077e-05 1.166285e-04 1.165311e-04 1.164849e-04 1.165843e-04 1.164874e-04
113 4.833858e-05 4.836410e-05 4.818073e-05 9.999758e-01 9.999758e-01 9.999759e-01 2.416902e-05 4.836073e-05 4.817740e-05 4.832846e-05 4.835397e-05 4.817074e-05
114 3.449619e-05 3.450828e-05 3.442074e-05 9.999828e-01 9.999827e-01 9.999828e-01 1.724611e-05 3.450690e-05 3.441937e-05 3.449204e-05 3.450413e-05 3.441664e-05
115 9.794446e-05 9.797811e-05 9.798001e-05 9.999510e-01 9.999510e-01 9.999510e-01 4.896477e-05 9.796713e-05 9.796904e-05 9.791155e-05 9.794519e-05 9.794709e-05
116 2.618093e-04 2.619337e-04 2.609878e-04 9.998691e-01 9.998691e-01 9.998695e-01 1.308801e-04 2.618493e-04 2.609052e-04 2.615564e-04 2.616806e-04 2.607401e-04
117 9.681510e-04 9.686472e-04 9.678779e-04 9.995162e-01 9.995160e-01 9.995164e-01 4.837514e-04 9.673459e-04 9.665987e-04 9.642590e-04 9.647521e-04 9.640488e-04
118 2.463481e-03 2.464724e-03 2.464940e-03 9.987704e-01 9.987697e-01 9.987696e-01 1.229628e-03 2.456295e-03 2.456570e-03 2.438354e-03 2.439578e-03 2.439968e-03
