0 2.391932e+01 2.393641e+01 2.396403e+01 3.178115e-01 3.177385e-01 3.143346e-01 6.821425e-01 7.384654e-01 7.428263e-01 4.894384e-02 4.893615e-02 4.903829e-02
1 1.207990e+02 1.208416e+02 1.208170e+02 1.104305e-03 1.101577e-03 1.068343e-04 9.988958e-01 9.999549e-01 9.999999e-01 4.521023e-05 4.500945e-05 1.117397e-07
2 1.700990e+02 1.700204e+02 1.704694e+02 3.153288e-03 3.142803e-03 3.134023e-03 9.968475e-01 9.998657e-01 9.999036e-01 1.347125e-04 1.338906e-04 9.631561e-05
3 1.288761e+02 1.291717e+02 1.296059e+02 2.181343e-02 2.176558e-02 1.924855e-02 9.781914e-01 9.951259e-01 9.970269e-01 4.391490e-03 4.378003e-03 2.883959e-03
4 5.888476e+01 5.892263e+01 5.869513e+01 4.444437e-02 4.435928e-02 4.336904e-02 9.555625e-01 9.909652e-01 9.918841e-01 8.359947e-03 8.335176e-03 7.683474e-03
5 1.837610e+01 1.838969e+01 1.830223e+01 1.241256e-01 1.239618e-01 1.216534e-01 8.758980e-01 9.599678e-01 9.624735e-01 3.280050e-02 3.274258e-02 3.188813e-02
6 3.884358e+00 3.886818e+00 3.857119e+00 4.385347e-01 4.383151e-01 4.375197e-01 5.615223e-01 7.151516e-01 7.164580e-01 1.304946e-01 1.304432e-01 1.313124e-01
7 1.051312e+00 1.051943e+00 1.046623e+00 7.250232e-01 7.248915e-01 7.252791e-01 2.749933e-01 4.042497e-01 4.036285e-01 1.507461e-01 1.507697e-01 1.506086e-01
8 4.378178e-01 4.381234e-01 4.315822e-01 8.611014e-01 8.610111e-01 8.612104e-01 1.389202e-01 2.187746e-01 2.187787e-01 1.030373e-01 1.030700e-01 1.031710e-01
9 1.986011e-01 1.987501e-01 1.982917e-01 9.219332e-01 9.218726e-01 9.218178e-01 7.808022e-02 1.344636e-01 1.345036e-01 8.437940e-02 8.442422e-02 8.447532e-02
10 1.484203e-01 1.485129e-01 1.470747e-01 9.351514e-01 9.351114e-01 9.354673e-01 6.485541e-02 1.163832e-01 1.160126e-01 7.994249e-02 7.998282e-02 8.015341e-02
11 3.515791e-01 3.517402e-01 3.526314e-01 8.600430e-01 8.599878e-01 8.598863e-01 1.399529e-01 2.358523e-01 2.358885e-01 1.307049e-01 1.307303e-01 1.306953e-01
12 3.414401e+00 3.416304e+00 3.418690e+00 4.814857e-01 4.813338e-01 4.814751e-01 5.185210e-01 6.650576e-01 6.650418e-01 1.335688e-01 1.335478e-01 1.338400e-01
13 1.537306e+01 1.538070e+01 1.532359e+01 1.191127e-01 1.190166e-01 1.158177e-01 8.808811e-01 9.577413e-01 9.615317e-01 3.238810e-02 3.235586e-02 3.130477e-02
14 2.734556e+01 2.735756e+01 2.733115e+01 4.059346e-02 4.054383e-02 3.782809e-02 9.594107e-01 9.926168e-01 9.942349e-01 6.907045e-03 6.894197e-03 5.560299e-03
15 2.055175e+01 2.056436e+01 2.062095e+01 2.187731e-01 2.186281e-01 2.172272e-01 7.812612e-01 8.714864e-01 8.730813e-01 6.756195e-02 6.752102e-02 6.823157e-02
16 1.713822e+01 1.714581e+01 1.722958e+01 1.066801e-01 1.066103e-01 1.024478e-01 8.932977e-01 9.606160e-01 9.662659e-01 2.819664e-02 2.817689e-02 2.749896e-02
17 1.979960e+01 1.981048e+01 1.981255e+01 6.932104e-02 6.923606e-02 6.789399e-02 9.306949e-01 9.843770e-01 9.855149e-01 1.423621e-02 1.421104e-02 1.344092e-02
18 7.775732e+00 7.780181e+00 7.765699e+00 3.117542e-01 3.115744e-01 3.113858e-01 6.882756e-01 8.226659e-01 8.231515e-01 9.888532e-02 9.883197e-02 9.954199e-02
19 2.822788e+00 2.824227e+00 2.777864e+00 5.772921e-01 5.771406e-01 5.771614e-01 4.227032e-01 5.706259e-01 5.707716e-01 1.497983e-01 1.498018e-01 1.500717e-01
20 9.480756e-01 9.490945e-01 9.415922e-01 7.759448e-01 7.757843e-01 7.750502e-01 2.241113e-01 3.361577e-01 3.369632e-01 1.441722e-01 1.442102e-01 1.445580e-01
21 3.144705e-01 3.146802e-01 3.118311e-01 8.898509e-01 8.897812e-01 8.896294e-01 1.101532e-01 1.849666e-01 1.851780e-01 1.103846e-01 1.104280e-01 1.105849e-01
22 1.530910e-01 1.531831e-01 1.528267e-01 9.300188e-01 9.299765e-01 9.299190e-01 6.998929e-02 1.298150e-01 1.300158e-01 9.868726e-02 9.873566e-02 9.888157e-02
23 5.250892e-02 5.254397e-02 5.243072e-02 9.748055e-01 9.747889e-01 9.748224e-01 2.519605e-02 4.852319e-02 4.848317e-02 4.195488e-02 4.198088e-02 4.198626e-02
24 1.323959e-02 1.324835e-02 1.299215e-02 9.945631e-01 9.945594e-01 9.944062e-01 5.436421e-03 9.523540e-03 9.902243e-03 6.607835e-03 6.611366e-03 6.643106e-03
25 8.367613e-03 8.376786e-03 8.297965e-03 9.962102e-01 9.962059e-01 9.961451e-01 3.791233e-03 7.006555e-03 7.219435e-03 5.422762e-03 5.429488e-03 5.702369e-03
26 1.235748e-03 1.236345e-03 1.235511e-03 9.993826e-01 9.993823e-01 9.993827e-01 6.173614e-04 1.234383e-03 1.233619e-03 1.229882e-03 1.230476e-03 1.229849e-03
27 5.335444e-03 5.338662e-03 5.327900e-03 9.973524e-01 9.973508e-01 9.973545e-01 2.647402e-03 5.259430e-03 5.254940e-03 5.107034e-03 5.110115e-03 5.115451e-03
28 4.182233e-02 4.184460e-02 4.155382e-02 9.797158e-01 9.797052e-01 9.798280e-01 2.028320e-02 3.944215e-02 3.923003e-02 3.536194e-02 3.537927e-02 3.525666e-02
29 2.179286e-01 2.180182e-01 2.183999e-01 9.033974e-01 9.033596e-01 9.033387e-01 9.660210e-02 1.743793e-01 1.743345e-01 1.196734e-01 1.197071e-01 1.196883e-01
30 2.672283e-01 2.673447e-01 2.676377e-01 8.818720e-01 8.818244e-01 8.817954e-01 1.181268e-01 2.118638e-01 2.118248e-01 1.394714e-01 1.395067e-01 1.393691e-01
31 2.577879e-01 2.579246e-01 2.583515e-01 8.878583e-01 8.878007e-01 8.875199e-01 1.121471e-01 2.002399e-01 2.007551e-01 1.330406e-01 1.330859e-01 1.334413e-01
32 6.753859e-01 6.756663e-01 6.753410e-01 7.518120e-01 7.517247e-01 7.515336e-01 2.481873e-01 4.004289e-01 4.007097e-01 1.860959e-01 1.861152e-01 1.862421e-01
33 1.894020e+00 1.894919e+00 1.890370e+00 5.231849e-01 5.230324e-01 5.222579e-01 4.768381e-01 6.574553e-01 6.587244e-01 1.631076e-01 1.630811e-01 1.636035e-01
34 7.688210e+00 7.691700e+00 7.694828e+00 2.465149e-01 2.464125e-01 2.436181e-01 7.534618e-01 8.808524e-01 8.847200e-01 7.853293e-02 7.849598e-02 7.856055e-02
35 1.743377e+01 1.744159e+01 1.745927e+01 1.159822e-01 1.158843e-01 1.148603e-01 8.840213e-01 9.613551e-01 9.623972e-01 3.114615e-02 3.111083e-02 3.083888e-02
36 1.555099e+01 1.555899e+01 1.551381e+01 1.073130e-01 1.072225e-01 1.061092e-01 8.926942e-01 9.632079e-01 9.646719e-01 2.883315e-02 2.880303e-02 2.855905e-02
37 1.411359e+01 1.412145e+01 1.415393e+01 1.822648e-01 1.821295e-01 1.794376e-01 8.177414e-01 9.159103e-01 9.206182e-01 5.547431e-02 5.542848e-02 5.642028e-02
38 1.913028e+01 1.913816e+01 1.917650e+01 7.997713e-02 7.990244e-02 7.620251e-02 9.200277e-01 9.785635e-01 9.818879e-01 1.853966e-02 1.851506e-02 1.653345e-02
39 6.175282e+00 6.180334e+00 6.166106e+00 3.162601e-01 3.160681e-01 3.142599e-01 6.837780e-01 8.217381e-01 8.245675e-01 9.630851e-02 9.625241e-02 9.748540e-02
40 4.629142e-01 4.632143e-01 4.629963e-01 8.261587e-01 8.260630e-01 8.260763e-01 1.738594e-01 2.840187e-01 2.839825e-01 1.394418e-01 1.394673e-01 1.395254e-01
41 9.483831e-02 9.491949e-02 9.453000e-02 9.556637e-01 9.556280e-01 9.557563e-01 4.435083e-02 8.347041e-02 8.330217e-02 6.635029e-02 6.638946e-02 6.641912e-02
42 4.148736e-02 4.151109e-02 4.175246e-02 9.799741e-01 9.799628e-01 9.798584e-01 2.002618e-02 3.875948e-02 3.894055e-02 3.409350e-02 3.411135e-02 3.420555e-02
43 1.265317e-02 1.265878e-02 1.265975e-02 9.937288e-01 9.937260e-01 9.937255e-01 6.271001e-03 1.243931e-02 1.244045e-02 1.201220e-02 1.201742e-02 1.201893e-02
44 4.186877e-03 4.189838e-03 4.223204e-03 9.979142e-01 9.979128e-01 9.978964e-01 2.086096e-03 4.159288e-03 4.191525e-03 4.096639e-03 4.099524e-03 4.129587e-03
45 2.056635e-03 2.057408e-03 2.058263e-03 9.989729e-01 9.989725e-01 9.989721e-01 1.026965e-03 2.052441e-03 2.053311e-03 2.041796e-03 2.042563e-03 2.043459e-03
46 2.213397e-03 2.214545e-03 2.213084e-03 9.988947e-01 9.988941e-01 9.988949e-01 1.105353e-03 2.208899e-03 2.207493e-03 2.196540e-03 2.197675e-03 2.196376e-03
47 5.775061e-03 5.777619e-03 5.772660e-03 9.971225e-01 9.971213e-01 9.971237e-01 2.877434e-03 5.737467e-03 5.732710e-03 5.655951e-03 5.658432e-03 5.654067e-03
48 2.016675e-02 2.017858e-02 2.006294e-02 9.900621e-01 9.900563e-01 9.901047e-01 9.937869e-03 1.960754e-02 1.952673e-02 1.853866e-02 1.854919e-02 1.851940e-02
49 1.286723e-01 1.287499e-01 1.274783e-01 9.417423e-01 9.417078e-01 9.419361e-01 5.825750e-02 1.076850e-01 1.074896e-01 8.200690e-02 8.204653e-02 8.214873e-02
50 8.314462e-01 8.318634e-01 8.328815e-01 7.376142e-01 7.375100e-01 7.376134e-01 2.623862e-01 4.065009e-01 4.067571e-01 1.712919e-01 1.713036e-01 1.719302e-01
51 1.725271e+00 1.725929e+00 1.740546e+00 5.888623e-01 5.887561e-01 5.880264e-01 4.111217e-01 5.738569e-01 5.748887e-01 1.634217e-01 1.634254e-01 1.637902e-01
52 1.294449e+00 1.294400e+00 1.295088e+00 6.548203e-01 6.546913e-01 6.538536e-01 3.451852e-01 5.001453e-01 5.012859e-01 1.686123e-01 1.686185e-01 1.691544e-01
53 2.297127e+00 2.298974e+00 2.294624e+00 5.091274e-01 5.089660e-01 5.084969e-01 4.908913e-01 6.666590e-01 6.678168e-01 1.563981e-01 1.563661e-01 1.575236e-01
54 1.945253e+00 1.946505e+00 1.944588e+00 5.733722e-01 5.731949e-01 5.734204e-01 4.266851e-01 5.871692e-01 5.867794e-01 1.584182e-01 1.583940e-01 1.583124e-01
55 6.689440e-01 6.692882e-01 6.683249e-01 7.704392e-01 7.703361e-01 7.703049e-01 2.295800e-01 3.582695e-01 3.585547e-01 1.522354e-01 1.522664e-01 1.527824e-01
56 8.754108e-02 8.758646e-02 8.732856e-02 9.588330e-01 9.588122e-01 9.588962e-01 4.116801e-02 7.787223e-02 7.776711e-02 6.303997e-02 6.306792e-02 6.311777e-02
57 1.273478e-02 1.274297e-02 1.273713e-02 9.936946e-01 9.936906e-01 9.936932e-01 6.306234e-03 1.249748e-02 1.249289e-02 1.202098e-02 1.202852e-02 1.202604e-02
58 5.966418e-03 5.969614e-03 5.947708e-03 9.970321e-01 9.970305e-01 9.970412e-01 2.967931e-03 5.908740e-03 5.887712e-03 5.786746e-03 5.789804e-03 5.770459e-03
59 3.013601e-03 3.014978e-03 3.011608e-03 9.984970e-01 9.984963e-01 9.984980e-01 1.502889e-03 2.999729e-03 2.996497e-03 2.968266e-03 2.969614e-03 2.966652e-03
60 1.067761e-03 1.068522e-03 1.062804e-03 9.994667e-01 9.994663e-01 9.994692e-01 5.333743e-04 1.066205e-03 1.060589e-03 1.060840e-03 1.061596e-03 1.056181e-03
61 4.234518e-04 4.237029e-04 4.246890e-04 9.997883e-01 9.997882e-01 9.997877e-01 2.116895e-04 4.234675e-04 4.244501e-04 4.227468e-04 4.229973e-04 4.239731e-04
62 6.821411e-04 6.824650e-04 6.817948e-04 9.996591e-01 9.996589e-01 9.996592e-01 3.409427e-04 6.819671e-04 6.813022e-04 6.806499e-04 6.809728e-04 6.803185e-04
63 2.671008e-03 2.672309e-03 2.704243e-03 9.986672e-01 9.986666e-01 9.986507e-01 1.332625e-03 2.661353e-03 2.692973e-03 2.638554e-03 2.639832e-03 2.670792e-03
64 9.425672e-03 9.430086e-03 9.424091e-03 9.953081e-01 9.953059e-01 9.953085e-01 4.691841e-03 9.346835e-03 9.342281e-03 9.179257e-03 9.183494e-03 9.181579e-03
65 3.573614e-02 3.575258e-02 3.557975e-02 9.824542e-01 9.824462e-01 9.825188e-01 1.754534e-02 3.449155e-02 3.436977e-02 3.217047e-02 3.218446e-02 3.213630e-02
66 1.097169e-01 1.097618e-01 1.100844e-01 9.481946e-01 9.481741e-01 9.480308e-01 5.180390e-02 9.826326e-02 9.852630e-02 8.008929e-02 8.011548e-02 8.032840e-02
67 1.560819e-01 1.561468e-01 1.558753e-01 9.268177e-01 9.267882e-01 9.268731e-01 7.318486e-02 1.378169e-01 1.377152e-01 1.087026e-01 1.087391e-01 1.087946e-01
68 3.616133e-01 3.617457e-01 3.612217e-01 8.472154e-01 8.471668e-01 8.472396e-01 1.527753e-01 2.657741e-01 2.657479e-01 1.584620e-01 1.584853e-01 1.585587e-01
69 8.748086e-01 8.752494e-01 8.771937e-01 7.096379e-01 7.095220e-01 7.089075e-01 2.903727e-01 4.498656e-01 4.508538e-01 1.818623e-01 1.818752e-01 1.827024e-01
70 1.154745e+00 1.155248e+00 1.156642e+00 6.597450e-01 6.596371e-01 6.601167e-01 3.402563e-01 5.090805e-01 5.083892e-01 1.841321e-01 1.841330e-01 1.841110e-01
71 1.419611e+00 1.420289e+00 1.419478e+00 6.143585e-01 6.142239e-01 6.135463e-01 3.856639e-01 5.516320e-01 5.527680e-01 1.680744e-01 1.680722e-01 1.687233e-01
72 1.261787e+00 1.262283e+00 1.261196e+00 6.252444e-01 6.251428e-01 6.246250e-01 3.747431e-01 5.571474e-01 5.582354e-01 1.901568e-01 1.901487e-01 1.911272e-01
73 1.387916e+00 1.388582e+00 1.387059e+00 6.186171e-01 6.184888e-01 6.177536e-01 3.813947e-01 5.431707e-01 5.447445e-01 1.628487e-01 1.628446e-01 1.640561e-01
74 1.470671e-01 1.472651e-01 1.525815e-01 9.471377e-01 9.470697e-01 9.458481e-01 5.289277e-02 9.317579e-02 9.405153e-02 6.526862e-02 6.531579e-02 6.482171e-02
75 1.343401e-02 1.344087e-02 1.342262e-02 9.933364e-01 9.933330e-01 9.933408e-01 6.663747e-03 1.322919e-02 1.321617e-02 1.281557e-02 1.282200e-02 1.281765e-02
76 9.612616e-03 9.617118e-03 9.623059e-03 9.952195e-01 9.952173e-01 9.952144e-01 4.780514e-03 9.514301e-03 9.519966e-03 9.309068e-03 9.313381e-03 9.318525e-03
77 2.323780e-03 2.325006e-03 2.319174e-03 9.988398e-01 9.988391e-01 9.988420e-01 1.160284e-03 2.318448e-03 2.312697e-03 2.304201e-03 2.305413e-03 2.299822e-03
78 5.331122e-04 5.334064e-04 5.348002e-04 9.997335e-01 9.997334e-01 9.997327e-01 2.664652e-04 5.330131e-04 5.344122e-04 5.319345e-04 5.322279e-04 5.336374e-04
79 5.792082e-04 5.794433e-04 5.791800e-04 9.997105e-01 9.997104e-01 9.997105e-01 2.895203e-04 5.791090e-04 5.788480e-04 5.782067e-04 5.784412e-04 5.781848e-04
80 1.349675e-03 1.350232e-03 1.351742e-03 9.993257e-01 9.993254e-01 9.993246e-01 6.743040e-04 1.348238e-03 1.349735e-03 1.343713e-03 1.344265e-03 1.345733e-03
81 2.658400e-03 2.659480e-03 2.665268e-03 9.986728e-01 9.986722e-01 9.986693e-01 1.327227e-03 2.651667e-03 2.657425e-03 2.635077e-03 2.636144e-03 2.641843e-03
82 3.596588e-03 3.597857e-03 3.602768e-03 9.982049e-01 9.982043e-01 9.982018e-01 1.795028e-03 3.585152e-03 3.590078e-03 3.558689e-03 3.559938e-03 3.564894e-03
83 7.933477e-03 7.937448e-03 7.948270e-03 9.960514e-01 9.960494e-01 9.960436e-01 3.948671e-03 7.865384e-03 7.877886e-03 7.721267e-03 7.725087e-03 7.740456e-03
84 2.984116e-02 2.984847e-02 2.994307e-02 9.853205e-01 9.853169e-01 9.852713e-01 1.467711e-02 2.890147e-02 2.898957e-02 2.713389e-02 2.714041e-02 2.721634e-02
85 7.237217e-02 7.240811e-02 7.246699e-02 9.655950e-01 9.655782e-01 9.655568e-01 3.440744e-02 6.569402e-02 6.572604e-02 5.503912e-02 5.506409e-02 5.507529e-02
86 7.736238e-02 7.739526e-02 7.700959e-02 9.636015e-01 9.635865e-01 9.637417e-01 3.639781e-02 6.888220e-02 6.863194e-02 5.593835e-02 5.595821e-02 5.588168e-02
87 1.083247e-01 1.083797e-01 1.087417e-01 9.502926e-01 9.502686e-01 9.501172e-01 4.970883e-02 9.205795e-02 9.231581e-02 6.894161e-02 6.896858e-02 6.910673e-02
88 1.242132e-01 1.242588e-01 1.244563e-01 9.427548e-01 9.427349e-01 9.426721e-01 5.724162e-02 1.063629e-01 1.064430e-01 8.050365e-02 8.052467e-02 8.051495e-02
89 5.425738e-02 5.429193e-02 5.422467e-02 9.737711e-01 9.737547e-01 9.737846e-01 2.623325e-02 5.081872e-02 5.076528e-02 4.477885e-02 4.480443e-02 4.477181e-02
90 6.167531e-03 6.171147e-03 6.165638e-03 9.969268e-01 9.969250e-01 9.969277e-01 3.073456e-03 6.128845e-03 6.123828e-03 6.042194e-03 6.045697e-03 6.041597e-03
91 1.167029e-03 1.167589e-03 1.170152e-03 9.994169e-01 9.994166e-01 9.994153e-01 5.831214e-04 1.165956e-03 1.168524e-03 1.162143e-03 1.162700e-03 1.165279e-03
92 7.404657e-04 7.408718e-04 7.388123e-04 9.996300e-01 9.996298e-01 9.996308e-01 3.700011e-04 7.399258e-04 7.378811e-04 7.376362e-04 7.380403e-04 7.360249e-04
93 2.824103e-04 2.825539e-04 2.833798e-04 9.998588e-01 9.998588e-01 9.998583e-01 1.411751e-04 2.824348e-04 2.832595e-04 2.820536e-04 2.821969e-04 2.830193e-04
94 9.672298e-05 9.677085e-05 9.688753e-05 9.999516e-01 9.999516e-01 9.999516e-01 4.836124e-05 9.676098e-05 9.687755e-05 9.669340e-05 9.674125e-05 9.685759e-05
95 4.542634e-05 4.545019e-05 4.540803e-05 9.999773e-01 9.999773e-01 9.999773e-01 2.271265e-05 4.544762e-05 4.540552e-05 4.541864e-05 4.544248e-05 4.540051e-05
96 9.896856e-05 9.901196e-05 9.895241e-05 9.999505e-01 9.999505e-01 9.999505e-01 4.948145e-05 9.900069e-05 9.894126e-05 9.893477e-05 9.897815e-05 9.891897e-05
97 1.651066e-04 1.651748e-04 1.656030e-04 9.999175e-01 9.999174e-01 9.999172e-01 8.254442e-05 1.651510e-04 1.655791e-04 1.650352e-04 1.651034e-04 1.655314e-04
98 5.032417e-04 5.034553e-04 5.034956e-04 9.997484e-01 9.997483e-01 9.997483e-01 2.515545e-04 5.032191e-04 5.032620e-04 5.025340e-04 5.027471e-04 5.027953e-04
99 1.806228e-03 1.806901e-03 1.803081e-03 9.990977e-01 9.990974e-01 9.990993e-01 9.022557e-04 1.803588e-03 1.799793e-03 1.796324e-03 1.796991e-03 1.793247e-03
100 5.341940e-03 5.343640e-03 5.351440e-03 9.973353e-01 9.973345e-01 9.973305e-01 2.664468e-03 5.318588e-03 5.326455e-03 5.267312e-03 5.268974e-03 5.276968e-03
101 1.112537e-02 1.113025e-02 1.112286e-02 9.944696e-01 9.944672e-01 9.944708e-01 5.530396e-03 1.100178e-02 1.099468e-02 1.074739e-02 1.075203e-02 1.074550e-02
102 2.064982e-02 2.065808e-02 2.061960e-02 9.898248e-01 9.898208e-01 9.898356e-01 1.017425e-02 2.007039e-02 2.004872e-02 1.897513e-02 1.898228e-02 1.898753e-02
103 4.508785e-02 4.510879e-02 4.531419e-02 9.780603e-01 9.780502e-01 9.779603e-01 2.194062e-02 4.277059e-02 4.292904e-02 3.865535e-02 3.867221e-02 3.876569e-02
104 4.744936e-02 4.746471e-02 4.761657e-02 9.769924e-01 9.769851e-01 9.769203e-01 2.300544e-02 4.469276e-02 4.480350e-02 3.984784e-02 3.985929e-02 3.990933e-02
105 3.926351e-02 3.928084e-02 3.931544e-02 9.808820e-01 9.808737e-01 9.808547e-01 1.911821e-02 3.728736e-02 3.732753e-02 3.374680e-02 3.376042e-02 3.380588e-02
106 7.080177e-02 7.083560e-02 7.087072e-02 9.658563e-01 9.658403e-01 9.658220e-01 3.414575e-02 6.598414e-02 6.602168e-02 5.756205e-02 5.758670e-02 5.762628e-02
107 6.204297e-03 6.207779e-03 6.193051e-03 9.969075e-01 9.969058e-01 9.969130e-01 3.092958e-03 6.169263e-03 6.154971e-03 6.089958e-03 6.093334e-03 6.079891e-03
108 6.885479e-03 6.888521e-03 6.894574e-03 9.965708e-01 9.965693e-01 9.965662e-01 3.429184e-03 6.834512e-03 6.840853e-03 6.725478e-03 6.728407e-03 6.735296e-03
109 3.736814e-03 3.738921e-03 3.756200e-03 9.981374e-01 9.981364e-01 9.981278e-01 1.862571e-03 3.715587e-03 3.732646e-03 3.667739e-03 3.669788e-03 3.686404e-03
110 8.022090e-03 8.025518e-03 8.013099e-03 9.960082e-01 9.960065e-01 9.960126e-01 3.991735e-03 7.948680e-03 7.936864e-03 7.794652e-03 7.797929e-03 7.787268e-03
111 1.234142e-03 1.235012e-03 1.233373e-03 9.993840e-01 9.993835e-01 9.993844e-01 6.160664e-04 1.230850e-03 1.229235e-03 1.221739e-03 1.222596e-03 1.221028e-03
112 1.125587e-04 1.126551e-04 1.125727e-04 9.999437e-01 9.999437e-01 9.999437e-01 5.629441e-05 1.126343e-04 1.125520e-04 1.124963e-04 1.125926e-04 1.125107e-04
113 4.866538e-05 4.869118e-05 4.857331e-05 9.999757e-01 9.999757e-01 9.999757e-01 2.433237e-05 4.868773e-05 4.856990e-05 4.865504e-05 4.868083e-05 4.856310e-05
114 3.506548e-05 3.507791e-05 3.487852e-05 9.999825e-01 9.999825e-01 9.999826e-01 1.753078e-05 3.507649e-05 3.487713e-05 3.506121e-05 3.507364e-05 3.487434e-05
115 9.595984e-05 9.599293e-05 9.596379e-05 9.999520e-01 9.999520e-01 9.999520e-01 4.797271e-05 9.598238e-05 9.595326e-05 9.592820e-05 9.596128e-05 9.593221e-05
116 2.717622e-04 2.718942e-04 2.721892e-04 9.998641e-01 9.998641e-01 9.998639e-01 1.358533e-04 2.717989e-04 2.720943e-04 2.714766e-04 2.716084e-04 2.719047e-04
117 9.947344e-04 9.952448e-04 9.929703e-04 9.995030e-01 9.995027e-01 9.995039e-01 4.970263e-04 9.938746e-04 9.916306e-04 9.906366e-04 9.911438e-04 9.889602e-04
118 2.394797e-03 2.395998e-03 2.396324e-03 9.988046e-01 9.988040e-01 9.988038e-01 1.195416e-03 2.388087e-03 2.388473e-03 2.371208e-03 2.372392e-03 2.372896e-03
