0 3.550187e+01 3.552657e+01 3.548793e+01 2.764666e-01 2.764018e-01 2.743412e-01 7.234864e-01 7.747538e-01 7.766030e-01 4.466493e-02 4.465996e-02 4.694468e-02
1 1.606749e+02 1.607248e+02 1.614168e+02 2.755588e-04 2.746833e-04 1.036843e-05 9.997245e-01 9.999968e-01 1.000000e+00 3.225823e-06 3.206347e-06 1.080934e-09
2 2.094734e+02 2.093906e+02 2.096837e+02 1.906613e-03 1.899478e-03 1.719573e-03 9.980937e-01 9.999513e-01 9.999711e-01 4.895954e-05 4.861747e-05 2.889470e-05
3 1.398607e+02 1.402061e+02 1.387544e+02 2.146284e-02 2.141494e-02 2.213552e-02 9.785423e-01 9.954066e-01 9.959493e-01 4.253082e-03 4.238613e-03 3.884478e-03
4 5.132420e+01 5.135786e+01 5.091327e+01 6.370289e-02 6.359599e-02 6.257155e-02 9.363052e-01 9.838637e-01 9.850267e-01 1.428078e-02 1.424532e-02 1.362622e-02
5 1.287475e+01 1.288412e+01 1.286881e+01 1.822741e-01 1.820807e-01 1.805701e-01 8.177611e-01 9.279753e-01 9.300822e-01 5.491192e-02 5.483748e-02 5.451820e-02
6 2.626788e+00 2.628265e+00 2.632127e+00 5.365188e-01 5.363341e-01 5.366566e-01 4.635317e-01 6.134088e-01 6.128249e-01 1.445015e-01 1.444789e-01 1.442569e-01
7 7.501767e-01 7.506472e-01 7.455934e-01 7.813677e-01 7.812543e-01 7.812940e-01 2.186474e-01 3.311349e-01 3.312914e-01 1.370954e-01 1.371246e-01 1.374372e-01
8 2.652670e-01 2.654551e-01 2.661183e-01 9.043525e-01 9.042879e-01 9.042773e-01 9.566107e-02 1.578719e-01 1.578603e-01 8.587709e-02 8.591367e-02 8.587365e-02
9 1.086686e-01 1.087472e-01 1.088636e-01 9.522135e-01 9.521781e-01 9.522538e-01 4.779348e-02 8.661825e-02 8.640559e-02 6.231055e-02 6.234880e-02 6.226779e-02
10 9.894507e-02 9.900301e-02 9.833806e-02 9.550185e-01 9.549927e-01 9.551896e-01 4.498428e-02 8.292943e-02 8.268208e-02 6.188666e-02 6.191792e-02 6.193465e-02
11 2.304357e-01 2.305461e-01 2.324956e-01 9.043868e-01 9.043464e-01 9.037327e-01 9.560921e-02 1.660510e-01 1.669349e-01 1.032241e-01 1.032511e-01 1.034708e-01
12 2.545465e+00 2.546867e+00 2.548374e+00 5.554675e-01 5.553325e-01 5.560526e-01 4.445320e-01 5.850443e-01 5.842534e-01 1.365321e-01 1.365245e-01 1.368364e-01
13 1.567595e+01 1.568387e+01 1.565075e+01 1.334388e-01 1.333356e-01 1.297533e-01 8.665527e-01 9.500330e-01 9.546506e-01 3.731676e-02 3.728130e-02 3.638779e-02
14 3.158190e+01 3.159620e+01 3.158060e+01 3.678049e-02 3.673318e-02 3.337533e-02 9.632225e-01 9.933690e-01 9.953613e-01 6.134870e-03 6.123329e-03 4.499746e-03
15 2.586010e+01 2.587579e+01 2.578338e+01 1.925999e-01 1.924678e-01 1.910682e-01 8.074289e-01 8.891028e-01 8.902178e-01 5.896213e-02 5.892496e-02 5.886101e-02
16 2.279874e+01 2.280893e+01 2.291262e+01 7.446376e-02 7.440985e-02 6.913651e-02 9.255158e-01 9.774664e-01 9.828852e-01 1.792658e-02 1.791182e-02 1.538484e-02
17 2.371052e+01 2.372335e+01 2.365598e+01 5.490506e-02 5.483018e-02 5.460152e-02 9.451115e-01 9.885608e-01 9.890684e-01 1.053416e-02 1.051331e-02 1.021061e-02
18 8.098012e+00 8.102543e+00 8.088858e+00 3.169564e-01 3.167904e-01 3.161058e-01 6.830676e-01 8.147025e-01 8.159025e-01 9.974568e-02 9.970006e-02 1.000385e-01
19 2.971548e+00 2.973069e+00 2.908717e+00 5.974986e-01 5.973520e-01 5.971306e-01 4.024917e-01 5.439871e-01 5.442561e-01 1.479956e-01 1.480072e-01 1.479601e-01
20 8.943280e-01 8.953855e-01 8.760958e-01 7.923881e-01 7.922358e-01 7.922001e-01 2.076670e-01 3.098894e-01 3.099412e-01 1.332119e-01 1.332510e-01 1.332970e-01
21 2.566811e-01 2.568538e-01 2.550842e-01 9.077725e-01 9.077131e-01 9.074372e-01 9.223101e-02 1.562323e-01 1.564880e-01 9.647711e-02 9.651838e-02 9.646110e-02
22 1.055438e-01 1.056103e-01 1.054009e-01 9.505906e-01 9.505595e-01 9.505530e-01 4.941510e-02 9.333455e-02 9.341344e-02 7.559795e-02 7.563939e-02 7.573413e-02
23 2.942309e-02 2.944307e-02 2.939648e-02 9.856657e-01 9.856560e-01 9.856752e-01 1.433518e-02 2.798651e-02 2.795346e-02 2.543909e-02 2.545561e-02 2.543259e-02
24 5.919382e-03 5.923247e-03 5.875410e-03 9.972589e-01 9.972571e-01 9.972288e-01 2.740735e-03 5.139977e-03 5.253415e-03 4.127968e-03 4.130608e-03 4.311034e-03
25 4.087907e-03 4.092089e-03 4.107520e-03 9.980410e-01 9.980390e-01 9.980122e-01 1.959530e-03 3.773746e-03 3.854547e-03 3.280868e-03 3.284526e-03 3.426379e-03
26 7.129625e-04 7.133088e-04 7.121369e-04 9.996437e-01 9.996435e-01 9.996441e-01 3.563182e-04 7.126714e-04 7.115172e-04 7.110548e-04 7.113997e-04 7.102804e-04
27 3.000796e-03 3.002625e-03 2.988282e-03 9.985062e-01 9.985053e-01 9.985117e-01 1.493633e-03 2.976298e-03 2.965146e-03 2.923699e-03 2.925478e-03 2.919996e-03
28 2.906110e-02 2.907757e-02 2.885482e-02 9.858387e-01 9.858307e-01 9.859199e-01 1.416062e-02 2.765691e-02 2.751293e-02 2.520496e-02 2.521824e-02 2.516865e-02
29 2.144263e-01 2.145168e-01 2.149974e-01 9.058090e-01 9.057719e-01 9.057376e-01 9.418899e-02 1.689808e-01 1.689454e-01 1.137413e-01 1.137713e-01 1.137525e-01
30 2.890881e-01 2.892148e-01 2.900522e-01 8.741782e-01 8.741285e-01 8.739351e-01 1.258198e-01 2.229180e-01 2.231058e-01 1.402364e-01 1.402677e-01 1.402038e-01
31 2.271609e-01 2.272746e-01 2.279634e-01 8.988453e-01 8.987970e-01 8.985130e-01 1.011576e-01 1.829520e-01 1.834074e-01 1.255669e-01 1.256085e-01 1.257996e-01
32 5.974159e-01 5.976719e-01 5.968968e-01 7.734890e-01 7.734071e-01 7.729942e-01 2.265096e-01 3.706870e-01 3.713422e-01 1.803820e-01 1.804041e-01 1.805527e-01
33 1.520122e+00 1.520799e+00 1.520842e+00 5.758039e-01 5.756709e-01 5.752494e-01 4.242144e-01 6.039992e-01 6.047890e-01 1.727663e-01 1.727524e-01 1.732737e-01
34 7.005463e+00 7.008602e+00 7.006274e+00 2.629426e-01 2.628413e-01 2.617760e-01 7.370308e-01 8.682660e-01 8.704746e-01 8.317615e-02 8.314069e-02 8.398740e-02
35 2.011474e+01 2.012363e+01 2.017856e+01 9.764250e-02 9.755514e-02 9.491345e-02 9.023598e-01 9.696356e-01 9.721616e-01 2.507220e-02 2.504158e-02 2.383500e-02
36 1.875084e+01 1.876058e+01 1.868654e+01 8.891158e-02 8.883096e-02 8.864169e-02 9.110931e-01 9.725646e-01 9.734981e-01 2.273706e-02 2.270994e-02 2.259890e-02
37 1.877819e+01 1.878858e+01 1.875692e+01 1.436182e-01 1.435030e-01 1.424083e-01 8.563859e-01 9.370942e-01 9.394772e-01 4.254068e-02 4.250227e-02 4.339950e-02
38 2.388139e+01 2.389161e+01 2.382925e+01 6.040540e-02 6.034325e-02 5.604699e-02 9.395974e-01 9.853123e-01 9.884489e-01 1.296362e-02 1.294447e-02 1.077496e-02
39 5.922983e+00 5.928116e+00 5.937362e+00 3.360370e-01 3.358432e-01 3.339106e-01 6.640030e-01 8.039001e-01 8.068819e-01 1.016568e-01 1.016025e-01 1.028772e-01
40 3.600415e-01 3.602512e-01 3.612350e-01 8.571058e-01 8.570339e-01 8.569208e-01 1.429050e-01 2.397568e-01 2.398219e-01 1.286862e-01 1.287140e-01 1.286971e-01
41 9.145891e-02 9.154047e-02 9.177920e-02 9.572647e-01 9.572292e-01 9.571252e-01 4.275067e-02 8.041839e-02 8.059909e-02 6.380103e-02 6.383867e-02 6.393325e-02
42 3.452484e-02 3.454419e-02 3.442942e-02 9.832715e-01 9.832622e-01 9.833067e-01 1.672869e-02 3.248823e-02 3.241935e-02 2.894149e-02 2.895640e-02 2.894234e-02
43 8.723901e-03 8.728265e-03 8.770641e-03 9.956676e-01 9.956655e-01 9.956450e-01 4.332317e-03 8.610792e-03 8.650530e-03 8.379280e-03 8.383404e-03 8.418272e-03
44 3.035366e-03 3.037262e-03 3.036367e-03 9.984864e-01 9.984854e-01 9.984859e-01 1.513760e-03 3.021108e-03 3.020201e-03 2.987453e-03 2.989313e-03 2.988380e-03
45 1.787070e-03 1.787785e-03 1.780638e-03 9.991074e-01 9.991071e-01 9.991106e-01 8.925364e-04 1.783947e-03 1.776866e-03 1.775599e-03 1.776307e-03 1.769357e-03
46 1.622033e-03 1.622764e-03 1.620491e-03 9.991897e-01 9.991893e-01 9.991905e-01 8.102905e-04 1.619864e-03 1.617611e-03 1.613363e-03 1.614088e-03 1.611874e-03
47 4.448605e-03 4.450442e-03 4.441816e-03 9.977818e-01 9.977809e-01 9.977851e-01 2.218181e-03 4.426220e-03 4.417933e-03 4.376585e-03 4.378377e-03 4.370743e-03
48 1.459947e-02 1.460713e-02 1.452170e-02 9.927731e-01 9.927693e-01 9.928092e-01 7.226870e-03 1.431906e-02 1.424435e-02 1.376184e-02 1.376883e-02 1.371283e-02
49 8.792306e-02 8.797566e-02 8.700519e-02 9.590587e-01 9.590346e-01 9.592289e-01 4.094091e-02 7.718983e-02 7.704691e-02 6.270644e-02 6.273847e-02 6.289857e-02
50 7.492132e-01 7.495971e-01 7.505796e-01 7.616643e-01 7.615678e-01 7.617723e-01 2.383312e-01 3.723139e-01 3.724731e-01 1.627778e-01 1.627925e-01 1.633016e-01
51 2.029099e+00 2.029821e+00 2.052416e+00 5.527755e-01 5.526696e-01 5.527041e-01 4.472056e-01 6.128774e-01 6.127977e-01 1.613320e-01 1.613304e-01 1.613451e-01
52 1.678428e+00 1.678413e+00 1.674073e+00 6.083986e-01 6.082619e-01 6.077965e-01 3.916083e-01 5.487070e-01 5.497295e-01 1.637385e-01 1.637360e-01 1.645262e-01
53 2.818044e+00 2.820252e+00 2.810807e+00 4.672578e-01 4.671018e-01 4.660219e-01 5.327559e-01 7.027798e-01 7.051211e-01 1.445980e-01 1.445629e-01 1.462793e-01
54 2.291456e+00 2.292983e+00 2.289664e+00 5.379929e-01 5.378141e-01 5.380577e-01 4.620628e-01 6.235087e-01 6.232705e-01 1.532499e-01 1.532202e-01 1.532971e-01
55 6.208737e-01 6.212074e-01 6.180556e-01 7.852184e-01 7.851191e-01 7.853387e-01 2.147988e-01 3.372220e-01 3.371428e-01 1.471597e-01 1.471927e-01 1.472707e-01
56 6.381702e-02 6.384972e-02 6.389033e-02 9.694663e-01 9.694510e-01 9.694301e-01 3.053430e-02 5.861615e-02 5.865968e-02 4.999496e-02 5.001740e-02 5.006800e-02
57 1.147322e-02 1.148043e-02 1.141073e-02 9.943202e-01 9.943167e-01 9.943500e-01 5.680557e-03 1.125552e-02 1.119165e-02 1.081898e-02 1.082562e-02 1.077225e-02
58 5.463645e-03 5.466543e-03 5.451877e-03 9.972818e-01 9.972803e-01 9.972875e-01 2.718256e-03 5.412475e-03 5.398359e-03 5.303967e-03 5.306742e-03 5.293686e-03
59 2.423508e-03 2.424675e-03 2.421734e-03 9.987907e-01 9.987901e-01 9.987916e-01 1.209231e-03 2.414789e-03 2.412024e-03 2.394071e-03 2.395218e-03 2.392795e-03
60 7.454168e-04 7.459220e-04 7.392609e-04 9.996276e-01 9.996273e-01 9.996306e-01 3.724666e-04 7.448011e-04 7.381989e-04 7.420656e-04 7.425683e-04 7.360824e-04
61 2.690059e-04 2.691625e-04 2.680929e-04 9.998655e-01 9.998654e-01 9.998660e-01 1.344943e-04 2.690741e-04 2.680066e-04 2.687408e-04 2.688972e-04 2.678340e-04
62 4.413348e-04 4.415300e-04 4.407910e-04 9.997794e-01 9.997793e-01 9.997797e-01 2.206146e-04 4.413279e-04 4.405910e-04 4.407294e-04 4.409242e-04 4.401915e-04
63 1.740588e-03 1.741362e-03 1.761143e-03 9.991308e-01 9.991304e-01 9.991205e-01 8.691363e-04 1.737124e-03 1.756735e-03 1.727961e-03 1.728727e-03 1.747995e-03
64 6.583028e-03 6.585982e-03 6.550570e-03 9.967186e-01 9.967171e-01 9.967344e-01 3.281359e-03 6.545813e-03 6.511781e-03 6.463621e-03 6.466489e-03 6.435098e-03
65 2.871833e-02 2.873209e-02 2.869526e-02 9.858601e-01 9.858534e-01 9.858636e-01 1.413961e-02 2.787218e-02 2.786561e-02 2.627291e-02 2.628488e-02 2.632152e-02
66 1.087880e-01 1.088336e-01 1.092834e-01 9.488838e-01 9.488633e-01 9.486499e-01 5.111418e-02 9.656808e-02 9.697366e-02 7.766002e-02 7.768522e-02 7.802010e-02
67 1.558619e-01 1.559267e-01 1.555706e-01 9.272330e-01 9.272038e-01 9.273082e-01 7.276985e-02 1.365720e-01 1.364565e-01 1.065609e-01 1.065960e-01 1.066753e-01
68 3.441761e-01 3.442994e-01 3.440007e-01 8.537902e-01 8.537449e-01 8.538014e-01 1.461988e-01 2.552638e-01 2.552700e-01 1.541757e-01 1.541984e-01 1.544326e-01
69 9.154967e-01 9.159589e-01 9.178509e-01 6.985571e-01 6.984384e-01 6.980156e-01 3.014533e-01 4.638674e-01 4.645711e-01 1.808586e-01 1.808674e-01 1.814512e-01
70 1.376627e+00 1.377229e+00 1.387288e+00 6.245230e-01 6.244127e-01 6.235267e-01 3.754736e-01 5.470229e-01 5.483820e-01 1.784037e-01 1.783982e-01 1.789302e-01
71 1.784335e+00 1.785191e+00 1.785780e+00 5.618476e-01 5.617057e-01 5.611638e-01 4.381757e-01 6.060903e-01 6.070624e-01 1.603824e-01 1.603705e-01 1.612244e-01
72 1.642134e+00 1.642775e+00 1.641386e+00 5.635289e-01 5.634231e-01 5.627258e-01 4.364547e-01 6.232515e-01 6.247068e-01 1.783265e-01 1.783096e-01 1.795010e-01
73 1.525056e+00 1.525860e+00 1.527240e+00 6.018659e-01 6.017245e-01 6.013399e-01 3.981521e-01 5.587892e-01 5.594655e-01 1.576716e-01 1.576597e-01 1.583323e-01
74 9.647358e-02 9.661137e-02 9.533483e-02 9.581817e-01 9.581286e-01 9.583197e-01 4.184533e-02 7.643264e-02 7.605740e-02 5.805063e-02 5.809073e-02 5.784859e-02
75 1.482528e-02 1.483245e-02 1.480981e-02 9.926500e-01 9.926465e-01 9.926564e-01 7.350121e-03 1.458406e-02 1.456670e-02 1.409916e-02 1.410582e-02 1.409749e-02
76 9.392205e-03 9.396652e-03 9.389155e-03 9.953300e-01 9.953278e-01 9.953314e-01 4.670053e-03 9.292870e-03 9.286039e-03 9.086115e-03 9.090361e-03 9.084785e-03
77 1.819477e-03 1.820437e-03 1.811485e-03 9.990913e-01 9.990908e-01 9.990953e-01 9.087126e-04 1.816218e-03 1.807336e-03 1.806876e-03 1.807826e-03 1.799082e-03
78 4.125837e-04 4.128054e-04 4.109273e-04 9.997938e-01 9.997937e-01 9.997946e-01 2.062415e-04 4.125677e-04 4.107003e-04 4.118716e-04 4.120928e-04 4.102468e-04
79 4.520756e-04 4.522735e-04 4.514758e-04 9.997740e-01 9.997739e-01 9.997743e-01 2.259834e-04 4.520526e-04 4.512580e-04 4.514139e-04 4.516114e-04 4.508228e-04
80 1.277842e-03 1.278364e-03 1.275697e-03 9.993616e-01 9.993613e-01 9.993626e-01 6.384088e-04 1.276476e-03 1.273841e-03 1.272196e-03 1.272714e-03 1.270144e-03
81 2.873569e-03 2.874768e-03 2.877031e-03 9.985656e-01 9.985650e-01 9.985639e-01 1.434371e-03 2.865203e-03 2.867530e-03 2.845038e-03 2.846219e-03 2.848670e-03
82 3.868928e-03 3.870312e-03 3.867983e-03 9.980695e-01 9.980688e-01 9.980700e-01 1.930434e-03 3.854482e-03 3.852224e-03 3.821757e-03 3.823114e-03 3.820994e-03
83 6.930879e-03 6.934093e-03 6.917257e-03 9.965480e-01 9.965464e-01 9.965544e-01 3.452065e-03 6.880625e-03 6.865235e-03 6.772929e-03 6.776035e-03 6.763344e-03
84 2.582988e-02 2.583562e-02 2.586527e-02 9.872661e-01 9.872633e-01 9.872486e-01 1.273142e-02 2.512271e-02 2.515199e-02 2.377936e-02 2.378462e-02 2.381301e-02
85 7.768980e-02 7.772947e-02 7.801833e-02 9.632467e-01 9.632283e-01 9.631133e-01 3.675575e-02 6.989060e-02 7.007826e-02 5.772506e-02 5.775127e-02 5.783396e-02
86 9.586846e-02 9.590887e-02 9.558240e-02 9.555562e-01 9.555382e-01 9.556457e-01 4.444290e-02 8.307138e-02 8.293837e-02 6.457131e-02 6.459256e-02 6.467070e-02
87 1.298577e-01 1.299251e-01 1.300066e-01 9.415877e-01 9.415592e-01 9.414947e-01 5.841408e-02 1.064825e-01 1.066347e-01 7.552949e-02 7.555792e-02 7.574001e-02
88 1.546964e-01 1.547549e-01 1.547419e-01 9.298671e-01 9.298425e-01 9.298580e-01 7.012974e-02 1.285365e-01 1.284958e-01 9.251338e-02 9.253573e-02 9.248990e-02
89 5.390666e-02 5.394035e-02 5.394661e-02 9.739624e-01 9.739464e-01 9.739415e-01 2.604164e-02 5.040980e-02 5.042220e-02 4.430002e-02 4.432481e-02 4.434403e-02
90 5.340665e-03 5.343806e-03 5.330823e-03 9.973370e-01 9.973354e-01 9.973419e-01 2.663327e-03 5.314597e-03 5.301799e-03 5.253877e-03 5.256935e-03 5.244495e-03
91 1.259711e-03 1.260345e-03 1.263299e-03 9.993707e-01 9.993703e-01 9.993689e-01 6.293541e-04 1.258280e-03 1.261218e-03 1.253537e-03 1.254166e-03 1.257073e-03
92 7.524549e-04 7.528656e-04 7.505990e-04 9.996240e-01 9.996238e-01 9.996250e-01 3.759615e-04 7.517862e-04 7.495281e-04 7.492276e-04 7.496358e-04 7.473945e-04
93 2.385870e-04 2.387112e-04 2.378438e-04 9.998807e-01 9.998807e-01 9.998811e-01 1.192712e-04 2.386210e-04 2.377546e-04 2.383169e-04 2.384408e-04 2.375763e-04
94 7.374327e-05 7.377856e-05 7.391473e-05 9.999631e-01 9.999631e-01 9.999630e-01 3.687167e-05 7.377303e-05 7.390911e-05 7.372669e-05 7.376196e-05 7.389788e-05
95 3.999930e-05 4.002105e-05 4.000860e-05 9.999800e-01 9.999800e-01 9.999800e-01 1.999911e-05 4.001874e-05 4.000634e-05 3.999235e-05 4.001410e-05 4.000183e-05
96 1.010798e-04 1.011222e-04 1.011036e-04 9.999495e-01 9.999494e-01 9.999495e-01 5.053667e-05 1.011093e-04 1.010907e-04 1.010410e-04 1.010834e-04 1.010649e-04
97 1.385299e-04 1.385846e-04 1.384620e-04 9.999307e-01 9.999307e-01 9.999308e-01 6.925771e-05 1.385677e-04 1.384452e-04 1.384793e-04 1.385340e-04 1.384117e-04
98 4.044536e-04 4.046221e-04 4.045676e-04 9.997978e-01 9.997977e-01 9.997978e-01 2.021857e-04 4.044723e-04 4.044200e-04 4.040047e-04 4.041729e-04 4.041248e-04
99 1.422147e-03 1.422703e-03 1.424576e-03 9.992895e-01 9.992892e-01 9.992883e-01 7.105020e-04 1.420523e-03 1.422401e-03 1.415628e-03 1.416180e-03 1.418066e-03
100 4.958827e-03 4.960477e-03 4.960352e-03 9.975266e-01 9.975258e-01 9.975258e-01 2.473148e-03 4.936411e-03 4.936611e-03 4.887185e-03 4.888795e-03 4.889622e-03
101 1.106812e-02 1.107288e-02 1.107950e-02 9.944962e-01 9.944939e-01 9.944904e-01 5.503848e-03 1.095232e-02 1.095951e-02 1.071232e-02 1.071685e-02 1.072507e-02
102 2.100177e-02 2.100973e-02 2.084405e-02 9.896481e-01 9.896442e-01 9.897221e-01 1.035078e-02 2.042444e-02 2.027791e-02 1.932994e-02 1.933680e-02 1.922324e-02
103 5.183748e-02 5.186171e-02 5.200627e-02 9.748884e-01 9.748768e-01 9.748134e-01 2.511263e-02 4.875636e-02 4.886938e-02 4.341395e-02 4.343261e-02 4.350656e-02
104 5.846871e-02 5.848728e-02 5.852432e-02 9.718378e-01 9.718291e-01 9.718201e-01 2.815970e-02 5.436957e-02 5.437292e-02 4.735588e-02 4.736867e-02 4.733236e-02
105 5.074339e-02 5.076516e-02 5.084481e-02 9.755138e-01 9.755035e-01 9.754653e-01 2.448593e-02 4.735961e-02 4.743275e-02 4.152633e-02 4.154203e-02 4.160284e-02
106 8.246710e-02 8.250936e-02 8.256871e-02 9.605418e-01 9.605220e-01 9.604903e-01 3.946117e-02 7.571348e-02 7.578073e-02 6.428934e-02 6.431783e-02 6.439755e-02
107 6.647251e-03 6.650932e-03 6.652178e-03 9.966877e-01 9.966858e-01 9.966852e-01 3.312782e-03 6.605933e-03 6.607172e-03 6.513831e-03 6.517391e-03 6.518625e-03
108 8.483120e-03 8.486743e-03 8.492694e-03 9.957789e-01 9.957771e-01 9.957740e-01 4.221120e-03 8.405425e-03 8.411704e-03 8.242766e-03 8.246220e-03 8.253112e-03
109 4.866852e-03 4.869580e-03 4.894408e-03 9.975766e-01 9.975752e-01 9.975630e-01 2.423430e-03 4.829672e-03 4.853891e-03 4.749084e-03 4.751713e-03 4.774737e-03
110 9.690142e-03 9.694162e-03 9.695075e-03 9.951828e-01 9.951808e-01 9.951803e-01 4.817192e-03 9.583266e-03 9.584279e-03 9.362702e-03 9.366503e-03 9.367704e-03
111 1.170616e-03 1.171425e-03 1.174577e-03 9.994156e-01 9.994152e-01 9.994137e-01 5.844108e-04 1.167687e-03 1.170794e-03 1.159476e-03 1.160273e-03 1.163292e-03
112 1.254910e-04 1.255951e-04 1.250410e-04 9.999373e-01 9.999372e-01 9.999375e-01 6.276104e-05 1.255703e-04 1.250165e-04 1.254168e-04 1.255207e-04 1.249675e-04
113 4.658321e-05 4.660794e-05 4.657893e-05 9.999767e-01 9.999767e-01 9.999767e-01 2.329148e-05 4.660484e-05 4.657582e-05 4.657394e-05 4.659866e-05 4.656960e-05
114 3.248160e-05 3.249265e-05 3.249570e-05 9.999838e-01 9.999838e-01 9.999838e-01 1.623877e-05 3.249140e-05 3.249447e-05 3.247787e-05 3.248891e-05 3.249199e-05
115 1.021276e-04 1.021634e-04 1.021926e-04 9.999489e-01 9.999489e-01 9.999489e-01 5.105584e-05 1.021514e-04 1.021806e-04 1.020918e-04 1.021275e-04 1.021567e-04
116 2.395034e-04 2.396138e-04 2.385104e-04 9.998803e-01 9.998802e-01 9.998808e-01 1.197340e-04 2.395511e-04 2.384494e-04 2.393154e-04 2.394256e-04 2.383274e-04
117 8.893468e-04 8.897995e-04 8.886449e-04 9.995556e-01 9.995554e-01 9.995559e-01 4.443983e-04 8.886982e-04 8.875606e-04 8.860527e-04 8.865027e-04 8.853988e-04
118 2.610717e-03 2.612033e-03 2.609665e-03 9.986971e-01 9.986964e-01 9.986976e-01 1.302943e-03 2.602404e-03 2.600049e-03 2.582028e-03 2.583322e-03 2.580995e-03
