0 4.849139e+01 4.852510e+01 4.858625e+01 2.452157e-01 2.451594e-01 2.418983e-01 7.547366e-01 8.019237e-01 8.068939e-01 4.186898e-02 4.186248e-02 4.664372e-02
1 2.001109e+02 2.001656e+02 2.005482e+02 5.860889e-05 5.837500e-05 8.524160e-07 9.999414e-01 9.999998e-01 1.000000e+00 1.647518e-07 1.634983e-07 7.393743e-12
2 2.444599e+02 2.443809e+02 2.443323e+02 9.940740e-04 9.897449e-04 8.425035e-04 9.990061e-01 9.999872e-01 9.999933e-01 1.286259e-05 1.275765e-05 6.739680e-06
3 1.448056e+02 1.451814e+02 1.440020e+02 2.049258e-02 2.044529e-02 2.119646e-02 9.795128e-01 9.959506e-01 9.962019e-01 3.813372e-03 3.799935e-03 3.651354e-03
4 4.348075e+01 4.350863e+01 4.391060e+01 8.420471e-02 8.408282e-02 8.445182e-02 9.158030e-01 9.753522e-01 9.755267e-01 2.096238e-02 2.091870e-02 2.112915e-02
5 9.382217e+00 9.388837e+00 9.355306e+00 2.418873e-01 2.416800e-01 2.397745e-01 7.581567e-01 8.872179e-01 8.897668e-01 7.785645e-02 7.777986e-02 7.755922e-02
6 1.964892e+00 1.966009e+00 1.965324e+00 6.035416e-01 6.033733e-01 6.032714e-01 3.964998e-01 5.385755e-01 5.388667e-01 1.450212e-01 1.450142e-01 1.453543e-01
7 5.493201e-01 5.496784e-01 5.423243e-01 8.232739e-01 8.231750e-01 8.232455e-01 1.767407e-01 2.761974e-01 2.761218e-01 1.253508e-01 1.253850e-01 1.254460e-01
8 1.681768e-01 1.682938e-01 1.707932e-01 9.335778e-01 9.335329e-01 9.330661e-01 6.643024e-02 1.138274e-01 1.142823e-01 6.968372e-02 6.971875e-02 6.955306e-02
9 6.363976e-02 6.368350e-02 6.393887e-02 9.703051e-01 9.702844e-01 9.702249e-01 2.969857e-02 5.591607e-02 5.595621e-02 4.485436e-02 4.488361e-02 4.479491e-02
10 7.057347e-02 7.061521e-02 7.031965e-02 9.672421e-01 9.672232e-01 9.673085e-01 3.275905e-02 6.138488e-02 6.128785e-02 4.838328e-02 4.840784e-02 4.845265e-02
11 1.680667e-01 1.681512e-01 1.681421e-01 9.291150e-01 9.290833e-01 9.292520e-01 7.088160e-02 1.247260e-01 1.243893e-01 8.187165e-02 8.189638e-02 8.181253e-02
12 1.927000e+00 1.928046e+00 1.929192e+00 6.160839e-01 6.159632e-01 6.156622e-01 3.839112e-01 5.184017e-01 5.184803e-01 1.356454e-01 1.356446e-01 1.351885e-01
13 1.550191e+01 1.550990e+01 1.549840e+01 1.514878e-01 1.513788e-01 1.480528e-01 8.485011e-01 9.391170e-01 9.429171e-01 4.397751e-02 4.393984e-02 4.338207e-02
14 3.521091e+01 3.522696e+01 3.523006e+01 3.395884e-02 3.391366e-02 3.052068e-02 9.660434e-01 9.938565e-01 9.959139e-01 5.642933e-03 5.632349e-03 3.965486e-03
15 3.090913e+01 3.092781e+01 3.090983e+01 1.725967e-01 1.724754e-01 1.751557e-01 8.274263e-01 9.022190e-01 8.996205e-01 5.262810e-02 5.259434e-02 5.329931e-02
16 2.861574e+01 2.862834e+01 2.870968e+01 5.103152e-02 5.098953e-02 4.660100e-02 9.489517e-01 9.879999e-01 9.915299e-01 1.044910e-02 1.043838e-02 8.012610e-03
17 2.706205e+01 2.707668e+01 2.705454e+01 4.651245e-02 4.644255e-02 4.531639e-02 9.535060e-01 9.904551e-01 9.913967e-01 8.763048e-03 8.743644e-03 8.087429e-03
18 8.315691e+00 8.320454e+00 8.310451e+00 3.217457e-01 3.215805e-01 3.213355e-01 6.782729e-01 8.090294e-01 8.095273e-01 1.005258e-01 1.004833e-01 1.007110e-01
19 3.085951e+00 3.087542e+00 3.039283e+00 6.121389e-01 6.119970e-01 6.120571e-01 3.878489e-01 5.235708e-01 5.235686e-01 1.454328e-01 1.454502e-01 1.457678e-01
20 8.249500e-01 8.259995e-01 8.080752e-01 8.069640e-01 8.068191e-01 8.070711e-01 1.930904e-01 2.876147e-01 2.875706e-01 1.238900e-01 1.239290e-01 1.242529e-01
21 2.061379e-01 2.062764e-01 2.041457e-01 9.234664e-01 9.234165e-01 9.232963e-01 7.653659e-02 1.310105e-01 1.309636e-01 8.367893e-02 8.371754e-02 8.354923e-02
22 7.313271e-02 7.317990e-02 7.310911e-02 9.651335e-01 9.651110e-01 9.650886e-01 3.487056e-02 6.683148e-02 6.692491e-02 5.693930e-02 5.697286e-02 5.710269e-02
23 1.689896e-02 1.691059e-02 1.693916e-02 9.916875e-01 9.916818e-01 9.916673e-01 8.313071e-03 1.637518e-02 1.640388e-02 1.538952e-02 1.539979e-02 1.542568e-02
24 2.817073e-03 2.818911e-03 2.838578e-03 9.986299e-01 9.986290e-01 9.986109e-01 1.369903e-03 2.672049e-03 2.721447e-03 2.426500e-03 2.428129e-03 2.512958e-03
25 2.042686e-03 2.044674e-03 2.068157e-03 9.989967e-01 9.989957e-01 9.989805e-01 1.003560e-03 1.974719e-03 2.011029e-03 1.848801e-03 1.850674e-03 1.905335e-03
26 4.398888e-04 4.401004e-04 4.408794e-04 9.997801e-01 9.997800e-01 9.997796e-01 2.198828e-04 4.398428e-04 4.406177e-04 4.391172e-04 4.393283e-04 4.400952e-04
27 1.864116e-03 1.865224e-03 1.835782e-03 9.990705e-01 9.990700e-01 9.990842e-01 9.294117e-04 1.854986e-03 1.827267e-03 1.833828e-03 1.834915e-03 1.810459e-03
28 2.091146e-02 2.092388e-02 2.084572e-02 9.897674e-01 9.897614e-01 9.897901e-01 1.023208e-02 2.006052e-02 2.001950e-02 1.853787e-02 1.854822e-02 1.855354e-02
29 2.117242e-01 2.118166e-01 2.130007e-01 9.075835e-01 9.075465e-01 9.072931e-01 9.241305e-02 1.651005e-01 1.653482e-01 1.096238e-01 1.096514e-01 1.096026e-01
30 3.188241e-01 3.189629e-01 3.203406e-01 8.637811e-01 8.637287e-01 8.633566e-01 1.362165e-01 2.379576e-01 2.384039e-01 1.421147e-01 1.421427e-01 1.421044e-01
31 2.110555e-01 2.111537e-01 2.109002e-01 9.053579e-01 9.053164e-01 9.053726e-01 9.464384e-02 1.718848e-01 1.718610e-01 1.193645e-01 1.194014e-01 1.195801e-01
32 5.558528e-01 5.560883e-01 5.549911e-01 7.839966e-01 7.839192e-01 7.836175e-01 2.160023e-01 3.568009e-01 3.574335e-01 1.774415e-01 1.774640e-01 1.778105e-01
33 1.283284e+00 1.283856e+00 1.281255e+00 6.180831e-01 6.179594e-01 6.179945e-01 3.819314e-01 5.576176e-01 5.577638e-01 1.778257e-01 1.778199e-01 1.780541e-01
34 6.289084e+00 6.291804e+00 6.308460e+00 2.829062e-01 2.828058e-01 2.819976e-01 7.170656e-01 8.537909e-01 8.554802e-01 8.902550e-02 8.899160e-02 8.975500e-02
35 2.206143e+01 2.207126e+01 2.210203e+01 8.675118e-02 8.666944e-02 8.394269e-02 9.132505e-01 9.739456e-01 9.766766e-01 2.174428e-02 2.171636e-02 2.033479e-02
36 2.188010e+01 2.189145e+01 2.186450e+01 7.290014e-02 7.282872e-02 7.048253e-02 9.271030e-01 9.803522e-01 9.825402e-01 1.709325e-02 1.706978e-02 1.574936e-02
37 2.346906e+01 2.348189e+01 2.355903e+01 1.160219e-01 1.159232e-01 1.158010e-01 8.839809e-01 9.516205e-01 9.530652e-01 3.382643e-02 3.379394e-02 3.468438e-02
38 2.822091e+01 2.823347e+01 2.817619e+01 4.821681e-02 4.816458e-02 4.302956e-02 9.517850e-01 9.888450e-01 9.922935e-01 9.923314e-03 9.908158e-03 7.325178e-03
39 5.540985e+00 5.545971e+00 5.564566e+00 3.581282e-01 3.579330e-01 3.555952e-01 6.419140e-01 7.845974e-01 7.884945e-01 1.076075e-01 1.075561e-01 1.092047e-01
40 3.011537e-01 3.013148e-01 2.998357e-01 8.772449e-01 8.771873e-01 8.775465e-01 1.227605e-01 2.093085e-01 2.088989e-01 1.189267e-01 1.189555e-01 1.190080e-01
41 8.772603e-02 8.780644e-02 8.841990e-02 9.589461e-01 9.589111e-01 9.586732e-01 4.106958e-02 7.734785e-02 7.772164e-02 6.160237e-02 6.163909e-02 6.174494e-02
42 2.852980e-02 2.854569e-02 2.840829e-02 9.861232e-01 9.861155e-01 9.861735e-01 1.387694e-02 2.704427e-02 2.694578e-02 2.440607e-02 2.441865e-02 2.437181e-02
43 6.136551e-03 6.139859e-03 6.151055e-03 9.969483e-01 9.969467e-01 9.969411e-01 3.051702e-03 6.073946e-03 6.085075e-03 5.942574e-03 5.945737e-03 5.956707e-03
44 2.366874e-03 2.368246e-03 2.358374e-03 9.988190e-01 9.988183e-01 9.988232e-01 1.181024e-03 2.358442e-03 2.348973e-03 2.337711e-03 2.339061e-03 2.330371e-03
45 1.713474e-03 1.714247e-03 1.708077e-03 9.991442e-01 9.991438e-01 9.991469e-01 8.557655e-04 1.710391e-03 1.704290e-03 1.701957e-03 1.702721e-03 1.696755e-03
46 1.292542e-03 1.293055e-03 1.291630e-03 9.993542e-01 9.993539e-01 9.993546e-01 6.458002e-04 1.291272e-03 1.289851e-03 1.287208e-03 1.287718e-03 1.286303e-03
47 3.528356e-03 3.529755e-03 3.531089e-03 9.982396e-01 9.982389e-01 9.982382e-01 1.760333e-03 3.514660e-03 3.516029e-03 3.483388e-03 3.484758e-03 3.486193e-03
48 1.147776e-02 1.148324e-02 1.151048e-02 9.943072e-01 9.943045e-01 9.942911e-01 5.692744e-03 1.130051e-02 1.132689e-02 1.094308e-02 1.094815e-02 1.097291e-02
49 6.459284e-02 6.463089e-02 6.395914e-02 9.693273e-01 9.693096e-01 9.694948e-01 3.067229e-02 5.865989e-02 5.844971e-02 4.984146e-02 4.986730e-02 4.992374e-02
50 6.666557e-01 6.670013e-01 6.716917e-01 7.843455e-01 7.842573e-01 7.840405e-01 2.156467e-01 3.403815e-01 3.408003e-01 1.548281e-01 1.548457e-01 1.552567e-01
51 2.273204e+00 2.274006e+00 2.297038e+00 5.262946e-01 5.261829e-01 5.253819e-01 4.736849e-01 6.410647e-01 6.424659e-01 1.588749e-01 1.588679e-01 1.595358e-01
52 2.086143e+00 2.086172e+00 2.079713e+00 5.657724e-01 5.656340e-01 5.646283e-01 4.342348e-01 5.920407e-01 5.938358e-01 1.577988e-01 1.577896e-01 1.585430e-01
53 3.334865e+00 3.337401e+00 3.327098e+00 4.316707e-01 4.315226e-01 4.304252e-01 5.683400e-01 7.322471e-01 7.341191e-01 1.347126e-01 1.346773e-01 1.357705e-01
54 2.576258e+00 2.578031e+00 2.586280e+00 5.109818e-01 5.108031e-01 5.105816e-01 4.890722e-01 6.506024e-01 6.508044e-01 1.483273e-01 1.482938e-01 1.482502e-01
55 5.641777e-01 5.644897e-01 5.632057e-01 8.017442e-01 8.016497e-01 8.019519e-01 1.982715e-01 3.140310e-01 3.137092e-01 1.418332e-01 1.418685e-01 1.421009e-01
56 4.898510e-02 4.900918e-02 4.912051e-02 9.762970e-01 9.762856e-01 9.762346e-01 2.370339e-02 4.596023e-02 4.605372e-02 4.065187e-02 4.066979e-02 4.073429e-02
57 1.075153e-02 1.075825e-02 1.077602e-02 9.946773e-01 9.946740e-01 9.946653e-01 5.323417e-03 1.054799e-02 1.056509e-02 1.013926e-02 1.014544e-02 1.016125e-02
58 4.925442e-03 4.928121e-03 4.915396e-03 9.975488e-01 9.975475e-01 9.975537e-01 2.451220e-03 4.882259e-03 4.869978e-03 4.789877e-03 4.792446e-03 4.781017e-03
59 1.946360e-03 1.947321e-03 1.943369e-03 9.990284e-01 9.990279e-01 9.990299e-01 9.715834e-04 1.941042e-03 1.937191e-03 1.927637e-03 1.928585e-03 1.924931e-03
60 5.324369e-04 5.327846e-04 5.303836e-04 9.997339e-01 9.997337e-01 9.997349e-01 2.661017e-04 5.322335e-04 5.298522e-04 5.307878e-04 5.311344e-04 5.287921e-04
61 1.826282e-04 1.827299e-04 1.832599e-04 9.999087e-01 9.999086e-01 9.999084e-01 9.131262e-05 1.826915e-04 1.832211e-04 1.825131e-04 1.826148e-04 1.831435e-04
62 3.129726e-04 3.131025e-04 3.129970e-04 9.998435e-01 9.998435e-01 9.998435e-01 1.564597e-04 3.130024e-04 3.128970e-04 3.126728e-04 3.128025e-04 3.126972e-04
63 1.190471e-03 1.190959e-03 1.198824e-03 9.994052e-01 9.994050e-01 9.994011e-01 5.947101e-04 1.189139e-03 1.196959e-03 1.185034e-03 1.185518e-03 1.193247e-03
64 4.879298e-03 4.881375e-03 4.854481e-03 9.975660e-01 9.975649e-01 9.975782e-01 2.433949e-03 4.858940e-03 4.832690e-03 4.812456e-03 4.814484e-03 4.789484e-03
65 2.382043e-02 2.383197e-02 2.386433e-02 9.882445e-01 9.882389e-01 9.882194e-01 1.175528e-02 2.322351e-02 2.326786e-02 2.207802e-02 2.208825e-02 2.214830e-02
66 1.080661e-01 1.081130e-01 1.083560e-01 9.494224e-01 9.494015e-01 9.492690e-01 5.057516e-02 9.524504e-02 9.551880e-02 7.577817e-02 7.580276e-02 7.607552e-02
67 1.619677e-01 1.620384e-01 1.616087e-01 9.249551e-01 9.249237e-01 9.250629e-01 7.504805e-02 1.399796e-01 1.397958e-01 1.069259e-01 1.069618e-01 1.069756e-01
68 3.338978e-01 3.340175e-01 3.335293e-01 8.580346e-01 8.579909e-01 8.579883e-01 1.419532e-01 2.480253e-01 2.481992e-01 1.504569e-01 1.504793e-01 1.507863e-01
69 9.275709e-01 9.280348e-01 9.306601e-01 6.932062e-01 6.930880e-01 6.927077e-01 3.068040e-01 4.713955e-01 4.720296e-01 1.809632e-01 1.809694e-01 1.815424e-01
70 1.570896e+00 1.571575e+00 1.581643e+00 5.962411e-01 5.961307e-01 5.954181e-01 4.037510e-01 5.762630e-01 5.774099e-01 1.730841e-01 1.730758e-01 1.735214e-01
71 2.133824e+00 2.134841e+00 2.139054e+00 5.193676e-01 5.192226e-01 5.184923e-01 4.806563e-01 6.480053e-01 6.492556e-01 1.527931e-01 1.527735e-01 1.536146e-01
72 2.027935e+00 2.028719e+00 2.030767e+00 5.106904e-01 5.105818e-01 5.094951e-01 4.892905e-01 6.760599e-01 6.777565e-01 1.653579e-01 1.653349e-01 1.664020e-01
73 1.617719e+00 1.618634e+00 1.619223e+00 5.936702e-01 5.935193e-01 5.927835e-01 4.063533e-01 5.649179e-01 5.661797e-01 1.531698e-01 1.531531e-01 1.539595e-01
74 7.412453e-02 7.422855e-02 7.355590e-02 9.654152e-01 9.653730e-01 9.655871e-01 3.460798e-02 6.529843e-02 6.500388e-02 5.322010e-02 5.325569e-02 5.322135e-02
75 1.591992e-02 1.592731e-02 1.589674e-02 9.921102e-01 9.921065e-01 9.921210e-01 7.889937e-03 1.564916e-02 1.562182e-02 1.510661e-02 1.511343e-02 1.509187e-02
76 8.990662e-03 8.994969e-03 9.004012e-03 9.955298e-01 9.955277e-01 9.955232e-01 4.470220e-03 8.894936e-03 8.903711e-03 8.695790e-03 8.699893e-03 8.708145e-03
77 1.443977e-03 1.444746e-03 1.450672e-03 9.992787e-01 9.992783e-01 9.992754e-01 7.213204e-04 1.441980e-03 1.447861e-03 1.435709e-03 1.436472e-03 1.442263e-03
78 3.293380e-04 3.295109e-04 3.294277e-04 9.998354e-01 9.998353e-01 9.998353e-01 1.646400e-04 3.293527e-04 3.292696e-04 3.288642e-04 3.290367e-04 3.289540e-04
79 3.564818e-04 3.566485e-04 3.552715e-04 9.998218e-01 9.998217e-01 9.998224e-01 1.782049e-04 3.564985e-04 3.551243e-04 3.560326e-04 3.561990e-04 3.548302e-04
80 1.218482e-03 1.218967e-03 1.221847e-03 9.993912e-01 9.993910e-01 9.993895e-01 6.087465e-04 1.217171e-03 1.220030e-03 1.213108e-03 1.213590e-03 1.216408e-03
81 3.049159e-03 3.050444e-03 3.038383e-03 9.984782e-01 9.984775e-01 9.984835e-01 1.521792e-03 3.039388e-03 3.027570e-03 3.016199e-03 3.017463e-03 3.006120e-03
82 4.243672e-03 4.245266e-03 4.243639e-03 9.978832e-01 9.978824e-01 9.978832e-01 2.116730e-03 4.225067e-03 4.223550e-03 4.183552e-03 4.185109e-03 4.183808e-03
83 6.621850e-03 6.624822e-03 6.630852e-03 9.967018e-01 9.967003e-01 9.966974e-01 3.298248e-03 6.574156e-03 6.579924e-03 6.472204e-03 6.475072e-03 6.480378e-03
84 2.249882e-02 2.250344e-02 2.248004e-02 9.888872e-01 9.888849e-01 9.888952e-01 1.111044e-02 2.196454e-02 2.194631e-02 2.094016e-02 2.094449e-02 2.093494e-02
85 8.024003e-02 8.028176e-02 8.021818e-02 9.621436e-01 9.621244e-01 9.621594e-01 3.785863e-02 7.182632e-02 7.175371e-02 5.886940e-02 5.889614e-02 5.882614e-02
86 1.142498e-01 1.142979e-01 1.139903e-01 9.477004e-01 9.476796e-01 9.477781e-01 5.229841e-02 9.674583e-02 9.662468e-02 7.249808e-02 7.252020e-02 7.257773e-02
87 1.510276e-01 1.511064e-01 1.520703e-01 9.333120e-01 9.332798e-01 9.329181e-01 6.669010e-02 1.198777e-01 1.204488e-01 8.116788e-02 8.119710e-02 8.143172e-02
88 1.832065e-01 1.832785e-01 1.830821e-01 9.181097e-01 9.180801e-01 9.181324e-01 8.188773e-02 1.483697e-01 1.483226e-01 1.023852e-01 1.024091e-01 1.024897e-01
89 5.208872e-02 5.212099e-02 5.209335e-02 9.748332e-01 9.748179e-01 9.748261e-01 2.517042e-02 4.873713e-02 4.872955e-02 4.287836e-02 4.290214e-02 4.291999e-02
90 4.857992e-03 4.860822e-03 4.871225e-03 9.975767e-01 9.975753e-01 9.975701e-01 2.423645e-03 4.838147e-03 4.848297e-03 4.790490e-03 4.793254e-03 4.802909e-03
91 1.342319e-03 1.343010e-03 1.347118e-03 9.993295e-01 9.993291e-01 9.993271e-01 6.705487e-04 1.340512e-03 1.344586e-03 1.334853e-03 1.335538e-03 1.339546e-03
92 7.451378e-04 7.455449e-04 7.450807e-04 9.996277e-01 9.996275e-01 9.996277e-01 3.722857e-04 7.443977e-04 7.439340e-04 7.417083e-04 7.421128e-04 7.416504e-04
93 1.983953e-04 1.985037e-04 1.975895e-04 9.999008e-01 9.999008e-01 9.999012e-01 9.918178e-05 1.984380e-04 1.975256e-04 1.981986e-04 1.983068e-04 1.973979e-04
94 5.646717e-05 5.649287e-05 5.669986e-05 9.999718e-01 9.999718e-01 9.999717e-01 2.823365e-05 5.648970e-05 5.669664e-05 5.645766e-05 5.648335e-05 5.669019e-05
95 3.574520e-05 3.576491e-05 3.580447e-05 9.999821e-01 9.999821e-01 9.999821e-01 1.787204e-05 3.576279e-05 3.580235e-05 3.573882e-05 3.575853e-05 3.579812e-05
96 1.049210e-04 1.049645e-04 1.047993e-04 9.999475e-01 9.999475e-01 9.999476e-01 5.245674e-05 1.049493e-04 1.047843e-04 1.048757e-04 1.049191e-04 1.047543e-04
97 1.252235e-04 1.252702e-04 1.254410e-04 9.999374e-01 9.999374e-01 9.999373e-01 6.260475e-05 1.252550e-04 1.254258e-04 1.251780e-04 1.252247e-04 1.253955e-04
98 3.485920e-04 3.487376e-04 3.487719e-04 9.998257e-01 9.998257e-01 9.998256e-01 1.742656e-04 3.486233e-04 3.486579e-04 3.482493e-04 3.483947e-04 3.484301e-04
99 1.142166e-03 1.142627e-03 1.144015e-03 9.994293e-01 9.994291e-01 9.994284e-01 5.706916e-04 1.141150e-03 1.142548e-03 1.137746e-03 1.138205e-03 1.139622e-03
100 4.618204e-03 4.619769e-03 4.620414e-03 9.976967e-01 9.976959e-01 9.976955e-01 2.303107e-03 4.596788e-03 4.597679e-03 4.549826e-03 4.551351e-03 4.552716e-03
101 1.112267e-02 1.112732e-02 1.112894e-02 9.944688e-01 9.944665e-01 9.944656e-01 5.531323e-03 1.100738e-02 1.100937e-02 1.076829e-02 1.077270e-02 1.077535e-02
102 2.097237e-02 2.097987e-02 2.105914e-02 9.896555e-01 9.896519e-01 9.896126e-01 1.034321e-02 2.042225e-02 2.049995e-02 1.937313e-02 1.937961e-02 1.945349e-02
103 5.713452e-02 5.716161e-02 5.713035e-02 9.724148e-01 9.724019e-01 9.724122e-01 2.758631e-02 5.339987e-02 5.338869e-02 4.703691e-02 4.705705e-02 4.707531e-02
104 6.853998e-02 6.856187e-02 6.867747e-02 9.671806e-01 9.671705e-01 9.671243e-01 3.281655e-02 6.302093e-02 6.309518e-02 5.378595e-02 5.379996e-02 5.382316e-02
105 6.278065e-02 6.280661e-02 6.304028e-02 9.699712e-01 9.699592e-01 9.698503e-01 3.002805e-02 5.761342e-02 5.781731e-02 4.900649e-02 4.902375e-02 4.918281e-02
106 9.225502e-02 9.230504e-02 9.235743e-02 9.561783e-01 9.561552e-01 9.561248e-01 4.382558e-02 8.354292e-02 8.361042e-02 6.923275e-02 6.926424e-02 6.935061e-02
107 6.976566e-03 6.980335e-03 6.967435e-03 9.965243e-01 9.965224e-01 9.965288e-01 3.476114e-03 6.930238e-03 6.917770e-03 6.828162e-03 6.831800e-03 6.820179e-03
108 9.935473e-03 9.939619e-03 9.942021e-03 9.950601e-01 9.950580e-01 9.950567e-01 4.939909e-03 9.829015e-03 9.831960e-03 9.609203e-03 9.613118e-03 9.617086e-03
109 6.018529e-03 6.021876e-03 6.036842e-03 9.970060e-01 9.970043e-01 9.969969e-01 2.994085e-03 5.961369e-03 5.975861e-03 5.840471e-03 5.843665e-03 5.857224e-03
110 1.112433e-02 1.112887e-02 1.112353e-02 9.944746e-01 9.944723e-01 9.944749e-01 5.525432e-03 1.098282e-02 1.097766e-02 1.069408e-02 1.069833e-02 1.069352e-02
111 1.085323e-03 1.086055e-03 1.085721e-03 9.994581e-01 9.994578e-01 9.994579e-01 5.418972e-04 1.082852e-03 1.082496e-03 1.075773e-03 1.076496e-03 1.076099e-03
112 1.331230e-04 1.332309e-04 1.334479e-04 9.999334e-01 9.999334e-01 9.999333e-01 6.657707e-05 1.332040e-04 1.334209e-04 1.330424e-04 1.331502e-04 1.333668e-04
113 4.316569e-05 4.318845e-05 4.337363e-05 9.999784e-01 9.999784e-01 9.999783e-01 2.158288e-05 4.318581e-05 4.337094e-05 4.315778e-05 4.318054e-05 4.336557e-05
114 2.940553e-05 2.941516e-05 2.940568e-05 9.999853e-01 9.999853e-01 9.999853e-01 1.470072e-05 2.941411e-05 2.940464e-05 2.940240e-05 2.941203e-05 2.940257e-05
115 1.054077e-04 1.054455e-04 1.056320e-04 9.999473e-01 9.999473e-01 9.999472e-01 5.269549e-05 1.054327e-04 1.056191e-04 1.053693e-04 1.054071e-04 1.055934e-04
116 2.218633e-04 2.219575e-04 2.219833e-04 9.998891e-01 9.998890e-01 9.998890e-01 1.109188e-04 2.219088e-04 2.219350e-04 2.217173e-04 2.218114e-04 2.218384e-04
117 7.894694e-04 7.898580e-04 7.876958e-04 9.996055e-01 9.996053e-01 9.996064e-01 3.945184e-04 7.889958e-04 7.868416e-04 7.868897e-04 7.872763e-04 7.851380e-04
118 2.723275e-03 2.724663e-03 2.731380e-03 9.986410e-01 9.986403e-01 9.986370e-01 1.358958e-03 2.713992e-03 2.720561e-03 2.691504e-03 2.692866e-03 2.699144e-03
