0 1.866117e+01 1.867464e+01 1.867903e+01 3.445800e-01 3.445016e-01 3.419220e-01 6.553748e-01 7.146575e-01 7.189724e-01 5.193693e-02 5.192879e-02 5.172932e-02
1 1.005978e+02 1.006356e+02 1.005168e+02 2.032232e-03 2.027918e-03 3.182479e-04 9.979679e-01 9.998635e-01 9.999990e-01 1.359482e-04 1.354581e-04 9.537224e-07
2 1.482321e+02 1.481597e+02 1.479811e+02 3.655311e-03 3.643801e-03 3.281768e-03 9.963456e-01 9.998139e-01 9.998962e-01 1.863670e-04 1.853135e-04 1.036946e-04
3 1.202705e+02 1.205334e+02 1.209758e+02 2.080984e-02 2.076354e-02 1.630886e-02 9.791949e-01 9.953323e-01 9.980211e-01 4.109542e-03 4.097700e-03 1.940242e-03
4 6.182725e+01 6.186709e+01 6.177157e+01 3.490030e-02 3.482735e-02 3.354682e-02 9.651057e-01 9.940187e-01 9.949065e-01 5.662589e-03 5.643704e-03 4.919112e-03
5 2.216338e+01 2.217978e+01 2.217054e+01 9.821160e-02 9.806946e-02 9.613560e-02 9.018059e-01 9.716541e-01 9.739355e-01 2.384733e-02 2.380066e-02 2.294411e-02
6 5.015243e+00 5.018580e+00 4.959220e+00 3.740046e-01 3.737724e-01 3.732066e-01 6.260540e-01 7.746287e-01 7.757266e-01 1.146590e-01 1.145938e-01 1.155423e-01
7 1.268418e+00 1.269189e+00 1.262438e+00 6.866579e-01 6.865119e-01 6.865495e-01 3.133624e-01 4.520727e-01 4.520689e-01 1.549800e-01 1.549963e-01 1.550565e-01
8 5.764762e-01 5.768723e-01 5.735824e-01 8.327785e-01 8.326741e-01 8.327047e-01 1.672472e-01 2.568358e-01 2.569491e-01 1.118739e-01 1.119029e-01 1.119862e-01
9 2.765892e-01 2.768019e-01 2.749776e-01 9.000952e-01 9.000166e-01 8.996141e-01 9.992240e-02 1.670866e-01 1.675795e-01 9.697948e-02 9.702725e-02 9.718206e-02
10 1.890441e-01 1.891679e-01 1.903784e-01 9.203745e-01 9.203226e-01 9.199971e-01 7.963620e-02 1.400177e-01 1.403723e-01 9.074988e-02 9.079593e-02 9.072195e-02
11 4.572413e-01 4.574496e-01 4.570844e-01 8.252041e-01 8.251368e-01 8.252443e-01 1.747926e-01 2.871400e-01 2.869429e-01 1.449533e-01 1.449750e-01 1.448176e-01
12 3.971107e+00 3.973315e+00 3.992160e+00 4.377156e-01 4.375541e-01 4.370417e-01 5.622966e-01 7.110216e-01 7.117702e-01 1.287577e-01 1.287269e-01 1.294468e-01
13 1.491560e+01 1.492303e+01 1.491471e+01 1.141206e-01 1.140270e-01 1.116992e-01 8.858745e-01 9.603283e-01 9.632118e-01 3.080314e-02 3.077214e-02 3.004714e-02
14 2.489634e+01 2.490706e+01 2.488143e+01 4.307377e-02 4.302426e-02 4.103303e-02 9.569313e-01 9.919853e-01 9.932364e-01 7.509817e-03 7.496705e-03 6.476590e-03
15 1.774948e+01 1.776025e+01 1.781598e+01 2.348523e-01 2.347014e-01 2.340493e-01 7.651844e-01 8.605038e-01 8.615341e-01 7.266898e-02 7.262726e-02 7.365892e-02
16 1.435155e+01 1.435777e+01 1.441066e+01 1.275686e-01 1.274882e-01 1.241696e-01 8.724097e-01 9.491766e-01 9.544810e-01 3.440486e-02 3.438188e-02 3.480540e-02
17 1.756062e+01 1.757062e+01 1.754626e+01 8.053147e-02 8.043810e-02 7.908288e-02 9.194851e-01 9.805110e-01 9.818058e-01 1.755434e-02 1.752493e-02 1.672124e-02
18 7.524251e+00 7.528675e+00 7.494723e+00 3.096740e-01 3.094879e-01 3.094831e-01 6.903594e-01 8.268317e-01 8.272296e-01 9.838347e-02 9.832584e-02 9.914688e-02
19 2.735281e+00 2.736669e+00 2.708794e+00 5.650379e-01 5.648826e-01 5.650930e-01 4.349614e-01 5.861320e-01 5.862247e-01 1.502013e-01 1.501998e-01 1.506314e-01
20 9.633600e-01 9.643380e-01 9.555009e-01 7.669276e-01 7.667621e-01 7.666119e-01 2.331293e-01 3.509845e-01 3.510051e-01 1.500347e-01 1.500713e-01 1.501036e-01
21 3.437955e-01 3.440190e-01 3.361640e-01 8.804166e-01 8.803419e-01 8.806413e-01 1.195880e-01 2.001347e-01 1.999144e-01 1.175168e-01 1.175606e-01 1.177087e-01
22 1.844463e-01 1.845555e-01 1.842813e-01 9.169024e-01 9.168529e-01 9.167472e-01 8.310731e-02 1.524906e-01 1.527145e-01 1.115915e-01 1.116428e-01 1.116634e-01
23 7.086535e-02 7.091172e-02 7.063496e-02 9.663573e-01 9.663355e-01 9.664155e-01 3.364482e-02 6.419636e-02 6.410449e-02 5.366987e-02 5.370195e-02 5.373225e-02
24 2.024698e-02 2.026055e-02 1.970236e-02 9.924997e-01 9.924945e-01 9.921896e-01 7.499801e-03 1.270041e-02 1.318995e-02 8.461735e-03 8.465795e-03 8.111458e-03
25 1.204833e-02 1.206167e-02 1.182925e-02 9.948060e-01 9.947998e-01 9.946958e-01 5.196350e-03 9.337360e-03 9.672007e-03 6.808566e-03 6.817448e-03 7.063728e-03
26 1.669242e-03 1.670057e-03 1.670402e-03 9.991663e-01 9.991659e-01 9.991657e-01 8.336509e-04 1.666335e-03 1.666835e-03 1.658137e-03 1.658944e-03 1.659744e-03
27 7.386688e-03 7.391219e-03 7.421604e-03 9.963434e-01 9.963412e-01 9.963239e-01 3.656255e-03 7.246744e-03 7.284636e-03 6.974350e-03 6.978617e-03 7.026275e-03
28 5.092262e-02 5.094903e-02 5.084136e-02 9.753683e-01 9.753557e-01 9.753949e-01 2.463052e-02 4.777342e-02 4.771414e-02 4.240348e-02 4.242357e-02 4.240448e-02
29 2.207774e-01 2.208690e-01 2.212752e-01 9.015862e-01 9.015469e-01 9.014384e-01 9.841422e-02 1.783154e-01 1.784574e-01 1.237187e-01 1.237552e-01 1.238239e-01
30 2.610325e-01 2.611497e-01 2.610005e-01 8.841249e-01 8.840759e-01 8.840190e-01 1.158747e-01 2.086193e-01 2.088254e-01 1.394972e-01 1.395356e-01 1.397891e-01
31 2.794484e-01 2.796011e-01 2.788852e-01 8.805596e-01 8.804956e-01 8.803788e-01 1.194477e-01 2.113805e-01 2.117846e-01 1.373606e-01 1.374078e-01 1.378625e-01
32 7.428130e-01 7.431206e-01 7.443522e-01 7.330426e-01 7.329490e-01 7.327685e-01 2.669579e-01 4.255456e-01 4.256366e-01 1.890868e-01 1.891025e-01 1.890183e-01
33 2.160414e+00 2.161475e+00 2.167010e+00 4.929524e-01 4.927888e-01 4.924344e-01 5.070732e-01 6.866164e-01 6.873465e-01 1.565964e-01 1.565620e-01 1.571661e-01
34 7.950144e+00 7.953768e+00 7.935108e+00 2.403815e-01 2.402787e-01 2.389561e-01 7.595982e-01 8.860701e-01 8.884039e-01 7.688989e-02 7.685275e-02 7.701349e-02
35 1.572279e+01 1.572993e+01 1.574185e+01 1.298543e-01 1.297492e-01 1.278017e-01 8.701501e-01 9.547592e-01 9.565564e-01 3.584213e-02 3.580349e-02 3.507771e-02
36 1.388236e+01 1.388946e+01 1.382378e+01 1.179438e-01 1.178456e-01 1.165376e-01 8.820653e-01 9.577891e-01 9.599145e-01 3.201531e-02 3.198303e-02 3.173591e-02
37 1.177267e+01 1.177926e+01 1.184098e+01 2.085165e-01 2.083694e-01 2.051019e-01 7.914914e-01 9.009601e-01 9.061452e-01 6.447956e-02 6.442948e-02 6.532597e-02
38 1.655309e+01 1.655979e+01 1.656166e+01 9.464169e-02 9.455811e-02 9.155842e-02 9.053649e-01 9.728497e-01 9.757531e-01 2.307417e-02 2.304577e-02 2.155761e-02
39 6.198441e+00 6.203338e+00 6.167026e+00 3.079145e-01 3.077239e-01 3.067237e-01 6.921231e-01 8.298639e-01 8.318021e-01 9.409426e-02 9.403695e-02 9.554889e-02
40 5.412468e-01 5.416116e-01 5.411154e-01 8.049876e-01 8.048763e-01 8.045008e-01 1.950351e-01 3.129488e-01 3.133499e-01 1.446290e-01 1.446525e-01 1.446802e-01
41 9.665710e-02 9.673714e-02 9.653497e-02 9.547524e-01 9.547169e-01 9.547778e-01 4.526132e-02 8.527876e-02 8.521002e-02 6.803749e-02 6.807767e-02 6.812827e-02
42 4.516618e-02 4.519190e-02 4.542320e-02 9.782342e-01 9.782220e-01 9.781249e-01 2.176610e-02 4.206424e-02 4.222845e-02 3.679618e-02 3.681538e-02 3.689251e-02
43 1.534689e-02 1.535316e-02 1.538583e-02 9.924038e-01 9.924007e-01 9.923847e-01 7.595791e-03 1.504731e-02 1.507862e-02 1.445632e-02 1.446212e-02 1.449088e-02
44 5.083496e-03 5.087414e-03 5.110083e-03 9.974695e-01 9.974675e-01 9.974565e-01 2.531050e-03 5.042768e-03 5.064373e-03 4.951948e-03 4.955739e-03 4.975298e-03
45 2.321918e-03 2.322730e-03 2.316885e-03 9.988407e-01 9.988403e-01 9.988432e-01 1.159125e-03 2.316109e-03 2.310369e-03 2.302147e-03 2.302955e-03 2.297421e-03
46 2.664102e-03 2.665612e-03 2.668675e-03 9.986700e-01 9.986693e-01 9.986678e-01 1.330095e-03 2.657244e-03 2.660271e-03 2.639141e-03 2.640630e-03 2.643586e-03
47 6.631979e-03 6.634959e-03 6.642570e-03 9.966971e-01 9.966956e-01 9.966917e-01 3.302943e-03 6.582988e-03 6.590729e-03 6.478000e-03 6.480885e-03 6.488866e-03
48 2.490795e-02 2.492316e-02 2.484419e-02 9.877855e-01 9.877781e-01 9.878058e-01 1.221447e-02 2.399146e-02 2.395406e-02 2.230913e-02 2.232234e-02 2.233258e-02
49 1.601499e-01 1.602451e-01 1.591099e-01 9.287684e-01 9.287270e-01 9.288817e-01 7.123163e-02 1.300243e-01 1.299299e-01 9.486709e-02 9.490991e-02 9.506045e-02
50 8.670807e-01 8.675135e-01 8.705155e-01 7.258510e-01 7.257413e-01 7.260031e-01 2.741527e-01 4.235253e-01 4.234012e-01 1.755564e-01 1.755671e-01 1.759564e-01
51 1.542986e+00 1.543608e+00 1.554497e+00 6.126836e-01 6.125772e-01 6.123649e-01 3.873029e-01 5.476970e-01 5.480179e-01 1.642873e-01 1.642937e-01 1.647015e-01
52 1.112666e+00 1.112615e+00 1.113353e+00 6.799306e-01 6.798074e-01 6.789261e-01 3.200731e-01 4.733351e-01 4.744789e-01 1.706370e-01 1.706487e-01 1.710375e-01
53 2.029165e+00 2.030805e+00 2.028051e+00 5.341404e-01 5.339748e-01 5.336424e-01 4.658825e-01 6.439355e-01 6.447808e-01 1.632267e-01 1.631969e-01 1.642269e-01
54 1.742877e+00 1.743975e+00 1.739364e+00 5.956959e-01 5.955210e-01 5.959224e-01 4.043617e-01 5.637859e-01 5.632389e-01 1.609628e-01 1.609427e-01 1.608503e-01
55 6.842801e-01 6.846252e-01 6.828634e-01 7.648166e-01 7.647119e-01 7.648850e-01 2.352038e-01 3.667434e-01 3.667376e-01 1.548158e-01 1.548460e-01 1.551377e-01
56 1.041469e-01 1.042007e-01 1.036574e-01 9.515602e-01 9.515359e-01 9.517159e-01 4.844100e-02 9.079617e-02 9.055183e-02 7.117915e-02 7.121033e-02 7.121211e-02
57 1.386221e-02 1.387126e-02 1.389567e-02 9.931368e-01 9.931324e-01 9.931202e-01 6.864149e-03 1.360237e-02 1.362658e-02 1.308036e-02 1.308870e-02 1.311205e-02
58 6.167247e-03 6.170579e-03 6.158055e-03 9.969321e-01 9.969305e-01 9.969366e-01 3.067902e-03 6.107939e-03 6.095915e-03 5.982361e-03 5.985553e-03 5.974483e-03
59 3.344926e-03 3.346415e-03 3.334662e-03 9.983322e-01 9.983315e-01 9.983373e-01 1.667676e-03 3.327821e-03 3.316349e-03 3.289692e-03 3.291147e-03 3.280223e-03
60 1.282859e-03 1.283804e-03 1.280239e-03 9.993594e-01 9.993589e-01 9.993607e-01 6.406998e-04 1.280476e-03 1.276997e-03 1.272928e-03 1.273865e-03 1.270555e-03
61 5.423810e-04 5.427033e-04 5.449067e-04 9.997289e-01 9.997287e-01 9.997276e-01 2.711190e-04 5.423018e-04 5.444980e-04 5.411786e-04 5.415000e-04 5.436820e-04
62 8.764240e-04 8.768517e-04 8.749365e-04 9.995620e-01 9.995618e-01 9.995627e-01 4.379978e-04 8.760111e-04 8.741070e-04 8.739074e-04 8.743333e-04 8.724515e-04
63 3.374425e-03 3.376152e-03 3.405604e-03 9.983174e-01 9.983165e-01 9.983019e-01 1.682471e-03 3.357878e-03 3.386992e-03 3.320522e-03 3.322210e-03 3.350558e-03
64 1.156794e-02 1.157344e-02 1.156777e-02 9.942481e-01 9.942454e-01 9.942478e-01 5.751820e-03 1.144593e-02 1.144183e-02 1.119181e-02 1.119704e-02 1.119574e-02
65 4.026238e-02 4.028043e-02 4.014092e-02 9.802637e-01 9.802549e-01 9.803120e-01 1.973578e-02 3.873685e-02 3.864390e-02 3.590708e-02 3.592223e-02 3.589493e-02
66 1.104762e-01 1.105207e-01 1.109964e-01 9.476903e-01 9.476699e-01 9.474566e-01 5.230848e-02 9.944819e-02 9.983783e-02 8.168018e-02 8.170702e-02 8.199717e-02
67 1.599405e-01 1.600067e-01 1.596912e-01 9.250528e-01 9.250226e-01 9.251121e-01 7.494968e-02 1.410602e-01 1.409779e-01 1.109940e-01 1.110314e-01 1.111849e-01
68 3.717058e-01 3.718388e-01 3.706020e-01 8.435203e-01 8.434712e-01 8.437170e-01 1.564716e-01 2.715517e-01 2.712995e-01 1.606465e-01 1.606699e-01 1.607391e-01
69 8.371037e-01 8.375223e-01 8.391788e-01 7.186933e-01 7.185797e-01 7.182195e-01 2.813174e-01 4.387917e-01 4.395543e-01 1.827951e-01 1.828113e-01 1.839280e-01
70 1.030404e+00 1.030846e+00 1.031052e+00 6.813895e-01 6.812851e-01 6.813688e-01 3.186142e-01 4.847855e-01 4.844735e-01 1.868027e-01 1.868082e-01 1.866667e-01
71 1.226853e+00 1.227430e+00 1.224667e+00 6.465028e-01 6.463746e-01 6.463276e-01 3.535189e-01 5.166762e-01 5.168326e-01 1.715415e-01 1.715456e-01 1.718633e-01
72 1.072072e+00 1.072492e+00 1.072835e+00 6.608325e-01 6.607355e-01 6.601697e-01 3.391573e-01 5.166441e-01 5.175451e-01 1.947450e-01 1.947432e-01 1.954246e-01
73 1.294911e+00 1.295515e+00 1.291306e+00 6.322908e-01 6.321670e-01 6.321033e-01 3.677176e-01 5.293591e-01 5.299933e-01 1.657520e-01 1.657528e-01 1.667254e-01
74 1.949737e-01 1.952216e-01 2.004176e-01 9.397675e-01 9.396904e-01 9.391789e-01 6.026417e-02 1.043691e-01 1.046788e-01 6.977175e-02 6.982313e-02 6.969681e-02
75 1.255898e-02 1.256564e-02 1.252416e-02 9.937681e-01 9.937648e-01 9.937839e-01 6.232065e-03 1.237703e-02 1.234175e-02 1.200806e-02 1.201434e-02 1.198951e-02
76 9.582775e-03 9.587279e-03 9.578501e-03 9.952335e-01 9.952313e-01 9.952356e-01 4.766525e-03 9.488136e-03 9.479614e-03 9.289851e-03 9.294180e-03 9.286145e-03
77 2.630986e-03 2.632373e-03 2.635222e-03 9.986866e-01 9.986859e-01 9.986844e-01 1.313481e-03 2.624186e-03 2.627026e-03 2.606556e-03 2.607925e-03 2.610747e-03
78 6.128521e-04 6.131956e-04 6.151923e-04 9.996937e-01 9.996935e-01 9.996925e-01 3.063011e-04 6.126694e-04 6.146713e-04 6.112770e-04 6.116194e-04 6.136315e-04
79 6.559272e-04 6.561842e-04 6.552371e-04 9.996721e-01 9.996720e-01 9.996725e-01 3.278589e-04 6.557692e-04 6.548250e-04 6.546840e-04 6.549403e-04 6.540017e-04
80 1.386648e-03 1.387214e-03 1.392794e-03 9.993072e-01 9.993069e-01 9.993041e-01 6.927821e-04 1.385174e-03 1.390720e-03 1.380546e-03 1.381108e-03 1.386585e-03
81 2.524241e-03 2.525242e-03 2.529686e-03 9.987396e-01 9.987391e-01 9.987369e-01 1.260399e-03 2.518428e-03 2.522869e-03 2.503893e-03 2.504882e-03 2.509318e-03
82 3.531092e-03 3.532456e-03 3.508108e-03 9.982375e-01 9.982368e-01 9.982488e-01 1.762439e-03 3.520415e-03 3.496555e-03 3.495173e-03 3.496517e-03 3.473610e-03
83 8.832322e-03 8.836773e-03 8.771753e-03 9.956071e-01 9.956049e-01 9.956359e-01 4.392980e-03 8.744501e-03 8.685078e-03 8.561351e-03 8.565625e-03 8.516295e-03
84 3.196531e-02 3.197355e-02 3.200533e-02 9.842933e-01 9.842892e-01 9.842735e-01 1.570446e-02 3.089107e-02 3.092231e-02 2.888111e-02 2.888839e-02 2.891901e-02
85 6.813934e-02 6.817316e-02 6.818084e-02 9.674902e-01 9.674742e-01 9.674728e-01 3.251220e-02 6.226790e-02 6.226822e-02 5.274003e-02 5.276432e-02 5.276324e-02
86 6.796932e-02 6.799796e-02 6.784546e-02 9.677546e-01 9.677413e-01 9.677986e-01 3.224490e-02 6.145678e-02 6.137287e-02 5.117880e-02 5.119746e-02 5.120434e-02
87 9.702743e-02 9.707536e-02 9.698065e-02 9.550110e-01 9.549897e-01 9.550197e-01 4.499020e-02 8.404265e-02 8.400791e-02 6.490994e-02 6.493574e-02 6.496641e-02
88 1.080069e-01 1.080465e-01 1.082235e-01 9.497475e-01 9.497299e-01 9.496682e-01 5.024883e-02 9.412959e-02 9.421345e-02 7.339584e-02 7.341596e-02 7.340028e-02
89 5.339795e-02 5.343177e-02 5.332575e-02 9.741580e-01 9.741419e-01 9.741875e-01 2.584631e-02 5.011907e-02 5.004078e-02 4.432630e-02 4.435166e-02 4.431502e-02
90 6.742191e-03 6.746104e-03 6.731497e-03 9.966421e-01 9.966402e-01 9.966472e-01 3.358194e-03 6.693526e-03 6.679937e-03 6.586663e-03 6.590441e-03 6.578745e-03
91 1.114002e-03 1.114523e-03 1.114618e-03 9.994434e-01 9.994431e-01 9.994430e-01 5.566616e-04 1.113105e-03 1.113203e-03 1.109760e-03 1.110278e-03 1.110383e-03
92 7.219076e-04 7.223028e-04 7.196874e-04 9.996393e-01 9.996391e-01 9.996404e-01 3.607476e-04 7.214557e-04 7.188597e-04 7.193736e-04 7.197670e-04 7.172093e-04
93 3.031745e-04 3.033279e-04 3.035399e-04 9.998484e-01 9.998484e-01 9.998483e-01 1.515534e-04 3.031950e-04 3.034069e-04 3.027763e-04 3.029295e-04 3.031413e-04
94 1.103145e-04 1.103696e-04 1.104136e-04 9.999448e-01 9.999448e-01 9.999448e-01 5.515668e-05 1.103564e-04 1.104003e-04 1.102751e-04 1.103301e-04 1.103738e-04
95 4.854382e-05 4.856914e-05 4.864110e-05 9.999757e-01 9.999757e-01 9.999757e-01 2.427138e-05 4.856639e-05 4.863834e-05 4.853555e-05 4.856087e-05 4.863282e-05
96 9.862166e-05 9.866676e-05 9.885139e-05 9.999507e-01 9.999507e-01 9.999506e-01 4.930809e-05 9.865600e-05 9.884068e-05 9.858940e-05 9.863448e-05 9.881926e-05
97 1.854515e-04 1.855334e-04 1.858247e-04 9.999073e-01 9.999072e-01 9.999071e-01 9.271491e-05 1.855018e-04 1.857933e-04 1.853568e-04 1.854387e-04 1.857306e-04
98 5.751282e-04 5.753723e-04 5.755094e-04 9.997125e-01 9.997124e-01 9.997123e-01 2.874747e-04 5.750565e-04 5.751960e-04 5.741822e-04 5.744257e-04 5.745700e-04
99 2.046429e-03 2.047190e-03 2.044243e-03 9.989778e-01 9.989774e-01 9.989789e-01 1.022154e-03 2.043071e-03 2.040160e-03 2.034117e-03 2.034871e-03 2.032033e-03
100 5.540602e-03 5.542343e-03 5.549507e-03 9.972361e-01 9.972352e-01 9.972316e-01 2.763690e-03 5.516810e-03 5.523980e-03 5.464512e-03 5.466214e-03 5.473397e-03
101 1.114778e-02 1.115271e-02 1.119272e-02 9.944600e-01 9.944575e-01 9.944380e-01 5.540020e-03 1.101819e-02 1.105657e-02 1.075291e-02 1.075758e-02 1.079286e-02
102 2.016523e-02 2.017357e-02 2.015016e-02 9.900618e-01 9.900578e-01 9.900664e-01 9.937320e-03 1.960645e-02 1.959488e-02 1.854890e-02 1.855615e-02 1.856379e-02
103 4.093119e-02 4.095005e-02 4.117462e-02 9.800272e-01 9.800181e-01 9.799178e-01 1.997360e-02 3.903601e-02 3.921575e-02 3.561835e-02 3.563398e-02 3.574685e-02
104 4.140844e-02 4.142189e-02 4.160444e-02 9.798457e-01 9.798392e-01 9.797564e-01 2.015240e-02 3.928822e-02 3.943881e-02 3.550162e-02 3.551214e-02 3.561225e-02
105 3.365581e-02 3.367112e-02 3.363895e-02 9.835375e-01 9.835301e-01 9.835420e-01 1.646287e-02 3.224635e-02 3.222983e-02 2.966492e-02 2.967742e-02 2.968368e-02
106 6.392563e-02 6.395495e-02 6.392099e-02 9.690408e-01 9.690268e-01 9.690355e-01 3.096077e-02 6.006464e-02 6.006114e-02 5.318969e-02 5.321196e-02 5.325071e-02
107 5.904757e-03 5.908093e-03 5.900210e-03 9.970563e-01 9.970546e-01 9.970585e-01 2.944175e-03 5.873527e-03 5.865952e-03 5.802063e-03 5.805302e-03 5.798327e-03
108 6.005207e-03 6.007931e-03 5.996230e-03 9.970077e-01 9.970064e-01 9.970121e-01 2.992267e-03 5.966699e-03 5.955563e-03 5.882899e-03 5.885537e-03 5.875490e-03
109 3.171121e-03 3.172952e-03 3.174743e-03 9.984186e-01 9.984177e-01 9.984168e-01 1.581422e-03 3.156392e-03 3.158236e-03 3.122015e-03 3.123804e-03 3.125737e-03
110 7.061911e-03 7.064972e-03 7.059877e-03 9.964842e-01 9.964826e-01 9.964851e-01 3.515823e-03 7.004750e-03 6.999868e-03 6.883416e-03 6.886359e-03 6.881883e-03
111 1.242984e-03 1.243860e-03 1.233401e-03 9.993796e-01 9.993791e-01 9.993843e-01 6.204681e-04 1.239629e-03 1.229288e-03 1.230372e-03 1.231234e-03 1.221128e-03
112 1.032206e-04 1.033108e-04 1.028836e-04 9.999484e-01 9.999483e-01 9.999486e-01 5.162483e-05 1.032929e-04 1.028659e-04 1.031667e-04 1.032569e-04 1.028306e-04
113 4.862632e-05 4.865204e-05 4.849847e-05 9.999757e-01 9.999757e-01 9.999758e-01 2.431274e-05 4.864853e-05 4.849503e-05 4.861581e-05 4.864152e-05 4.848815e-05
114 3.579664e-05 3.580960e-05 3.572034e-05 9.999821e-01 9.999821e-01 9.999821e-01 1.789646e-05 3.580813e-05 3.571889e-05 3.579223e-05 3.580518e-05 3.571598e-05
115 9.103233e-05 9.106438e-05 9.112714e-05 9.999545e-01 9.999545e-01 9.999544e-01 4.550955e-05 9.105481e-05 9.111757e-05 9.100362e-05 9.103566e-05 9.109843e-05
116 2.941371e-04 2.942853e-04 2.954062e-04 9.998530e-01 9.998529e-01 9.998523e-01 1.470329e-04 2.941625e-04 2.952814e-04 2.937692e-04 2.939171e-04 2.950321e-04
117 1.040159e-03 1.040696e-03 1.037451e-03 9.994803e-01 9.994800e-01 9.994816e-01 5.197102e-04 1.039209e-03 1.035994e-03 1.035711e-03 1.036245e-03 1.033090e-03
118 2.229058e-03 2.230179e-03 2.226431e-03 9.988872e-01 9.988866e-01 9.988884e-01 1.112838e-03 2.223426e-03 2.219818e-03 2.208912e-03 2.210019e-03 2.206687e-03
