0 1.234345e+01 1.235245e+01 1.236452e+01 3.910498e-01 3.909594e-01 3.902446e-01 6.089072e-01 6.737225e-01 6.765626e-01 5.643669e-02 5.642995e-02 5.755886e-02
1 7.377588e+01 7.380569e+01 7.376750e+01 4.329959e-03 4.322112e-03 1.133193e-03 9.956704e-01 9.995033e-01 9.999888e-01 4.857707e-04 4.844116e-04 1.118410e-05
2 1.166245e+02 1.165658e+02 1.157282e+02 3.917242e-03 3.905067e-03 2.722862e-03 9.960842e-01 9.997693e-01 9.999289e-01 2.304407e-04 2.292107e-04 7.107238e-05
3 1.045823e+02 1.047924e+02 1.051782e+02 1.792695e-02 1.788486e-02 1.136713e-02 9.820780e-01 9.960604e-01 9.991952e-01 3.379874e-03 3.370607e-03 7.988635e-04
4 6.341507e+01 6.345533e+01 6.338839e+01 2.348172e-02 2.342559e-02 2.247457e-02 9.765240e-01 9.970219e-01 9.974961e-01 2.899768e-03 2.887973e-03 2.458942e-03
5 2.818699e+01 2.820751e+01 2.810440e+01 6.944253e-02 6.932873e-02 6.496368e-02 9.305685e-01 9.828259e-01 9.866667e-01 1.480361e-02 1.477049e-02 1.242621e-02
6 7.576109e+00 7.581598e+00 7.434994e+00 2.772667e-01 2.770320e-01 2.768126e-01 7.227870e-01 8.523400e-01 8.530708e-01 8.602924e-02 8.595471e-02 8.640325e-02
7 1.688059e+00 1.689055e+00 1.681072e+00 6.222444e-01 6.220767e-01 6.218102e-01 3.777905e-01 5.246447e-01 5.252914e-01 1.533407e-01 1.533388e-01 1.541520e-01
8 8.528050e-01 8.534222e-01 8.436635e-01 7.882151e-01 7.880813e-01 7.881999e-01 2.118157e-01 3.143805e-01 3.141731e-01 1.223329e-01 1.223592e-01 1.223605e-01
9 4.396090e-01 4.399491e-01 4.283107e-01 8.630371e-01 8.629311e-01 8.634291e-01 1.369870e-01 2.202477e-01 2.196580e-01 1.144297e-01 1.144799e-01 1.146711e-01
10 2.729187e-01 2.731107e-01 2.705893e-01 8.939748e-01 8.939004e-01 8.941830e-01 1.060438e-01 1.798446e-01 1.797174e-01 1.058426e-01 1.058963e-01 1.061828e-01
11 6.822415e-01 6.825739e-01 6.820224e-01 7.606369e-01 7.605423e-01 7.605394e-01 2.393635e-01 3.750923e-01 3.751221e-01 1.593327e-01 1.593451e-01 1.594067e-01
12 4.822197e+00 4.824885e+00 4.827624e+00 3.729513e-01 3.727753e-01 3.726039e-01 6.270708e-01 7.758069e-01 7.762025e-01 1.163791e-01 1.163323e-01 1.170644e-01
13 1.378093e+01 1.378778e+01 1.382321e+01 1.110828e-01 1.109894e-01 1.096427e-01 8.889142e-01 9.622289e-01 9.642027e-01 2.978393e-02 2.975338e-02 2.938453e-02
14 2.117093e+01 2.117997e+01 2.118613e+01 4.715712e-02 4.710410e-02 4.474524e-02 9.528498e-01 9.906996e-01 9.921581e-01 8.610232e-03 8.595822e-03 7.458490e-03
15 1.385597e+01 1.386428e+01 1.388115e+01 2.612283e-01 2.610685e-01 2.607443e-01 7.388118e-01 8.426137e-01 8.429384e-01 8.054011e-02 8.049755e-02 8.095278e-02
16 1.072397e+01 1.072837e+01 1.079624e+01 1.636096e-01 1.635080e-01 1.597247e-01 8.363721e-01 9.295522e-01 9.354328e-01 4.466356e-02 4.463274e-02 4.600455e-02
17 1.423196e+01 1.424036e+01 1.420678e+01 1.025757e-01 1.024674e-01 1.010616e-01 8.974438e-01 9.714790e-01 9.729121e-01 2.492482e-02 2.488792e-02 2.414329e-02
18 6.998051e+00 7.002196e+00 6.956228e+00 3.101986e-01 3.100011e-01 3.089867e-01 6.898418e-01 8.300783e-01 8.319913e-01 9.857818e-02 9.851380e-02 9.934788e-02
19 2.599453e+00 2.600769e+00 2.582325e+00 5.481863e-01 5.480263e-01 5.477558e-01 4.518212e-01 6.070792e-01 6.075722e-01 1.501025e-01 1.500942e-01 1.505898e-01
20 9.607099e-01 9.615925e-01 9.544806e-01 7.552273e-01 7.550552e-01 7.552173e-01 2.448312e-01 3.706933e-01 3.708696e-01 1.572593e-01 1.572933e-01 1.579242e-01
21 3.756743e-01 3.759186e-01 3.682201e-01 8.690305e-01 8.689487e-01 8.689188e-01 1.309751e-01 2.187027e-01 2.190740e-01 1.263376e-01 1.263819e-01 1.267702e-01
22 2.335398e-01 2.336714e-01 2.327757e-01 8.971622e-01 8.971032e-01 8.971306e-01 1.028503e-01 1.856935e-01 1.857450e-01 1.285957e-01 1.286489e-01 1.286359e-01
23 1.054870e-01 1.055544e-01 1.049571e-01 9.508021e-01 9.507711e-01 9.509370e-01 4.920115e-02 9.246716e-02 9.227905e-02 7.315959e-02 7.320059e-02 7.325807e-02
24 3.588174e-02 3.590594e-02 3.435891e-02 9.888992e-01 9.888917e-01 9.883646e-01 1.109980e-02 1.832770e-02 1.863001e-02 1.198744e-02 1.199329e-02 1.125490e-02
25 1.936250e-02 1.938506e-02 1.869637e-02 9.924068e-01 9.923970e-01 9.921668e-01 7.597437e-03 1.315208e-02 1.368309e-02 9.053166e-03 9.065723e-03 9.066022e-03
26 2.523817e-03 2.525056e-03 2.507847e-03 9.987404e-01 9.987398e-01 9.987482e-01 1.259538e-03 2.515900e-03 2.499427e-03 2.496581e-03 2.497805e-03 2.482742e-03
27 1.168522e-02 1.169222e-02 1.172893e-02 9.942422e-01 9.942387e-01 9.942172e-01 5.757387e-03 1.136129e-02 1.140893e-02 1.075462e-02 1.076105e-02 1.081918e-02
28 6.667794e-02 6.670970e-02 6.658768e-02 9.678815e-01 9.678664e-01 9.679138e-01 3.211722e-02 6.203855e-02 6.196167e-02 5.414994e-02 5.417335e-02 5.413622e-02
29 2.266354e-01 2.267297e-01 2.267190e-01 8.982144e-01 8.981729e-01 8.981202e-01 1.017872e-01 1.853044e-01 1.854470e-01 1.301235e-01 1.301646e-01 1.303097e-01
30 2.590163e-01 2.591363e-01 2.594695e-01 8.852258e-01 8.851741e-01 8.849545e-01 1.147756e-01 2.067511e-01 2.071441e-01 1.393926e-01 1.394346e-01 1.396201e-01
31 3.132488e-01 3.134248e-01 3.114230e-01 8.695839e-01 8.695110e-01 8.697453e-01 1.304270e-01 2.279217e-01 2.278161e-01 1.433084e-01 1.433581e-01 1.436214e-01
32 8.890102e-01 8.893718e-01 8.884134e-01 6.958001e-01 6.956942e-01 6.956314e-01 3.042051e-01 4.726055e-01 4.729288e-01 1.903956e-01 1.904019e-01 1.910257e-01
33 2.613455e+00 2.614776e+00 2.618832e+00 4.502212e-01 4.500473e-01 4.490045e-01 5.498073e-01 7.268562e-01 7.288347e-01 1.464285e-01 1.463843e-01 1.472795e-01
34 8.064475e+00 8.068051e+00 8.065485e+00 2.363146e-01 2.362085e-01 2.352837e-01 7.636716e-01 8.908007e-01 8.919288e-01 7.605895e-02 7.602046e-02 7.603284e-02
35 1.297052e+01 1.297664e+01 1.301236e+01 1.571481e-01 1.570288e-01 1.553657e-01 8.428585e-01 9.409660e-01 9.430984e-01 4.516528e-02 4.512062e-02 4.459494e-02
36 1.154457e+01 1.155058e+01 1.156593e+01 1.347870e-01 1.346752e-01 1.325187e-01 8.652258e-01 9.496307e-01 9.527012e-01 3.667971e-02 3.664321e-02 3.663263e-02
37 8.678545e+00 8.683343e+00 8.714421e+00 2.555635e-01 2.553964e-01 2.525982e-01 7.444479e-01 8.731259e-01 8.773746e-01 8.078416e-02 8.072741e-02 8.174752e-02
38 1.290508e+01 1.291049e+01 1.290732e+01 1.233002e-01 1.231976e-01 1.201372e-01 8.767102e-01 9.603730e-01 9.637776e-01 3.247484e-02 3.243810e-02 3.104942e-02
39 6.018979e+00 6.023408e+00 5.993995e+00 3.008139e-01 3.006239e-01 2.984495e-01 6.992247e-01 8.382894e-01 8.418278e-01 9.239140e-02 9.233238e-02 9.357620e-02
40 6.831652e-01 6.836391e-01 6.814804e-01 7.703430e-01 7.702093e-01 7.700313e-01 2.296872e-01 3.582043e-01 3.585330e-01 1.501488e-01 1.501676e-01 1.503018e-01
41 9.966697e-02 9.974399e-02 9.973455e-02 9.532193e-01 9.531847e-01 9.531687e-01 4.679282e-02 8.834510e-02 8.840149e-02 7.092062e-02 7.096223e-02 7.106644e-02
42 4.953917e-02 4.956688e-02 4.992471e-02 9.761605e-01 9.761473e-01 9.759963e-01 2.383998e-02 4.601184e-02 4.626904e-02 4.004884e-02 4.006950e-02 4.019711e-02
43 1.977888e-02 1.978614e-02 1.974665e-02 9.902317e-01 9.902282e-01 9.902477e-01 9.767452e-03 1.930748e-02 1.926891e-02 1.839220e-02 1.839883e-02 1.836223e-02
44 6.779630e-03 6.785517e-03 6.785840e-03 9.966300e-01 9.966271e-01 9.966269e-01 3.370919e-03 6.706599e-03 6.707259e-03 6.548048e-03 6.553650e-03 6.554851e-03
45 2.877852e-03 2.878698e-03 2.880183e-03 9.985640e-01 9.985635e-01 9.985628e-01 1.435717e-03 2.867180e-03 2.868636e-03 2.843518e-03 2.844370e-03 2.845770e-03
46 3.469472e-03 3.471704e-03 3.475956e-03 9.982689e-01 9.982678e-01 9.982657e-01 1.731363e-03 3.457011e-03 3.461174e-03 3.425730e-03 3.427915e-03 3.431904e-03
47 7.935162e-03 7.938898e-03 7.947840e-03 9.960505e-01 9.960486e-01 9.960441e-01 3.949533e-03 7.866883e-03 7.875941e-03 7.722140e-03 7.725743e-03 7.735002e-03
48 3.513921e-02 3.516142e-02 3.509182e-02 9.829844e-01 9.829736e-01 9.829861e-01 1.701576e-02 3.304900e-02 3.305125e-02 2.951508e-02 2.953336e-02 2.958438e-02
49 2.186508e-01 2.187804e-01 2.184384e-01 9.053694e-01 9.053151e-01 9.053111e-01 9.463135e-02 1.693620e-01 1.693565e-01 1.151293e-01 1.151758e-01 1.151557e-01
50 8.948387e-01 8.952754e-01 9.011095e-01 7.131857e-01 7.130697e-01 7.127532e-01 2.868236e-01 4.426780e-01 4.431071e-01 1.807845e-01 1.807950e-01 1.811243e-01
51 1.261188e+00 1.261722e+00 1.264891e+00 6.539205e-01 6.538148e-01 6.539240e-01 3.460711e-01 5.014358e-01 5.016025e-01 1.649705e-01 1.649814e-01 1.652009e-01
52 8.858437e-01 8.858064e-01 8.832116e-01 7.158192e-01 7.157081e-01 7.154198e-01 2.841801e-01 4.342550e-01 4.349692e-01 1.729812e-01 1.730019e-01 1.736066e-01
53 1.659651e+00 1.660975e+00 1.663400e+00 5.744554e-01 5.742868e-01 5.738888e-01 4.255758e-01 6.051729e-01 6.060908e-01 1.733340e-01 1.733105e-01 1.743393e-01
54 1.438493e+00 1.439373e+00 1.433949e+00 6.325721e-01 6.324031e-01 6.326870e-01 3.674838e-01 5.243655e-01 5.239463e-01 1.639891e-01 1.639762e-01 1.639185e-01
55 6.844025e-01 6.847386e-01 6.853973e-01 7.617083e-01 7.616016e-01 7.612329e-01 2.383140e-01 3.729298e-01 3.734432e-01 1.584248e-01 1.584551e-01 1.586258e-01
56 1.314921e-01 1.315593e-01 1.316232e-01 9.398280e-01 9.397981e-01 9.397508e-01 6.017379e-02 1.112987e-01 1.113982e-01 8.322119e-02 8.325681e-02 8.332882e-02
57 1.641134e-02 1.642222e-02 1.643309e-02 9.918839e-01 9.918786e-01 9.918732e-01 8.117323e-03 1.606796e-02 1.607844e-02 1.538353e-02 1.539351e-02 1.540321e-02
58 6.289335e-03 6.292771e-03 6.278362e-03 9.968707e-01 9.968690e-01 9.968761e-01 3.129299e-03 6.231516e-03 6.217537e-03 6.108421e-03 6.111723e-03 6.098565e-03
59 3.772231e-03 3.773807e-03 3.793172e-03 9.981197e-01 9.981189e-01 9.981093e-01 1.880132e-03 3.750741e-03 3.769844e-03 3.703764e-03 3.705303e-03 3.723891e-03
60 1.618407e-03 1.619666e-03 1.618188e-03 9.991921e-01 9.991915e-01 9.991922e-01 8.080588e-04 1.614435e-03 1.613030e-03 1.602814e-03 1.604059e-03 1.602797e-03
61 7.582034e-04 7.586560e-04 7.573685e-04 9.996211e-01 9.996209e-01 9.996215e-01 3.789324e-04 7.578225e-04 7.565407e-04 7.557087e-04 7.561597e-04 7.548893e-04
62 1.247311e-03 1.247941e-03 1.244622e-03 9.993768e-01 9.993765e-01 9.993781e-01 6.232065e-04 1.246165e-03 1.242864e-03 1.241999e-03 1.242625e-03 1.239358e-03
63 4.658929e-03 4.661426e-03 4.688819e-03 9.976798e-01 9.976786e-01 9.976648e-01 2.320024e-03 4.624660e-03 4.652130e-03 4.551253e-03 4.553672e-03 4.580956e-03
64 1.547654e-02 1.548394e-02 1.544078e-02 9.923212e-01 9.923175e-01 9.923382e-01 7.678691e-03 1.524790e-02 1.520819e-02 1.478462e-02 1.479155e-02 1.475805e-02
65 4.712601e-02 4.714614e-02 4.704312e-02 9.769506e-01 9.769408e-01 9.769807e-01 2.304859e-02 4.513972e-02 4.507926e-02 4.147491e-02 4.149151e-02 4.149015e-02
66 1.120102e-01 1.120540e-01 1.122899e-01 9.467632e-01 9.467429e-01 9.466364e-01 5.323599e-02 1.015270e-01 1.017212e-01 8.425927e-02 8.428708e-02 8.442520e-02
67 1.701356e-01 1.702105e-01 1.706260e-01 9.207334e-01 9.206994e-01 9.205013e-01 7.926909e-02 1.485173e-01 1.488919e-01 1.151219e-01 1.151630e-01 1.154620e-01
68 3.815507e-01 3.816904e-01 3.809593e-01 8.398649e-01 8.398126e-01 8.398941e-01 1.601290e-01 2.773547e-01 2.773550e-01 1.631151e-01 1.631401e-01 1.633099e-01
69 7.590566e-01 7.594346e-01 7.624644e-01 7.368515e-01 7.367430e-01 7.357822e-01 2.631592e-01 4.166128e-01 4.182124e-01 1.841057e-01 1.841274e-01 1.851448e-01
70 8.485142e-01 8.488755e-01 8.463033e-01 7.166001e-01 7.165014e-01 7.166284e-01 2.834070e-01 4.434467e-01 4.434597e-01 1.890764e-01 1.890914e-01 1.894337e-01
71 9.569103e-01 9.573558e-01 9.553189e-01 6.981820e-01 6.980652e-01 6.981791e-01 3.018384e-01 4.575294e-01 4.574306e-01 1.745537e-01 1.745673e-01 1.747489e-01
72 8.211816e-01 8.215010e-01 8.215005e-01 7.146890e-01 7.146010e-01 7.140113e-01 2.853039e-01 4.516745e-01 4.527347e-01 1.973686e-01 1.973781e-01 1.980142e-01
73 1.135254e+00 1.135761e+00 1.139070e+00 6.595515e-01 6.594359e-01 6.588062e-01 3.404524e-01 5.003736e-01 5.012917e-01 1.698849e-01 1.698935e-01 1.706180e-01
74 3.032105e-01 3.035698e-01 3.068184e-01 9.279788e-01 9.278879e-01 9.280289e-01 7.205382e-02 1.219951e-01 1.222094e-01 7.608804e-02 7.614477e-02 7.645165e-02
75 1.110174e-02 1.110786e-02 1.107955e-02 9.944871e-01 9.944840e-01 9.944969e-01 5.513116e-03 1.095744e-02 1.093408e-02 1.066210e-02 1.066793e-02 1.065283e-02
76 9.252009e-03 9.256347e-03 9.280205e-03 9.953963e-01 9.953941e-01 9.953823e-01 4.603797e-03 9.167714e-03 9.191210e-03 8.989767e-03 8.993958e-03 9.016758e-03
77 3.068396e-03 3.070005e-03 3.076522e-03 9.984685e-01 9.984677e-01 9.984644e-01 1.531546e-03 3.059252e-03 3.065706e-03 3.036322e-03 3.037909e-03 3.044239e-03
78 7.385958e-04 7.390149e-04 7.398726e-04 9.996309e-01 9.996307e-01 9.996303e-01 3.691044e-04 7.382190e-04 7.390998e-04 7.362146e-04 7.366321e-04 7.375584e-04
79 7.635840e-04 7.638914e-04 7.636857e-04 9.996183e-01 9.996182e-01 9.996183e-01 3.816528e-04 7.633430e-04 7.631387e-04 7.619413e-04 7.622478e-04 7.620463e-04
80 1.420035e-03 1.420606e-03 1.423780e-03 9.992905e-01 9.992902e-01 9.992886e-01 7.094760e-04 1.418551e-03 1.421717e-03 1.413887e-03 1.414455e-03 1.417604e-03
81 2.295758e-03 2.296648e-03 2.302629e-03 9.988535e-01 9.988530e-01 9.988500e-01 1.146528e-03 2.291308e-03 2.297260e-03 2.279801e-03 2.280682e-03 2.286577e-03
82 3.565848e-03 3.567412e-03 3.549224e-03 9.982204e-01 9.982196e-01 9.982285e-01 1.779492e-03 3.554106e-03 3.536644e-03 3.526213e-03 3.527756e-03 3.511690e-03
83 1.053542e-02 1.054082e-02 1.048168e-02 9.947668e-01 9.947641e-01 9.947920e-01 5.233277e-03 1.040414e-02 1.035153e-02 1.013571e-02 1.014087e-02 1.009965e-02
84 3.435740e-02 3.436817e-02 3.444265e-02 9.831399e-01 9.831347e-01 9.831000e-01 1.685806e-02 3.312034e-02 3.318485e-02 3.081930e-02 3.082862e-02 3.087501e-02
85 6.010665e-02 6.013626e-02 6.016297e-02 9.711371e-01 9.711230e-01 9.711141e-01 2.886506e-02 5.559501e-02 5.560681e-02 4.804580e-02 4.806829e-02 4.806774e-02
86 5.526329e-02 5.528656e-02 5.522988e-02 9.734732e-01 9.734622e-01 9.734858e-01 2.652646e-02 5.107708e-02 5.103808e-02 4.411798e-02 4.413487e-02 4.412225e-02
87 8.093145e-02 8.097262e-02 8.036497e-02 9.619475e-01 9.619286e-01 9.621640e-01 3.805349e-02 7.195781e-02 7.158959e-02 5.814566e-02 5.817087e-02 5.808241e-02
88 8.541705e-02 8.544774e-02 8.539461e-02 9.596801e-01 9.596661e-01 9.596750e-01 4.031626e-02 7.647324e-02 7.647795e-02 6.242876e-02 6.244703e-02 6.249846e-02
89 5.033131e-02 5.036280e-02 5.039257e-02 9.755785e-01 9.755634e-01 9.755457e-01 2.442565e-02 4.747744e-02 4.751760e-02 4.236895e-02 4.239322e-02 4.244623e-02
90 7.631619e-03 7.635960e-03 7.613968e-03 9.962018e-01 9.961997e-01 9.962102e-01 3.798457e-03 7.565756e-03 7.545735e-03 7.424378e-03 7.428552e-03 7.412186e-03
91 1.029044e-03 1.029512e-03 1.030589e-03 9.994858e-01 9.994855e-01 9.994850e-01 5.142526e-04 1.028380e-03 1.029455e-03 1.025653e-03 1.026120e-03 1.027193e-03
92 6.743089e-04 6.746813e-04 6.712686e-04 9.996630e-01 9.996628e-01 9.996645e-01 3.369929e-04 6.740060e-04 6.706129e-04 6.722880e-04 6.726590e-04 6.693045e-04
93 3.225136e-04 3.226735e-04 3.232734e-04 9.998388e-01 9.998387e-01 9.998384e-01 1.612197e-04 3.225292e-04 3.231278e-04 3.220814e-04 3.222410e-04 3.228371e-04
94 1.285475e-04 1.286131e-04 1.290056e-04 9.999357e-01 9.999357e-01 9.999355e-01 6.427244e-05 1.285944e-04 1.289867e-04 1.284915e-04 1.285571e-04 1.289489e-04
95 5.250617e-05 5.253235e-05 5.237490e-05 9.999737e-01 9.999737e-01 9.999738e-01 2.625251e-05 5.252924e-05 5.237183e-05 5.249683e-05 5.252300e-05 5.236568e-05
96 9.823259e-05 9.827948e-05 9.847831e-05 9.999509e-01 9.999509e-01 9.999508e-01 4.911354e-05 9.826896e-05 9.846782e-05 9.820107e-05 9.824794e-05 9.844683e-05
97 2.201979e-04 2.203028e-04 2.197913e-04 9.998899e-01 9.998899e-01 9.998901e-01 1.100834e-04 2.202524e-04 2.197425e-04 2.200468e-04 2.201516e-04 2.196452e-04
98 6.941121e-04 6.943998e-04 6.935630e-04 9.996531e-01 9.996529e-01 9.996533e-01 3.469195e-04 6.939198e-04 6.930882e-04 6.926745e-04 6.929614e-04 6.921402e-04
99 2.401917e-03 2.402815e-03 2.397380e-03 9.988004e-01 9.988000e-01 9.988027e-01 1.199563e-03 2.397353e-03 2.391991e-03 2.385598e-03 2.386487e-03 2.381268e-03
100 5.756726e-03 5.758482e-03 5.767378e-03 9.971282e-01 9.971273e-01 9.971228e-01 2.871645e-03 5.732436e-03 5.741327e-03 5.679071e-03 5.680791e-03 5.689675e-03
101 1.101823e-02 1.102320e-02 1.109564e-02 9.945263e-01 9.945238e-01 9.944885e-01 5.473667e-03 1.088283e-02 1.095181e-02 1.060740e-02 1.061211e-02 1.067452e-02
102 1.890166e-02 1.890968e-02 1.887786e-02 9.906763e-01 9.906724e-01 9.906871e-01 9.323074e-03 1.841016e-02 1.838296e-02 1.747402e-02 1.748109e-02 1.746203e-02
103 3.429393e-02 3.430979e-02 3.444461e-02 9.831922e-01 9.831844e-01 9.831259e-01 1.680852e-02 3.298508e-02 3.308664e-02 3.056414e-02 3.057782e-02 3.062766e-02
104 3.269246e-02 3.270315e-02 3.280889e-02 9.839988e-01 9.839936e-01 9.839441e-01 1.599962e-02 3.135658e-02 3.144938e-02 2.890974e-02 2.891865e-02 2.898868e-02
105 2.628180e-02 2.629410e-02 2.628146e-02 9.870673e-01 9.870613e-01 9.870636e-01 1.293329e-02 2.547694e-02 2.547926e-02 2.395341e-02 2.396401e-02 2.398910e-02
106 5.329416e-02 5.331704e-02 5.327664e-02 9.740324e-01 9.740213e-01 9.740375e-01 2.596865e-02 5.066659e-02 5.064136e-02 4.586094e-02 4.587939e-02 4.587742e-02
107 5.359346e-03 5.362363e-03 5.374390e-03 9.973274e-01 9.973259e-01 9.973199e-01 2.673006e-03 5.334058e-03 5.345965e-03 5.275153e-03 5.278092e-03 5.289763e-03
108 4.729388e-03 4.731614e-03 4.736549e-03 9.976417e-01 9.976406e-01 9.976381e-01 2.358273e-03 4.705942e-03 4.711001e-03 4.653082e-03 4.655255e-03 4.660549e-03
109 2.414326e-03 2.415700e-03 2.418946e-03 9.987952e-01 9.987945e-01 9.987928e-01 1.204848e-03 2.406437e-03 2.409816e-03 2.386787e-03 2.388139e-03 2.391764e-03
110 5.620698e-03 5.623170e-03 5.630791e-03 9.971994e-01 9.971982e-01 9.971945e-01 2.800531e-03 5.584095e-03 5.591462e-03 5.504651e-03 5.507047e-03 5.513919e-03
111 1.202482e-03 1.203341e-03 1.198324e-03 9.993998e-01 9.993993e-01 9.994018e-01 6.002725e-04 1.199350e-03 1.194425e-03 1.190582e-03 1.191429e-03 1.186684e-03
112 8.677287e-05 8.685181e-05 8.658809e-05 9.999566e-01 9.999566e-01 9.999567e-01 4.339975e-05 8.683857e-05 8.657507e-05 8.673323e-05 8.681211e-05 8.654903e-05
113 4.641316e-05 4.643745e-05 4.648078e-05 9.999768e-01 9.999768e-01 9.999768e-01 2.320607e-05 4.643415e-05 4.647748e-05 4.640324e-05 4.642753e-05 4.647088e-05
114 3.539941e-05 3.541279e-05 3.540724e-05 9.999823e-01 9.999823e-01 9.999823e-01 1.769806e-05 3.541135e-05 3.540580e-05 3.539511e-05 3.540848e-05 3.540293e-05
115 8.133768e-05 8.136956e-05 8.139505e-05 9.999593e-01 9.999593e-01 9.999593e-01 4.066332e-05 8.136170e-05 8.138725e-05 8.131412e-05 8.134599e-05 8.137166e-05
116 3.272345e-04 3.274066e-04 3.289694e-04 9.998364e-01 9.998363e-01 9.998356e-01 1.635680e-04 3.272344e-04 3.287911e-04 3.267186e-04 3.268903e-04 3.284350e-04
117 1.069645e-03 1.070201e-03 1.069535e-03 9.994656e-01 9.994653e-01 9.994656e-01 5.344380e-04 1.068649e-03 1.068008e-03 1.065003e-03 1.065556e-03 1.064964e-03
118 1.923303e-03 1.924261e-03 1.920119e-03 9.990396e-01 9.990391e-01 9.990411e-01 9.604232e-04 1.919348e-03 1.915329e-03 1.908636e-03 1.909584e-03 1.905807e-03
