0 1.531391e+01 1.532501e+01 1.530506e+01 3.664598e-01 3.663765e-01 3.647267e-01 6.334960e-01 6.952518e-01 6.990579e-01 5.417400e-02 5.416667e-02 5.434768e-02
1 8.680029e+01 8.683393e+01 8.688687e+01 3.010753e-03 3.004780e-03 6.237136e-04 9.969895e-01 9.997290e-01 9.999965e-01 2.680462e-04 2.671793e-04 3.499453e-06
2 1.323830e+02 1.323165e+02 1.320384e+02 3.849199e-03 3.837174e-03 3.041576e-03 9.961520e-01 9.997879e-01 9.999113e-01 2.121898e-04 2.110191e-04 8.865057e-05
3 1.128952e+02 1.131301e+02 1.136233e+02 1.949932e-02 1.945532e-02 1.425387e-02 9.805055e-01 9.956286e-01 9.985793e-01 3.793065e-03 3.782636e-03 1.401189e-03
4 6.309271e+01 6.313383e+01 6.303094e+01 2.879217e-02 2.872808e-02 2.769259e-02 9.712137e-01 9.957116e-01 9.963322e-01 4.119960e-03 4.104884e-03 3.573041e-03
5 2.515014e+01 2.516856e+01 2.508905e+01 8.251905e-02 8.239113e-02 7.964322e-02 9.174948e-01 9.780043e-01 9.809254e-01 1.876870e-02 1.872890e-02 1.729055e-02
6 6.135524e+00 6.139755e+00 6.044828e+00 3.250887e-01 3.248520e-01 3.241551e-01 6.749687e-01 8.155560e-01 8.167221e-01 1.007103e-01 1.006385e-01 1.009106e-01
7 1.459163e+00 1.460032e+00 1.447942e+00 6.552778e-01 6.551214e-01 6.553750e-01 3.447483e-01 4.886454e-01 4.884736e-01 1.552181e-01 1.552262e-01 1.557130e-01
8 7.025220e-01 7.030149e-01 6.961813e-01 8.107656e-01 8.106472e-01 8.109548e-01 1.892628e-01 2.856234e-01 2.852799e-01 1.175754e-01 1.176028e-01 1.176867e-01
9 3.500753e-01 3.503440e-01 3.450631e-01 8.821983e-01 8.821066e-01 8.820048e-01 1.178224e-01 1.930255e-01 1.930093e-01 1.060143e-01 1.060635e-01 1.060929e-01
10 2.268569e-01 2.270104e-01 2.268717e-01 9.078254e-01 9.077631e-01 9.077504e-01 9.218884e-02 1.593134e-01 1.593353e-01 9.851354e-02 9.856358e-02 9.862653e-02
11 5.579648e-01 5.582282e-01 5.574142e-01 7.948402e-01 7.947601e-01 7.947378e-01 2.051579e-01 3.295831e-01 3.297012e-01 1.533972e-01 1.534153e-01 1.535082e-01
12 4.396659e+00 4.399102e+00 4.420261e+00 4.052129e-01 4.050440e-01 4.050073e-01 5.948040e-01 7.441118e-01 7.442949e-01 1.233738e-01 1.233349e-01 1.239418e-01
13 1.442490e+01 1.443212e+01 1.446389e+01 1.119324e-01 1.118388e-01 1.099994e-01 8.880635e-01 9.615466e-01 9.640074e-01 3.010032e-02 3.006953e-02 2.949335e-02
14 2.306152e+01 2.307116e+01 2.303823e+01 4.501617e-02 4.496597e-02 4.279091e-02 9.549897e-01 9.914171e-01 9.926522e-01 8.017651e-03 8.004141e-03 7.003627e-03
15 1.577570e+01 1.578529e+01 1.581325e+01 2.474448e-01 2.472895e-01 2.473312e-01 7.525936e-01 8.519657e-01 8.515312e-01 7.654191e-02 7.649961e-02 7.691472e-02
16 1.247646e+01 1.248181e+01 1.253509e+01 1.445234e-01 1.444326e-01 1.412962e-01 8.554562e-01 9.399530e-01 9.450799e-01 3.922085e-02 3.919439e-02 4.029510e-02
17 1.590604e+01 1.591522e+01 1.583699e+01 9.054152e-02 9.044143e-02 8.875773e-02 9.094761e-01 9.766348e-01 9.783209e-01 2.078510e-02 2.075222e-02 1.974577e-02
18 7.290104e+00 7.294448e+00 7.278839e+00 3.091573e-01 3.089661e-01 3.088274e-01 6.908793e-01 8.290838e-01 8.297158e-01 9.823665e-02 9.817605e-02 9.916000e-02
19 2.669388e+00 2.670719e+00 2.662163e+00 5.562335e-01 5.560770e-01 5.559739e-01 4.437695e-01 5.970841e-01 5.972662e-01 1.502173e-01 1.502127e-01 1.504107e-01
20 9.662311e-01 9.671621e-01 9.604170e-01 7.607184e-01 7.605495e-01 7.603079e-01 2.393392e-01 3.613548e-01 3.619913e-01 1.539202e-01 1.539558e-01 1.546144e-01
21 3.619278e-01 3.621653e-01 3.533297e-01 8.742273e-01 8.741488e-01 8.744896e-01 1.257777e-01 2.101600e-01 2.100730e-01 1.222294e-01 1.222737e-01 1.225966e-01
22 2.088155e-01 2.089357e-01 2.087092e-01 9.069681e-01 9.069140e-01 9.068129e-01 9.304297e-02 1.693444e-01 1.695024e-01 1.204863e-01 1.205386e-01 1.204448e-01
23 8.703859e-02 8.709497e-02 8.652488e-02 9.590333e-01 9.590072e-01 9.591902e-01 4.096934e-02 7.759658e-02 7.734740e-02 6.315558e-02 6.319205e-02 6.315677e-02
24 2.717282e-02 2.719191e-02 2.625034e-02 9.907782e-01 9.907718e-01 9.903383e-01 9.221086e-03 1.536317e-02 1.582327e-02 1.010741e-02 1.011229e-02 9.502757e-03
25 1.541875e-02 1.543607e-02 1.501862e-02 9.936415e-01 9.936335e-01 9.934769e-01 6.361765e-03 1.120661e-02 1.164167e-02 7.904056e-03 7.914690e-03 8.058343e-03
26 2.062767e-03 2.063777e-03 2.060789e-03 9.989701e-01 9.989696e-01 9.989710e-01 1.029855e-03 2.057894e-03 2.055232e-03 2.045238e-03 2.046236e-03 2.044200e-03
27 9.325318e-03 9.330947e-03 9.364561e-03 9.953937e-01 9.953909e-01 9.953720e-01 4.605955e-03 9.110376e-03 9.151381e-03 8.700476e-03 8.705710e-03 8.754318e-03
28 5.847161e-02 5.850062e-02 5.842578e-02 9.717743e-01 9.717605e-01 9.717827e-01 2.822449e-02 5.463523e-02 5.461012e-02 4.810726e-02 4.812896e-02 4.814322e-02
29 2.234626e-01 2.235553e-01 2.234662e-01 8.999934e-01 8.999531e-01 8.999797e-01 1.000076e-01 1.816683e-01 1.816350e-01 1.269150e-01 1.269539e-01 1.269765e-01
30 2.591366e-01 2.592552e-01 2.579305e-01 8.849280e-01 8.848777e-01 8.851682e-01 1.150723e-01 2.073866e-01 2.071333e-01 1.395347e-01 1.395752e-01 1.397961e-01
31 2.963690e-01 2.965336e-01 2.944430e-01 8.750170e-01 8.749486e-01 8.752088e-01 1.249921e-01 2.197589e-01 2.196546e-01 1.404593e-01 1.405077e-01 1.408816e-01
32 8.076834e-01 8.080189e-01 8.098934e-01 7.158411e-01 7.157415e-01 7.151901e-01 2.841613e-01 4.477465e-01 4.485881e-01 1.903703e-01 1.903819e-01 1.909707e-01
33 2.379317e+00 2.380513e+00 2.393305e+00 4.711979e-01 4.710286e-01 4.697935e-01 5.288293e-01 7.072044e-01 7.090985e-01 1.515705e-01 1.515315e-01 1.522597e-01
34 8.055762e+00 8.059380e+00 8.040579e+00 2.375015e-01 2.373976e-01 2.365465e-01 7.624811e-01 8.889505e-01 8.900478e-01 7.619631e-02 7.615859e-02 7.623325e-02
35 1.438401e+01 1.439065e+01 1.440029e+01 1.422194e-01 1.421080e-01 1.398102e-01 8.577859e-01 9.486730e-01 9.510020e-01 4.005998e-02 4.001873e-02 3.908462e-02
36 1.270412e+01 1.271075e+01 1.268924e+01 1.260600e-01 1.259544e-01 1.244301e-01 8.739507e-01 9.537548e-01 9.561435e-01 3.428149e-02 3.424699e-02 3.426140e-02
37 1.017953e+01 1.018516e+01 1.023969e+01 2.304705e-01 2.303136e-01 2.278592e-01 7.695390e-01 8.881394e-01 8.920116e-01 7.207662e-02 7.202336e-02 7.328322e-02
38 1.471271e+01 1.471881e+01 1.468198e+01 1.076597e-01 1.075673e-01 1.046113e-01 8.923485e-01 9.673819e-01 9.703696e-01 2.727803e-02 2.724575e-02 2.584886e-02
39 6.145035e+00 6.149750e+00 6.098682e+00 3.034347e-01 3.032434e-01 3.021816e-01 6.966031e-01 8.347067e-01 8.369815e-01 9.295974e-02 9.290150e-02 9.448377e-02
40 6.083809e-01 6.087982e-01 6.055762e-01 7.880694e-01 7.879471e-01 7.879398e-01 2.119568e-01 3.353627e-01 3.354885e-01 1.477508e-01 1.477723e-01 1.480815e-01
41 9.809122e-02 9.816951e-02 9.794985e-02 9.540207e-01 9.539858e-01 9.540570e-01 4.599227e-02 8.674531e-02 8.665517e-02 6.943158e-02 6.947224e-02 6.950593e-02
42 4.756218e-02 4.758915e-02 4.771568e-02 9.770998e-01 9.770870e-01 9.770422e-01 2.290059e-02 4.422099e-02 4.428297e-02 3.856519e-02 3.858522e-02 3.857621e-02
43 1.750831e-02 1.751513e-02 1.748197e-02 9.913433e-01 9.913399e-01 9.913558e-01 8.656184e-03 1.712998e-02 1.709944e-02 1.638959e-02 1.639586e-02 1.637006e-02
44 5.873113e-03 5.877942e-03 5.891844e-03 9.970784e-01 9.970760e-01 9.970691e-01 2.922364e-03 5.818661e-03 5.832041e-03 5.698781e-03 5.703421e-03 5.715789e-03
45 2.574949e-03 2.575774e-03 2.570693e-03 9.987147e-01 9.987143e-01 9.987168e-01 1.285077e-03 2.567167e-03 2.562168e-03 2.549268e-03 2.550092e-03 2.545253e-03
46 3.047481e-03 3.049319e-03 3.050375e-03 9.984790e-01 9.984781e-01 9.984776e-01 1.521165e-03 3.038185e-03 3.039182e-03 3.014301e-03 3.016108e-03 3.016990e-03
47 7.285856e-03 7.289174e-03 7.290019e-03 9.963726e-01 9.963709e-01 9.963705e-01 3.627446e-03 7.227448e-03 7.228467e-03 7.103130e-03 7.106336e-03 7.107685e-03
48 2.944969e-02 2.946794e-02 2.940667e-02 9.856351e-01 9.856262e-01 9.856416e-01 1.436495e-02 2.808039e-02 2.807005e-02 2.566111e-02 2.567661e-02 2.570946e-02
49 1.875571e-01 1.876686e-01 1.869141e-01 9.177022e-01 9.176547e-01 9.176785e-01 8.229808e-02 1.487743e-01 1.488378e-01 1.048945e-01 1.049393e-01 1.050791e-01
50 8.854531e-01 8.858908e-01 8.903358e-01 7.186469e-01 7.185340e-01 7.185042e-01 2.813595e-01 4.342051e-01 4.343493e-01 1.783413e-01 1.783516e-01 1.787279e-01
51 1.404514e+00 1.405093e+00 1.413604e+00 6.321846e-01 6.320780e-01 6.317213e-01 3.678042e-01 5.259914e-01 5.267261e-01 1.647479e-01 1.647565e-01 1.653215e-01
52 9.939210e-01 9.938740e-01 9.917739e-01 6.979286e-01 6.978116e-01 6.975059e-01 3.020732e-01 4.538675e-01 4.544156e-01 1.718788e-01 1.718948e-01 1.724104e-01
53 1.841910e+00 1.843395e+00 1.843262e+00 5.535623e-01 5.533955e-01 5.526317e-01 4.464642e-01 6.256100e-01 6.269789e-01 1.683015e-01 1.682745e-01 1.693005e-01
54 1.592028e+00 1.593013e+00 1.589372e+00 6.133837e-01 6.132117e-01 6.129990e-01 3.866733e-01 5.449980e-01 5.453496e-01 1.625818e-01 1.625651e-01 1.626835e-01
55 6.882140e-01 6.885583e-01 6.882452e-01 7.623606e-01 7.622547e-01 7.620617e-01 2.376608e-01 3.709303e-01 3.713079e-01 1.566488e-01 1.566787e-01 1.568208e-01
56 1.175098e-01 1.175702e-01 1.172152e-01 9.457925e-01 9.457654e-01 9.458537e-01 5.420900e-02 1.009255e-01 1.008478e-01 7.725782e-02 7.729136e-02 7.738148e-02
57 1.497988e-02 1.498973e-02 1.492281e-02 9.925859e-01 9.925811e-01 9.926128e-01 7.415154e-03 1.468944e-02 1.462936e-02 1.410711e-02 1.411616e-02 1.406815e-02
58 6.259317e-03 6.262755e-03 6.257561e-03 9.968861e-01 9.968844e-01 9.968869e-01 3.113943e-03 6.200130e-03 6.195256e-03 6.074437e-03 6.077734e-03 6.073467e-03
59 3.572028e-03 3.573583e-03 3.573299e-03 9.982192e-01 9.982185e-01 9.982186e-01 1.780597e-03 3.552615e-03 3.552498e-03 3.509768e-03 3.511286e-03 3.511489e-03
60 1.449931e-03 1.451028e-03 1.451026e-03 9.992761e-01 9.992755e-01 9.992755e-01 7.240389e-04 1.446802e-03 1.446867e-03 1.437328e-03 1.438414e-03 1.438607e-03
61 6.445505e-04 6.449307e-04 6.446054e-04 9.996779e-01 9.996777e-01 9.996778e-01 3.221632e-04 6.443467e-04 6.440203e-04 6.428023e-04 6.431813e-04 6.428528e-04
62 1.049054e-03 1.049575e-03 1.047776e-03 9.994758e-01 9.994755e-01 9.994764e-01 5.242154e-04 1.048347e-03 1.046563e-03 1.045379e-03 1.045898e-03 1.044143e-03
63 3.979456e-03 3.981547e-03 4.013461e-03 9.980169e-01 9.980158e-01 9.979999e-01 1.982986e-03 3.955405e-03 3.987048e-03 3.902613e-03 3.904648e-03 3.935572e-03
64 1.340965e-02 1.341604e-02 1.341733e-02 9.933390e-01 9.933358e-01 9.933346e-01 6.660929e-03 1.324201e-02 1.324537e-02 1.289779e-02 1.290383e-02 1.291078e-02
65 4.371099e-02 4.373007e-02 4.365605e-02 9.785977e-01 9.785885e-01 9.786130e-01 2.140158e-02 4.195900e-02 4.193067e-02 3.871925e-02 3.873512e-02 3.877004e-02
66 1.111886e-01 1.112323e-01 1.115681e-01 9.472493e-01 9.472291e-01 9.470838e-01 5.274967e-02 1.004493e-01 1.007064e-01 8.295124e-02 8.297845e-02 8.314938e-02
67 1.644395e-01 1.645087e-01 1.647791e-01 9.231084e-01 9.230768e-01 9.229475e-01 7.689407e-02 1.444702e-01 1.447198e-01 1.130038e-01 1.130427e-01 1.132670e-01
68 3.777987e-01 3.779346e-01 3.773556e-01 8.412882e-01 8.412377e-01 8.412668e-01 1.587047e-01 2.750518e-01 2.751299e-01 1.620248e-01 1.620489e-01 1.622535e-01
69 8.017838e-01 8.021858e-01 8.055121e-01 7.269242e-01 7.268128e-01 7.258972e-01 2.730865e-01 4.287661e-01 4.302688e-01 1.835074e-01 1.835260e-01 1.846817e-01
70 9.396413e-01 9.400454e-01 9.386126e-01 6.983412e-01 6.982395e-01 6.981670e-01 3.016644e-01 4.651855e-01 4.654606e-01 1.882711e-01 1.882810e-01 1.886161e-01
71 1.090433e+00 1.090935e+00 1.086333e+00 6.715385e-01 6.714166e-01 6.714452e-01 3.284827e-01 4.885062e-01 4.886077e-01 1.734469e-01 1.734556e-01 1.736658e-01
72 9.430752e-01 9.434458e-01 9.430590e-01 6.874073e-01 6.873146e-01 6.868435e-01 3.125841e-01 4.851627e-01 4.859812e-01 1.967738e-01 1.967772e-01 1.973848e-01
73 1.218928e+00 1.219487e+00 1.216158e+00 6.446837e-01 6.445640e-01 6.442780e-01 3.553224e-01 5.163807e-01 5.171582e-01 1.678513e-01 1.678554e-01 1.686629e-01
74 2.425722e-01 2.428638e-01 2.475940e-01 9.339626e-01 9.338791e-01 9.337624e-01 6.606970e-02 1.131023e-01 1.132648e-01 7.303375e-02 7.308769e-02 7.314989e-02
75 1.186211e-02 1.186853e-02 1.183046e-02 9.941119e-01 9.941087e-01 9.941262e-01 5.888280e-03 1.169829e-02 1.166634e-02 1.136476e-02 1.137084e-02 1.134926e-02
76 9.467292e-03 9.471747e-03 9.474551e-03 9.952901e-01 9.952879e-01 9.952865e-01 4.709901e-03 9.377022e-03 9.379910e-03 9.187239e-03 9.191531e-03 9.194581e-03
77 2.855520e-03 2.857006e-03 2.863290e-03 9.985746e-01 9.985739e-01 9.985707e-01 1.425429e-03 2.847538e-03 2.853774e-03 2.827274e-03 2.828740e-03 2.834881e-03
78 6.751373e-04 6.755196e-04 6.771870e-04 9.996626e-01 9.996624e-01 9.996616e-01 3.374123e-04 6.748702e-04 6.765475e-04 6.731940e-04 6.735750e-04 6.752715e-04
79 7.115058e-04 7.117862e-04 7.110632e-04 9.996444e-01 9.996442e-01 9.996446e-01 3.556312e-04 7.113057e-04 7.105850e-04 7.100666e-04 7.103462e-04 7.096302e-04
80 1.407920e-03 1.408497e-03 1.409837e-03 9.992966e-01 9.992963e-01 9.992956e-01 7.034152e-04 1.406437e-03 1.407766e-03 1.401760e-03 1.402333e-03 1.403636e-03
81 2.416212e-03 2.417168e-03 2.424416e-03 9.987934e-01 9.987929e-01 9.987893e-01 1.206569e-03 2.411089e-03 2.418284e-03 2.398052e-03 2.398998e-03 2.406089e-03
82 3.528722e-03 3.530176e-03 3.517679e-03 9.982387e-01 9.982380e-01 9.982441e-01 1.761194e-03 3.517913e-03 3.506016e-03 3.492156e-03 3.493590e-03 3.482856e-03
83 9.634571e-03 9.639501e-03 9.554345e-03 9.952110e-01 9.952086e-01 9.952491e-01 4.789037e-03 9.527219e-03 9.449840e-03 9.305544e-03 9.310261e-03 9.246802e-03
84 3.331325e-02 3.332262e-02 3.333243e-02 9.836428e-01 9.836382e-01 9.836341e-01 1.635508e-02 3.214916e-02 3.215589e-02 2.997807e-02 2.998626e-02 2.998776e-02
85 6.441775e-02 6.444973e-02 6.439899e-02 9.691721e-01 9.691569e-01 9.691835e-01 3.083021e-02 5.920275e-02 5.914996e-02 5.061718e-02 5.064066e-02 5.059882e-02
86 6.149130e-02 6.151708e-02 6.139661e-02 9.706538e-01 9.706417e-01 9.706911e-01 2.934577e-02 5.621996e-02 5.614006e-02 4.768516e-02 4.770293e-02 4.768461e-02
87 8.896565e-02 8.900911e-02 8.865965e-02 9.584527e-01 9.584331e-01 9.585678e-01 4.154837e-02 7.809281e-02 7.788667e-02 6.169241e-02 6.171737e-02 6.169309e-02
88 9.656677e-02 9.660196e-02 9.661308e-02 9.547486e-01 9.547328e-01 9.547242e-01 4.524764e-02 8.528351e-02 8.530085e-02 6.801487e-02 6.803414e-02 6.803826e-02
89 5.216744e-02 5.220044e-02 5.211415e-02 9.747247e-01 9.747089e-01 9.747428e-01 2.527961e-02 4.907132e-02 4.901951e-02 4.356933e-02 4.359433e-02 4.359304e-02
90 7.189146e-03 7.193308e-03 7.168447e-03 9.964208e-01 9.964187e-01 9.964307e-01 3.579501e-03 7.132131e-03 7.109037e-03 7.008384e-03 7.012393e-03 6.992587e-03
91 1.073273e-03 1.073761e-03 1.075421e-03 9.994637e-01 9.994634e-01 9.994626e-01 5.363333e-04 1.072490e-03 1.074143e-03 1.069468e-03 1.069954e-03 1.071595e-03
92 7.015936e-04 7.019796e-04 7.003544e-04 9.996494e-01 9.996492e-01 9.996500e-01 3.506120e-04 7.012146e-04 6.996061e-04 6.993048e-04 6.996892e-04 6.981135e-04
93 3.149535e-04 3.151100e-04 3.153145e-04 9.998426e-01 9.998425e-01 9.998424e-01 1.574409e-04 3.149697e-04 3.151738e-04 3.145331e-04 3.146893e-04 3.148929e-04
94 1.198982e-04 1.199592e-04 1.200086e-04 9.999401e-01 9.999400e-01 9.999400e-01 5.994820e-05 1.199433e-04 1.199926e-04 1.198507e-04 1.199116e-04 1.199606e-04
95 5.067815e-05 5.070415e-05 5.070259e-05 9.999747e-01 9.999746e-01 9.999746e-01 2.533852e-05 5.070122e-05 5.069969e-05 5.066938e-05 5.069537e-05 5.069388e-05
96 9.850887e-05 9.855525e-05 9.884773e-05 9.999507e-01 9.999507e-01 9.999506e-01 4.925171e-05 9.854468e-05 9.883716e-05 9.847718e-05 9.852353e-05 9.881602e-05
97 2.023323e-04 2.024255e-04 2.018836e-04 9.998988e-01 9.998988e-01 9.998991e-01 1.011533e-04 2.023857e-04 2.018451e-04 2.022133e-04 2.023063e-04 2.017682e-04
98 6.334313e-04 6.336973e-04 6.330190e-04 9.996834e-01 9.996832e-01 9.996836e-01 3.166047e-04 6.333064e-04 6.326328e-04 6.322604e-04 6.325257e-04 6.318615e-04
99 2.226303e-03 2.227122e-03 2.225995e-03 9.988880e-01 9.988876e-01 9.988882e-01 1.111927e-03 2.222348e-03 2.221263e-03 2.212035e-03 2.212847e-03 2.211844e-03
100 5.664949e-03 5.666717e-03 5.682569e-03 9.971740e-01 9.971731e-01 9.971652e-01 2.825797e-03 5.640880e-03 5.656656e-03 5.587933e-03 5.589663e-03 5.605290e-03
101 1.111971e-02 1.112473e-02 1.117593e-02 9.944750e-01 9.944725e-01 9.944475e-01 5.524975e-03 1.098641e-02 1.103532e-02 1.071431e-02 1.071907e-02 1.076365e-02
102 1.963006e-02 1.963824e-02 1.957469e-02 9.903223e-01 9.903183e-01 9.903476e-01 9.676951e-03 1.909890e-02 1.904472e-02 1.809139e-02 1.809855e-02 1.806036e-02
103 3.770565e-02 3.772305e-02 3.792378e-02 9.815615e-01 9.815530e-01 9.814631e-01 1.843928e-02 3.610942e-02 3.627110e-02 3.319545e-02 3.321015e-02 3.331198e-02
104 3.704125e-02 3.705338e-02 3.720134e-02 9.819211e-01 9.819153e-01 9.818466e-01 1.807714e-02 3.533448e-02 3.546197e-02 3.224847e-02 3.225823e-02 3.235144e-02
105 2.986614e-02 2.988004e-02 2.990418e-02 9.853459e-01 9.853391e-01 9.853236e-01 1.465460e-02 2.878862e-02 2.882543e-02 2.678246e-02 2.679411e-02 2.684834e-02
106 5.871239e-02 5.873856e-02 5.872588e-02 9.714787e-01 9.714661e-01 9.714666e-01 2.852263e-02 5.549211e-02 5.550095e-02 4.968053e-02 4.970099e-02 4.973889e-02
107 5.651649e-03 5.654803e-03 5.654389e-03 9.971821e-01 9.971805e-01 9.971807e-01 2.818373e-03 5.623283e-03 5.622890e-03 5.557949e-03 5.561016e-03 5.560662e-03
108 5.366813e-03 5.369287e-03 5.359850e-03 9.973249e-01 9.973236e-01 9.973282e-01 2.675142e-03 5.336285e-03 5.327427e-03 5.268821e-03 5.271226e-03 5.263483e-03
109 2.783681e-03 2.785267e-03 2.780545e-03 9.986113e-01 9.986105e-01 9.986128e-01 1.388702e-03 2.772706e-03 2.768184e-03 2.746383e-03 2.747938e-03 2.743796e-03
110 6.347728e-03 6.350520e-03 6.361898e-03 9.968385e-01 9.968371e-01 9.968314e-01 3.161505e-03 6.301333e-03 6.312519e-03 6.201797e-03 6.204493e-03 6.215301e-03
111 1.232008e-03 1.232883e-03 1.226034e-03 9.993850e-01 9.993846e-01 9.993880e-01 6.149934e-04 1.228713e-03 1.221976e-03 1.219578e-03 1.220439e-03 1.213923e-03
112 9.542287e-05 9.550859e-05 9.481697e-05 9.999523e-01 9.999522e-01 9.999526e-01 4.772546e-05 9.549292e-05 9.480173e-05 9.537594e-05 9.546158e-05 9.477124e-05
113 4.788235e-05 4.790751e-05 4.789398e-05 9.999761e-01 9.999760e-01 9.999761e-01 2.394071e-05 4.790405e-05 4.789057e-05 4.787200e-05 4.789714e-05 4.788373e-05
114 3.585574e-05 3.586904e-05 3.591942e-05 9.999821e-01 9.999821e-01 9.999820e-01 1.792611e-05 3.586757e-05 3.591795e-05 3.585133e-05 3.586463e-05 3.591501e-05
115 8.660291e-05 8.663496e-05 8.699101e-05 9.999567e-01 9.999567e-01 9.999565e-01 4.329535e-05 8.662620e-05 8.698218e-05 8.657663e-05 8.660868e-05 8.696452e-05
116 3.111154e-04 3.112770e-04 3.133165e-04 9.998445e-01 9.998444e-01 9.998434e-01 1.555154e-04 3.111303e-04 3.131657e-04 3.106762e-04 3.108375e-04 3.128644e-04
117 1.061853e-03 1.062403e-03 1.059335e-03 9.994695e-01 9.994692e-01 9.994707e-01 5.305445e-04 1.060863e-03 1.057823e-03 1.057247e-03 1.057794e-03 1.054809e-03
118 2.086128e-03 2.087172e-03 2.083147e-03 9.989584e-01 9.989579e-01 9.989598e-01 1.041601e-03 2.081324e-03 2.077463e-03 2.068676e-03 2.069708e-03 2.066169e-03
