0 5.335453e+01 5.339174e+01 5.349334e+01 2.359285e-01 2.358735e-01 2.325685e-01 7.640237e-01 8.100889e-01 8.158358e-01 4.089701e-02 4.088860e-02 4.593156e-02
1 2.138029e+02 2.138582e+02 2.142445e+02 3.272194e-05 3.258111e-05 3.947734e-07 9.999673e-01 9.999999e-01 1.000000e+00 5.383617e-08 5.338029e-08 1.591818e-12
2 2.558277e+02 2.557538e+02 2.556764e+02 7.811574e-04 7.776067e-04 6.677960e-04 9.992189e-01 9.999924e-01 9.999958e-01 7.694757e-06 7.629674e-06 4.178328e-06
3 1.454523e+02 1.458351e+02 1.437967e+02 2.035713e-02 2.030924e-02 2.142373e-02 9.796486e-01 9.960534e-01 9.960855e-01 3.732128e-03 3.718719e-03 3.758468e-03
4 4.088743e+01 4.091338e+01 4.157625e+01 9.182015e-02 9.169559e-02 9.210360e-02 9.081862e-01 9.719140e-01 9.720612e-01 2.354604e-02 2.350031e-02 2.376310e-02
5 8.487597e+00 8.493505e+00 8.499033e+00 2.621034e-01 2.618940e-01 2.612648e-01 7.379429e-01 8.720622e-01 8.728677e-01 8.501646e-02 8.494170e-02 8.502993e-02
6 1.800555e+00 1.801584e+00 1.800986e+00 6.221501e-01 6.219903e-01 6.218494e-01 3.778850e-01 5.174414e-01 5.178037e-01 1.441620e-01 1.441594e-01 1.444971e-01
7 4.946231e-01 4.949484e-01 4.881255e-01 8.358112e-01 8.357172e-01 8.354639e-01 1.642031e-01 2.594790e-01 2.598817e-01 1.216733e-01 1.217097e-01 1.218349e-01
8 1.445593e-01 1.446605e-01 1.471342e-01 9.413598e-01 9.413199e-01 9.408095e-01 5.864675e-02 1.016896e-01 1.022598e-01 6.443833e-02 6.447217e-02 6.449297e-02
9 5.352328e-02 5.355991e-02 5.366447e-02 9.747075e-01 9.746901e-01 9.746618e-01 2.529548e-02 4.809288e-02 4.811772e-02 3.979469e-02 3.982087e-02 3.978214e-02
10 6.334107e-02 6.337848e-02 6.309103e-02 9.704369e-01 9.704200e-01 9.705123e-01 2.956387e-02 5.564415e-02 5.552346e-02 4.452849e-02 4.455119e-02 4.456488e-02
11 1.533244e-01 1.534018e-01 1.538634e-01 9.350962e-01 9.350670e-01 9.350361e-01 6.490052e-02 1.144982e-01 1.144744e-01 7.596132e-02 7.598484e-02 7.596520e-02
12 1.755029e+00 1.755983e+00 1.757190e+00 6.348594e-01 6.347443e-01 6.344489e-01 3.651345e-01 4.975500e-01 4.974679e-01 1.350497e-01 1.350503e-01 1.344997e-01
13 1.537193e+01 1.537991e+01 1.534876e+01 1.582870e-01 1.581771e-01 1.557310e-01 8.417009e-01 9.346684e-01 9.374524e-01 4.652979e-02 4.649184e-02 4.628171e-02
14 3.636926e+01 3.638591e+01 3.637321e+01 3.309695e-02 3.305270e-02 2.985790e-02 9.669050e-01 9.940540e-01 9.959818e-01 5.470385e-03 5.460054e-03 3.896664e-03
15 3.262903e+01 3.264879e+01 3.266271e+01 1.665207e-01 1.664041e-01 1.691095e-01 8.335002e-01 9.063404e-01 9.039477e-01 5.081149e-02 5.077923e-02 5.174700e-02
16 3.068717e+01 3.070058e+01 3.072884e+01 4.446252e-02 4.442475e-02 4.045286e-02 9.555220e-01 9.905252e-01 9.935202e-01 8.457314e-03 8.448071e-03 6.207419e-03
17 2.812792e+01 2.814324e+01 2.809824e+01 4.438288e-02 4.431371e-02 4.251152e-02 9.556363e-01 9.908676e-01 9.921954e-01 8.358585e-03 8.339187e-03 7.369753e-03
18 8.381695e+00 8.386491e+00 8.375346e+00 3.232102e-01 3.230455e-01 3.230621e-01 6.768065e-01 8.076247e-01 8.077176e-01 1.008524e-01 1.008104e-01 1.010239e-01
19 3.117539e+00 3.119154e+00 3.073852e+00 6.162072e-01 6.160659e-01 6.159644e-01 3.837802e-01 5.176773e-01 5.177355e-01 1.444615e-01 1.444807e-01 1.446503e-01
20 7.990420e-01 8.000939e-01 7.844300e-01 8.117348e-01 8.115914e-01 8.116880e-01 1.883194e-01 2.805379e-01 2.806480e-01 1.210007e-01 1.210396e-01 1.213482e-01
21 1.905511e-01 1.906804e-01 1.883026e-01 9.283901e-01 9.283428e-01 9.282774e-01 7.161267e-02 1.230689e-01 1.229730e-01 7.952530e-02 7.956341e-02 7.939395e-02
22 6.442085e-02 6.446288e-02 6.433534e-02 9.691258e-01 9.691057e-01 9.691194e-01 3.087785e-02 5.943750e-02 5.946024e-02 5.141550e-02 5.144661e-02 5.153751e-02
23 1.399317e-02 1.400280e-02 1.406627e-02 9.930999e-01 9.930952e-01 9.930640e-01 6.900520e-03 1.362416e-02 1.368551e-02 1.291678e-02 1.292544e-02 1.298111e-02
24 2.206809e-03 2.208278e-03 2.228279e-03 9.989175e-01 9.989168e-01 9.989025e-01 1.082320e-03 2.127280e-03 2.163252e-03 1.984566e-03 1.985905e-03 2.043888e-03
25 1.612665e-03 1.614199e-03 1.635434e-03 9.992042e-01 9.992034e-01 9.991909e-01 7.960171e-04 1.573188e-03 1.601586e-03 1.496845e-03 1.498316e-03 1.537807e-03
26 3.771162e-04 3.773082e-04 3.761227e-04 9.998115e-01 9.998114e-01 9.998120e-01 1.885127e-04 3.771111e-04 3.759303e-04 3.765258e-04 3.767174e-04 3.755459e-04
27 1.614331e-03 1.615283e-03 1.588815e-03 9.991948e-01 9.991943e-01 9.992072e-01 8.051697e-04 1.607580e-03 1.582374e-03 1.591491e-03 1.592426e-03 1.569631e-03
28 1.877319e-02 1.878459e-02 1.871889e-02 9.908014e-01 9.907958e-01 9.908210e-01 9.198178e-03 1.805586e-02 1.801757e-02 1.676020e-02 1.676976e-02 1.676594e-02
29 2.107365e-01 2.108305e-01 2.120511e-01 9.081701e-01 9.081329e-01 9.078813e-01 9.182591e-02 1.638754e-01 1.641122e-01 1.084355e-01 1.084625e-01 1.084045e-01
30 3.302966e-01 3.304389e-01 3.317496e-01 8.597914e-01 8.597383e-01 8.593941e-01 1.402061e-01 2.437330e-01 2.441331e-01 1.429473e-01 1.429738e-01 1.429053e-01
31 2.082287e-01 2.083234e-01 2.082811e-01 9.067023e-01 9.066625e-01 9.066504e-01 9.329917e-02 1.693499e-01 1.694251e-01 1.174734e-01 1.175088e-01 1.177188e-01
32 5.459122e-01 5.461412e-01 5.444413e-01 7.862990e-01 7.862229e-01 7.861302e-01 2.137002e-01 3.539756e-01 3.544110e-01 1.770394e-01 1.770618e-01 1.775237e-01
33 1.221287e+00 1.221836e+00 1.219294e+00 6.306599e-01 6.305387e-01 6.305220e-01 3.693535e-01 5.431638e-01 5.434074e-01 1.786779e-01 1.786746e-01 1.790656e-01
34 6.049001e+00 6.051588e+00 6.062463e+00 2.904678e-01 2.903674e-01 2.895252e-01 7.095035e-01 8.483658e-01 8.498245e-01 9.130351e-02 9.126985e-02 9.186220e-02
35 2.260528e+01 2.261526e+01 2.263032e+01 8.405077e-02 8.397045e-02 8.175750e-02 9.159508e-01 9.749112e-01 9.772556e-01 2.097631e-02 2.094902e-02 1.981127e-02
36 2.296771e+01 2.297941e+01 2.291121e+01 6.782515e-02 6.775782e-02 6.545971e-02 9.321776e-01 9.826470e-01 9.847541e-01 1.532168e-02 1.530002e-02 1.393778e-02
37 2.511963e+01 2.513326e+01 2.526037e+01 1.081370e-01 1.080429e-01 1.082875e-01 8.918655e-01 9.556893e-01 9.568998e-01 3.140721e-02 3.137612e-02 3.221670e-02
38 2.965562e+01 2.966903e+01 2.966117e+01 4.502397e-02 4.497428e-02 4.060438e-02 9.549776e-01 9.896668e-01 9.927513e-01 9.202686e-03 9.188456e-03 6.892946e-03
39 5.394246e+00 5.399182e+00 5.405048e+00 3.661821e-01 3.659857e-01 3.644044e-01 6.338609e-01 7.775737e-01 7.807947e-01 1.097666e-01 1.097159e-01 1.115409e-01
40 2.870122e-01 2.871659e-01 2.861089e-01 8.824756e-01 8.824202e-01 8.824825e-01 1.175283e-01 2.011015e-01 2.012420e-01 1.158859e-01 1.159159e-01 1.161937e-01
41 8.629786e-02 8.637808e-02 8.682227e-02 9.595810e-01 9.595461e-01 9.593741e-01 4.043465e-02 7.620351e-02 7.647433e-02 6.082858e-02 6.086528e-02 6.094710e-02
42 2.667617e-02 2.669105e-02 2.662887e-02 9.870081e-01 9.870010e-01 9.870254e-01 1.299200e-02 2.534953e-02 2.531118e-02 2.297744e-02 2.298931e-02 2.298074e-02
43 5.451151e-03 5.454182e-03 5.458663e-03 9.972881e-01 9.972866e-01 9.972842e-01 2.711915e-03 5.399796e-03 5.404788e-03 5.290955e-03 5.293859e-03 5.299772e-03
44 2.199587e-03 2.200839e-03 2.189364e-03 9.989023e-01 9.989017e-01 9.989074e-01 1.097695e-03 2.192358e-03 2.181217e-03 2.174342e-03 2.175574e-03 2.165079e-03
45 1.713922e-03 1.714720e-03 1.709678e-03 9.991440e-01 9.991436e-01 9.991461e-01 8.559653e-04 1.710743e-03 1.705756e-03 1.702046e-03 1.702835e-03 1.697956e-03
46 1.216869e-03 1.217334e-03 1.219249e-03 9.993920e-01 9.993917e-01 9.993908e-01 6.080124e-04 1.215761e-03 1.217662e-03 1.212162e-03 1.212624e-03 1.214497e-03
47 3.279105e-03 3.280377e-03 3.282078e-03 9.983637e-01 9.983631e-01 9.983622e-01 1.636247e-03 3.267443e-03 3.269172e-03 3.240552e-03 3.241800e-03 3.243583e-03
48 1.067674e-02 1.068183e-02 1.068732e-02 9.947019e-01 9.946994e-01 9.946966e-01 5.298001e-03 1.052188e-02 1.052754e-02 1.020813e-02 1.021285e-02 1.021883e-02
49 5.891136e-02 5.894558e-02 5.863263e-02 9.718803e-01 9.718642e-01 9.719196e-01 2.811934e-02 5.398732e-02 5.398365e-02 4.643632e-02 4.646041e-02 4.661999e-02
50 6.390725e-01 6.394051e-01 6.445588e-01 7.918006e-01 7.917153e-01 7.914338e-01 2.081906e-01 3.299088e-01 3.303489e-01 1.522546e-01 1.522734e-01 1.526720e-01
51 2.347264e+00 2.348095e+00 2.364828e+00 5.186163e-01 5.185033e-01 5.176318e-01 4.813627e-01 6.491673e-01 6.508467e-01 1.579769e-01 1.579681e-01 1.588775e-01
52 2.233329e+00 2.233378e+00 2.225162e+00 5.516368e-01 5.514979e-01 5.507530e-01 4.483703e-01 6.061507e-01 6.076641e-01 1.555279e-01 1.555166e-01 1.564510e-01
53 3.516081e+00 3.518716e+00 3.513404e+00 4.202125e-01 4.200676e-01 4.192303e-01 5.797974e-01 7.416151e-01 7.430995e-01 1.315979e-01 1.315626e-01 1.324759e-01
54 2.663570e+00 2.665415e+00 2.669692e+00 5.030750e-01 5.028970e-01 5.027108e-01 4.969784e-01 6.583847e-01 6.586692e-01 1.467099e-01 1.466756e-01 1.466167e-01
55 5.440154e-01 5.443227e-01 5.449260e-01 8.075891e-01 8.074961e-01 8.073926e-01 1.924261e-01 3.058184e-01 3.060124e-01 1.398984e-01 1.399344e-01 1.402324e-01
56 4.524724e-02 4.526928e-02 4.525123e-02 9.780463e-01 9.780358e-01 9.780433e-01 2.195409e-02 4.267367e-02 4.266123e-02 3.809385e-02 3.811051e-02 3.810576e-02
57 1.054785e-02 1.055444e-02 1.057644e-02 9.947778e-01 9.947746e-01 9.947639e-01 5.222922e-03 1.034948e-02 1.037022e-02 9.950736e-03 9.956810e-03 9.975189e-03
58 4.739240e-03 4.741833e-03 4.740583e-03 9.976412e-01 9.976399e-01 9.976405e-01 2.358838e-03 4.698826e-03 4.697703e-03 4.612072e-03 4.614559e-03 4.613675e-03
59 1.804303e-03 1.805183e-03 1.803224e-03 9.990992e-01 9.990987e-01 9.990997e-01 9.007927e-04 1.799834e-03 1.797947e-03 1.788346e-03 1.789215e-03 1.787469e-03
60 4.767887e-04 4.770981e-04 4.741399e-04 9.997617e-01 9.997616e-01 9.997630e-01 2.383033e-04 4.766650e-04 4.737227e-04 4.754924e-04 4.758009e-04 4.728901e-04
61 1.622973e-04 1.623870e-04 1.631561e-04 9.999189e-01 9.999188e-01 9.999184e-01 8.114803e-05 1.623572e-04 1.631258e-04 1.622079e-04 1.622976e-04 1.630651e-04
62 2.834306e-04 2.835465e-04 2.836532e-04 9.998583e-01 9.998582e-01 9.998582e-01 1.416934e-04 2.834646e-04 2.835714e-04 2.831851e-04 2.833008e-04 2.834080e-04
63 1.053355e-03 1.053776e-03 1.058318e-03 9.994737e-01 9.994735e-01 9.994712e-01 5.262675e-04 1.052387e-03 1.056910e-03 1.049202e-03 1.049620e-03 1.054103e-03
64 4.446912e-03 4.448781e-03 4.430197e-03 9.977813e-01 9.977803e-01 9.977895e-01 2.218659e-03 4.429945e-03 4.411826e-03 4.390761e-03 4.392589e-03 4.375380e-03
65 2.248088e-02 2.249183e-02 2.253210e-02 9.888978e-01 9.888925e-01 9.888700e-01 1.110196e-02 2.194746e-02 2.199614e-02 2.091808e-02 2.092783e-02 2.098713e-02
66 1.077996e-01 1.078462e-01 1.080507e-01 9.496059e-01 9.495852e-01 9.494730e-01 5.039155e-02 9.480928e-02 9.504254e-02 7.519253e-02 7.521655e-02 7.545728e-02
67 1.650495e-01 1.651226e-01 1.648801e-01 9.237545e-01 9.237222e-01 9.237831e-01 7.624879e-02 1.418750e-01 1.418254e-01 1.074637e-01 1.074998e-01 1.075891e-01
68 3.320845e-01 3.322030e-01 3.322763e-01 8.589224e-01 8.588792e-01 8.587676e-01 1.410651e-01 2.463546e-01 2.466116e-01 1.493456e-01 1.493674e-01 1.496166e-01
69 9.274161e-01 9.278787e-01 9.312729e-01 6.922521e-01 6.921343e-01 6.916859e-01 3.077580e-01 4.729910e-01 4.736405e-01 1.812046e-01 1.812105e-01 1.817832e-01
70 1.633209e+00 1.633917e+00 1.642975e+00 5.875417e-01 5.874318e-01 5.869027e-01 4.124490e-01 5.850744e-01 5.860433e-01 1.713825e-01 1.713736e-01 1.719758e-01
71 2.253865e+00 2.254946e+00 2.260223e+00 5.061894e-01 5.060424e-01 5.050570e-01 4.938347e-01 6.606604e-01 6.620455e-01 1.502537e-01 1.502316e-01 1.508285e-01
72 2.164252e+00 2.165089e+00 2.170461e+00 4.938739e-01 4.937652e-01 4.925747e-01 5.061062e-01 6.921884e-01 6.940227e-01 1.608228e-01 1.607984e-01 1.619833e-01
73 1.642368e+00 1.643325e+00 1.644505e+00 5.921379e-01 5.919844e-01 5.914382e-01 4.078873e-01 5.655923e-01 5.664673e-01 1.517012e-01 1.516829e-01 1.523251e-01
74 6.955770e-02 6.965261e-02 6.973271e-02 9.671783e-01 9.671394e-01 9.671142e-01 3.284364e-02 6.243586e-02 6.246643e-02 5.192524e-02 5.195944e-02 5.194742e-02
75 1.625408e-02 1.626139e-02 1.621047e-02 9.919455e-01 9.919419e-01 9.919664e-01 8.054627e-03 1.597377e-02 1.592664e-02 1.541307e-02 1.541981e-02 1.537960e-02
76 8.829387e-03 8.833673e-03 8.851635e-03 9.956100e-01 9.956078e-01 9.955991e-01 4.390070e-03 8.735578e-03 8.752666e-03 8.540267e-03 8.544344e-03 8.559768e-03
77 1.337070e-03 1.337780e-03 1.340903e-03 9.993321e-01 9.993317e-01 9.993302e-01 6.679564e-04 1.335378e-03 1.338477e-03 1.329890e-03 1.330595e-03 1.333647e-03
78 3.064135e-04 3.065749e-04 3.070236e-04 9.998468e-01 9.998467e-01 9.998465e-01 1.531828e-04 3.064351e-04 3.068830e-04 3.059947e-04 3.061558e-04 3.066020e-04
79 3.290800e-04 3.292379e-04 3.284873e-04 9.998355e-01 9.998354e-01 9.998358e-01 1.645087e-04 3.291062e-04 3.283568e-04 3.286855e-04 3.288431e-04 3.280960e-04
80 1.200713e-03 1.201193e-03 1.201630e-03 9.994001e-01 9.993998e-01 9.993996e-01 5.998670e-04 1.199423e-03 1.199850e-03 1.195419e-03 1.195895e-03 1.196304e-03
81 3.104425e-03 3.105738e-03 3.091054e-03 9.984507e-01 9.984500e-01 9.984573e-01 1.549307e-03 3.094213e-03 3.079797e-03 3.070072e-03 3.071362e-03 3.057471e-03
82 4.388220e-03 4.389879e-03 4.399366e-03 9.978114e-01 9.978106e-01 9.978058e-01 2.188577e-03 4.367955e-03 4.377329e-03 4.322991e-03 4.324609e-03 4.333764e-03
83 6.620654e-03 6.623676e-03 6.635276e-03 9.967027e-01 9.967012e-01 9.966956e-01 3.297362e-03 6.571885e-03 6.582611e-03 6.467767e-03 6.470679e-03 6.479796e-03
84 2.150509e-02 2.150940e-02 2.140042e-02 9.893717e-01 9.893696e-01 9.894208e-01 1.062594e-02 2.101876e-02 2.092235e-02 2.008338e-02 2.008746e-02 2.001322e-02
85 8.066904e-02 8.071119e-02 8.057128e-02 9.619636e-01 9.619442e-01 9.620096e-01 3.803860e-02 7.213362e-02 7.201211e-02 5.902709e-02 5.905391e-02 5.896955e-02
86 1.206465e-01 1.206972e-01 1.205076e-01 9.449926e-01 9.449708e-01 9.450255e-01 5.500608e-02 1.014260e-01 1.013707e-01 7.514273e-02 7.516513e-02 7.523128e-02
87 1.584488e-01 1.585319e-01 1.597361e-01 9.304617e-01 9.304280e-01 9.300178e-01 6.954056e-02 1.244410e-01 1.250297e-01 8.302940e-02 8.305888e-02 8.316857e-02
88 1.927641e-01 1.928414e-01 1.925917e-01 9.142311e-01 9.141996e-01 9.142603e-01 8.576658e-02 1.548317e-01 1.547868e-01 1.054336e-01 1.054580e-01 1.055733e-01
89 5.126808e-02 5.129962e-02 5.122816e-02 9.752227e-01 9.752078e-01 9.752383e-01 2.478073e-02 4.799504e-02 4.794245e-02 4.226771e-02 4.229100e-02 4.226370e-02
90 4.749901e-03 4.752669e-03 4.769040e-03 9.976304e-01 9.976290e-01 9.976209e-01 2.369936e-03 4.731310e-03 4.747343e-03 4.686288e-03 4.688992e-03 4.704367e-03
91 1.369332e-03 1.370043e-03 1.373538e-03 9.993160e-01 9.993156e-01 9.993139e-01 6.840169e-04 1.367393e-03 1.370839e-03 1.361415e-03 1.362120e-03 1.365468e-03
92 7.397088e-04 7.401167e-04 7.385713e-04 9.996304e-01 9.996302e-01 9.996310e-01 3.695683e-04 7.389577e-04 7.374137e-04 7.362446e-04 7.366496e-04 7.351088e-04
93 1.857172e-04 1.858188e-04 1.852241e-04 9.999072e-01 9.999071e-01 9.999074e-01 9.284459e-05 1.857603e-04 1.851670e-04 1.855420e-04 1.856434e-04 1.850528e-04
94 5.157191e-05 5.159515e-05 5.167603e-05 9.999742e-01 9.999742e-01 9.999742e-01 2.578601e-05 5.159251e-05 5.167337e-05 5.156401e-05 5.158724e-05 5.166806e-05
95 3.449234e-05 3.451137e-05 3.455023e-05 9.999828e-01 9.999827e-01 9.999827e-01 1.724560e-05 3.450931e-05 3.454817e-05 3.448615e-05 3.450518e-05 3.454404e-05
96 1.065565e-04 1.066008e-04 1.065649e-04 9.999467e-01 9.999467e-01 9.999467e-01 5.327426e-05 1.065848e-04 1.065490e-04 1.065086e-04 1.065528e-04 1.065171e-04
97 1.227321e-04 1.227785e-04 1.229667e-04 9.999386e-01 9.999386e-01 9.999385e-01 6.135899e-05 1.227633e-04 1.229515e-04 1.226866e-04 1.227330e-04 1.229212e-04
98 3.360793e-04 3.362232e-04 3.364640e-04 9.998320e-01 9.998319e-01 9.998318e-01 1.680112e-04 3.361149e-04 3.363551e-04 3.357546e-04 3.358983e-04 3.361377e-04
99 1.063223e-03 1.063658e-03 1.064562e-03 9.994687e-01 9.994685e-01 9.994680e-01 5.312660e-04 1.062359e-03 1.063276e-03 1.059335e-03 1.059768e-03 1.060711e-03
100 4.508557e-03 4.510115e-03 4.520207e-03 9.977514e-01 9.977506e-01 9.977455e-01 2.248389e-03 4.487545e-03 4.497722e-03 4.441413e-03 4.442929e-03 4.453263e-03
101 1.117406e-02 1.117867e-02 1.116621e-02 9.944434e-01 9.944411e-01 9.944471e-01 5.556699e-03 1.105744e-02 1.104618e-02 1.081584e-02 1.082021e-02 1.081122e-02
102 2.092542e-02 2.093265e-02 2.102046e-02 9.896760e-01 9.896725e-01 9.896293e-01 1.032265e-02 2.038633e-02 2.047147e-02 1.935619e-02 1.936244e-02 1.944187e-02
103 5.872264e-02 5.875057e-02 5.860349e-02 9.716752e-01 9.716620e-01 9.717223e-01 2.832591e-02 5.478527e-02 5.468677e-02 4.811060e-02 4.813121e-02 4.810091e-02
104 7.189439e-02 7.191721e-02 7.201652e-02 9.656405e-01 9.656300e-01 9.655863e-01 3.435656e-02 6.586326e-02 6.594136e-02 5.584290e-02 5.585719e-02 5.590933e-02
105 6.713055e-02 6.715812e-02 6.743389e-02 9.679879e-01 9.679752e-01 9.678439e-01 3.201118e-02 6.125021e-02 6.150115e-02 5.156512e-02 5.158290e-02 5.179490e-02
106 9.534539e-02 9.539829e-02 9.534285e-02 9.548205e-01 9.547963e-01 9.548122e-01 4.518363e-02 8.594657e-02 8.593291e-02 7.065596e-02 7.068845e-02 7.072538e-02
107 7.075039e-03 7.078808e-03 7.064092e-03 9.964754e-01 9.964736e-01 9.964808e-01 3.524952e-03 7.027200e-03 7.012986e-03 6.922190e-03 6.925827e-03 6.912597e-03
108 1.041777e-02 1.042209e-02 1.044269e-02 9.948216e-01 9.948195e-01 9.948092e-01 5.178372e-03 1.030085e-02 1.032137e-02 1.006035e-02 1.006441e-02 1.008479e-02
109 6.428175e-03 6.431751e-03 6.440460e-03 9.968032e-01 9.968014e-01 9.967971e-01 3.196854e-03 6.363091e-03 6.371539e-03 6.226317e-03 6.229715e-03 6.237631e-03
110 1.158416e-02 1.158892e-02 1.158913e-02 9.942478e-01 9.942455e-01 9.942453e-01 5.752188e-03 1.143033e-02 1.143082e-02 1.111733e-02 1.112177e-02 1.112278e-02
111 1.054772e-03 1.055494e-03 1.052637e-03 9.994734e-01 9.994730e-01 9.994744e-01 5.266675e-04 1.052474e-03 1.049630e-03 1.045770e-03 1.046482e-03 1.043663e-03
112 1.348759e-04 1.349841e-04 1.350732e-04 9.999326e-01 9.999325e-01 9.999325e-01 6.745347e-05 1.349568e-04 1.350458e-04 1.347941e-04 1.349022e-04 1.349910e-04
113 4.184282e-05 4.186513e-05 4.202707e-05 9.999791e-01 9.999791e-01 9.999790e-01 2.092150e-05 4.186265e-05 4.202455e-05 4.183539e-05 4.185770e-05 4.201951e-05
114 2.832174e-05 2.833083e-05 2.840787e-05 9.999858e-01 9.999858e-01 9.999858e-01 1.415884e-05 2.832985e-05 2.840689e-05 2.831881e-05 2.832790e-05 2.840492e-05
115 1.061209e-04 1.061597e-04 1.064319e-04 9.999469e-01 9.999469e-01 9.999468e-01 5.305200e-05 1.061467e-04 1.064188e-04 1.060818e-04 1.061206e-04 1.063925e-04
116 2.183922e-04 2.184810e-04 2.185445e-04 9.998908e-01 9.998908e-01 9.998907e-01 1.091842e-04 2.184347e-04 2.184985e-04 2.182532e-04 2.183420e-04 2.184065e-04
117 7.580550e-04 7.584204e-04 7.586028e-04 9.996212e-01 9.996210e-01 9.996209e-01 3.788287e-04 7.576292e-04 7.578145e-04 7.556875e-04 7.560511e-04 7.562421e-04
118 2.745227e-03 2.746624e-03 2.756408e-03 9.986301e-01 9.986294e-01 9.986246e-01 1.369876e-03 2.735725e-03 2.745311e-03 2.712777e-03 2.714148e-03 2.723350e-03
