0 1.198308e+01 1.199169e+01 1.201212e+01 3.944971e-01 3.944067e-01 3.935934e-01 6.054601e-01 6.707404e-01 6.736228e-01 5.674070e-02 5.673420e-02 5.787415e-02
1 7.213655e+01 7.216570e+01 7.216263e+01 4.530997e-03 4.522932e-03 1.231297e-03 9.954694e-01 9.994653e-01 9.999868e-01 5.219786e-04 5.205762e-04 1.314979e-05
2 1.145798e+02 1.145222e+02 1.135497e+02 3.920374e-03 3.908294e-03 2.664472e-03 9.960811e-01 9.997670e-01 9.999320e-01 2.327009e-04 2.314775e-04 6.793642e-05
3 1.034294e+02 1.036359e+02 1.041136e+02 1.770962e-02 1.766772e-02 1.102042e-02 9.822953e-01 9.961322e-01 9.992531e-01 3.315342e-03 3.306147e-03 7.417821e-04
4 6.337673e+01 6.341712e+01 6.336906e+01 2.286113e-02 2.280635e-02 2.178676e-02 9.771446e-01 9.971641e-01 9.976415e-01 2.765764e-03 2.754414e-03 2.318711e-03
5 2.857546e+01 2.859628e+01 2.850237e+01 6.792974e-02 6.781736e-02 6.335331e-02 9.320810e-01 9.833531e-01 9.872532e-01 1.436503e-02 1.433252e-02 1.191503e-02
6 7.790122e+00 7.795732e+00 7.650551e+00 2.712694e-01 2.710381e-01 2.704612e-01 7.287837e-01 8.567312e-01 8.578053e-01 8.413749e-02 8.406407e-02 8.443028e-02
7 1.721305e+00 1.722316e+00 1.712295e+00 6.179280e-01 6.177585e-01 6.176537e-01 3.821082e-01 5.291840e-01 5.296684e-01 1.529618e-01 1.529586e-01 1.537042e-01
8 8.742265e-01 8.748653e-01 8.672001e-01 7.852850e-01 7.851488e-01 7.852889e-01 2.147462e-01 3.180609e-01 3.177843e-01 1.228729e-01 1.228988e-01 1.228849e-01
9 4.524827e-01 4.528351e-01 4.403309e-01 8.604783e-01 8.603705e-01 8.608326e-01 1.395461e-01 2.238424e-01 2.234046e-01 1.154427e-01 1.154929e-01 1.158277e-01
10 2.795589e-01 2.797557e-01 2.777374e-01 8.920990e-01 8.920235e-01 8.921062e-01 1.079202e-01 1.825655e-01 1.827019e-01 1.067450e-01 1.067989e-01 1.070850e-01
11 7.002458e-01 7.005875e-01 7.002710e-01 7.559499e-01 7.558534e-01 7.558221e-01 2.440509e-01 3.811481e-01 3.811961e-01 1.598870e-01 1.598989e-01 1.599469e-01
12 4.876317e+00 4.879014e+00 4.877194e+00 3.688293e-01 3.686528e-01 3.684161e-01 6.311934e-01 7.797563e-01 7.802496e-01 1.153669e-01 1.153192e-01 1.160465e-01
13 1.368456e+01 1.369143e+01 1.372576e+01 1.110808e-01 1.109874e-01 1.098928e-01 8.889163e-01 9.622800e-01 9.640595e-01 2.977362e-02 2.974327e-02 2.948928e-02
14 2.091962e+01 2.092852e+01 2.095505e+01 4.746189e-02 4.740891e-02 4.501759e-02 9.525452e-01 9.905899e-01 9.921030e-01 8.696946e-03 8.682591e-03 7.510482e-03
15 1.360974e+01 1.361790e+01 1.363617e+01 2.631437e-01 2.629841e-01 2.626210e-01 7.368967e-01 8.413048e-01 8.417717e-01 8.107499e-02 8.103243e-02 8.150708e-02
16 1.050435e+01 1.050866e+01 1.057598e+01 1.662924e-01 1.661889e-01 1.624190e-01 8.336896e-01 9.280821e-01 9.340128e-01 4.544396e-02 4.541220e-02 4.684400e-02
17 1.401239e+01 1.402072e+01 1.399099e+01 1.043240e-01 1.042151e-01 1.028508e-01 8.956958e-01 9.706897e-01 9.721071e-01 2.554290e-02 2.550567e-02 2.478179e-02
18 6.954849e+00 6.958969e+00 6.914859e+00 3.104976e-01 3.102991e-01 3.089827e-01 6.895432e-01 8.300783e-01 8.323695e-01 9.867939e-02 9.861451e-02 9.939534e-02
19 2.589811e+00 2.591135e+00 2.570085e+00 5.472410e-01 5.470810e-01 5.466575e-01 4.527671e-01 6.082581e-01 6.089520e-01 1.500788e-01 1.500700e-01 1.505352e-01
20 9.592734e-01 9.601487e-01 9.538838e-01 7.545970e-01 7.544245e-01 7.544477e-01 2.454617e-01 3.717847e-01 3.720915e-01 1.576411e-01 1.576750e-01 1.582881e-01
21 3.770397e-01 3.772812e-01 3.699074e-01 8.684543e-01 8.683730e-01 8.683175e-01 1.315514e-01 2.196637e-01 2.200137e-01 1.268142e-01 1.268584e-01 1.271754e-01
22 2.367137e-01 2.368471e-01 2.357914e-01 8.959267e-01 8.958671e-01 8.959353e-01 1.040859e-01 1.877325e-01 1.877335e-01 1.295751e-01 1.296280e-01 1.296156e-01
23 1.080348e-01 1.081036e-01 1.074336e-01 9.496750e-01 9.496434e-01 9.498322e-01 5.032834e-02 9.448854e-02 9.427175e-02 7.447932e-02 7.452082e-02 7.459058e-02
24 3.715179e-02 3.717735e-02 3.557978e-02 9.886446e-01 9.886372e-01 9.880841e-01 1.135426e-02 1.873379e-02 1.904097e-02 1.224636e-02 1.225226e-02 1.153288e-02
25 1.991337e-02 1.993646e-02 1.920283e-02 9.922444e-01 9.922342e-01 9.919954e-01 7.760036e-03 1.340638e-02 1.394325e-02 9.204068e-03 9.216841e-03 9.191136e-03
26 2.588478e-03 2.589746e-03 2.569533e-03 9.987082e-01 9.987076e-01 9.987175e-01 1.291733e-03 2.580063e-03 2.560682e-03 2.559682e-03 2.560934e-03 2.543146e-03
27 1.202397e-02 1.203119e-02 1.206951e-02 9.940773e-01 9.940737e-01 9.940511e-01 5.922258e-03 1.168287e-02 1.173320e-02 1.104538e-02 1.105200e-02 1.111401e-02
28 6.778133e-02 6.781382e-02 6.767289e-02 9.673593e-01 9.673438e-01 9.674012e-01 3.263939e-02 6.302943e-02 6.293262e-02 5.494888e-02 5.497272e-02 5.491834e-02
29 2.270708e-01 2.271644e-01 2.271322e-01 8.979771e-01 8.979357e-01 8.979009e-01 1.020247e-01 1.857812e-01 1.858816e-01 1.305253e-01 1.305665e-01 1.306685e-01
30 2.590900e-01 2.592097e-01 2.595063e-01 8.852447e-01 8.851931e-01 8.849791e-01 1.147568e-01 2.066831e-01 2.070745e-01 1.393475e-01 1.393894e-01 1.395851e-01
31 3.153735e-01 3.155520e-01 3.134917e-01 8.689055e-01 8.688317e-01 8.690812e-01 1.311056e-01 2.289371e-01 2.288265e-01 1.436448e-01 1.436946e-01 1.439961e-01
32 9.009200e-01 9.012879e-01 9.016483e-01 6.930136e-01 6.929067e-01 6.927212e-01 3.069920e-01 4.759760e-01 4.764288e-01 1.902866e-01 1.902921e-01 1.909112e-01
33 2.644515e+00 2.645855e+00 2.650998e+00 4.475861e-01 4.474113e-01 4.464270e-01 5.524426e-01 7.293144e-01 7.311947e-01 1.457593e-01 1.457146e-01 1.466068e-01
34 8.056990e+00 8.060584e+00 8.063664e+00 2.363138e-01 2.362072e-01 2.354735e-01 7.636730e-01 8.909438e-01 8.919581e-01 7.609323e-02 7.605460e-02 7.612566e-02
35 1.278105e+01 1.278710e+01 1.282384e+01 1.593072e-01 1.591857e-01 1.575652e-01 8.406996e-01 9.398232e-01 9.419771e-01 4.590263e-02 4.585712e-02 4.538307e-02
36 1.139414e+01 1.140008e+01 1.141303e+01 1.360041e-01 1.358911e-01 1.334826e-01 8.640090e-01 9.490629e-01 9.523496e-01 3.702042e-02 3.698353e-02 3.687711e-02
37 8.489755e+00 8.494457e+00 8.527394e+00 2.591057e-01 2.589372e-01 2.563907e-01 7.409059e-01 8.709811e-01 8.750409e-01 8.202270e-02 8.196542e-02 8.303814e-02
38 1.267209e+01 1.267743e+01 1.267087e+01 1.255832e-01 1.254795e-01 1.224774e-01 8.744276e-01 9.593081e-01 9.627087e-01 3.324579e-02 3.320863e-02 3.187071e-02
39 5.996411e+00 6.000819e+00 5.978111e+00 3.006448e-01 3.004542e-01 2.982178e-01 6.993939e-01 8.386377e-01 8.422173e-01 9.237039e-02 9.231127e-02 9.351045e-02
40 6.933521e-01 6.938359e-01 6.914315e-01 7.680117e-01 7.678759e-01 7.677844e-01 2.320190e-01 3.611604e-01 3.613548e-01 1.504004e-01 1.504188e-01 1.505190e-01
41 9.988089e-02 9.995738e-02 9.998764e-02 9.531114e-01 9.530770e-01 9.530419e-01 4.690059e-02 8.855877e-02 8.865163e-02 7.111512e-02 7.115676e-02 7.128856e-02
42 4.975405e-02 4.978217e-02 5.016161e-02 9.760579e-01 9.760446e-01 9.758865e-01 2.394252e-02 4.620830e-02 4.647364e-02 4.021336e-02 4.023430e-02 4.035239e-02
43 2.007752e-02 2.008483e-02 2.005489e-02 9.900858e-01 9.900822e-01 9.900971e-01 9.913391e-03 1.959304e-02 1.956343e-02 1.865329e-02 1.865997e-02 1.863128e-02
44 6.905559e-03 6.911628e-03 6.908169e-03 9.965678e-01 9.965648e-01 9.965664e-01 3.433167e-03 6.829721e-03 6.826741e-03 6.665279e-03 6.671045e-03 6.668873e-03
45 2.920596e-03 2.921444e-03 2.922734e-03 9.985427e-01 9.985423e-01 9.985416e-01 1.456961e-03 2.909466e-03 2.910732e-03 2.884894e-03 2.885750e-03 2.886972e-03
46 3.526440e-03 3.528719e-03 3.532070e-03 9.982406e-01 9.982395e-01 9.982378e-01 1.759730e-03 3.513502e-03 3.516789e-03 3.481142e-03 3.483372e-03 3.486536e-03
47 8.017191e-03 8.020963e-03 8.029411e-03 9.960098e-01 9.960080e-01 9.960037e-01 3.990213e-03 7.947608e-03 7.956178e-03 7.800220e-03 7.803860e-03 7.812648e-03
48 3.597349e-02 3.599634e-02 3.586307e-02 9.825998e-01 9.825887e-01 9.826289e-01 1.740037e-02 3.376326e-02 3.371614e-02 3.004899e-02 3.006770e-02 3.008575e-02
49 2.229407e-01 2.230712e-01 2.227862e-01 9.036845e-01 9.036298e-01 9.036045e-01 9.631625e-02 1.721496e-01 1.721834e-01 1.164538e-01 1.165003e-01 1.165137e-01
50 8.952347e-01 8.956708e-01 9.012796e-01 7.126427e-01 7.125266e-01 7.121885e-01 2.873670e-01 4.435682e-01 4.440333e-01 1.810750e-01 1.810855e-01 1.814193e-01
51 1.242154e+00 1.242686e+00 1.245321e+00 6.569403e-01 6.568349e-01 6.569348e-01 3.430517e-01 4.979916e-01 4.981899e-01 1.649768e-01 1.649882e-01 1.652193e-01
52 8.724941e-01 8.724588e-01 8.701484e-01 7.181525e-01 7.180422e-01 7.177411e-01 2.818465e-01 4.316723e-01 4.323681e-01 1.731127e-01 1.731343e-01 1.736984e-01
53 1.636181e+00 1.637485e+00 1.640416e+00 5.773131e-01 5.771457e-01 5.766592e-01 4.227187e-01 6.023172e-01 6.032925e-01 1.739785e-01 1.739562e-01 1.749817e-01
54 1.418291e+00 1.419149e+00 1.413164e+00 6.352065e-01 6.350386e-01 6.353365e-01 3.648491e-01 5.215074e-01 5.211493e-01 1.641534e-01 1.641413e-01 1.640993e-01
55 6.832364e-01 6.835748e-01 6.842111e-01 7.617840e-01 7.616770e-01 7.613329e-01 2.382384e-01 3.729938e-01 3.734586e-01 1.586490e-01 1.586792e-01 1.588340e-01
56 1.333223e-01 1.333902e-01 1.333832e-01 9.390521e-01 9.390219e-01 9.390148e-01 6.094969e-02 1.126408e-01 1.126579e-01 8.397353e-02 8.400948e-02 8.401121e-02
57 1.662296e-02 1.663400e-02 1.663524e-02 9.917805e-01 9.917751e-01 9.917746e-01 8.220768e-03 1.627036e-02 1.627112e-02 1.556838e-02 1.557849e-02 1.557839e-02
58 6.287610e-03 6.291072e-03 6.276030e-03 9.968715e-01 9.968698e-01 9.968772e-01 3.128511e-03 6.230109e-03 6.215503e-03 6.107546e-03 6.110872e-03 6.097103e-03
59 3.795347e-03 3.796918e-03 3.816184e-03 9.981082e-01 9.981074e-01 9.980978e-01 1.891624e-03 3.773613e-03 3.792623e-03 3.726174e-03 3.727706e-03 3.746212e-03
60 1.639907e-03 1.641193e-03 1.641059e-03 9.991814e-01 9.991807e-01 9.991808e-01 8.187796e-04 1.635826e-03 1.635744e-03 1.623910e-03 1.625182e-03 1.625200e-03
61 7.736563e-04 7.741199e-04 7.725697e-04 9.996134e-01 9.996132e-01 9.996139e-01 3.866500e-04 7.732484e-04 7.717055e-04 7.710479e-04 7.715099e-04 7.699815e-04
62 1.274796e-03 1.275442e-03 1.272611e-03 9.993631e-01 9.993627e-01 9.993642e-01 6.369281e-04 1.273582e-03 1.270765e-03 1.269231e-03 1.269872e-03 1.267084e-03
63 4.752123e-03 4.754675e-03 4.782765e-03 9.976336e-01 9.976323e-01 9.976183e-01 2.366212e-03 4.716299e-03 4.744510e-03 4.639786e-03 4.642255e-03 4.670339e-03
64 1.575979e-02 1.576730e-02 1.573226e-02 9.921819e-01 9.921782e-01 9.921949e-01 7.817954e-03 1.552192e-02 1.549003e-02 1.504084e-02 1.504786e-02 1.502158e-02
65 4.755625e-02 4.757637e-02 4.747384e-02 9.767432e-01 9.767335e-01 9.767731e-01 2.325592e-02 4.553962e-02 4.547990e-02 4.182008e-02 4.183664e-02 4.183642e-02
66 1.121193e-01 1.121628e-01 1.123644e-01 9.466998e-01 9.466796e-01 9.465862e-01 5.329948e-02 1.016662e-01 1.018405e-01 8.442546e-02 8.445332e-02 8.458907e-02
67 1.709412e-01 1.710173e-01 1.713392e-01 9.204041e-01 9.203695e-01 9.202083e-01 7.959840e-02 1.490701e-01 1.493854e-01 1.153931e-01 1.154348e-01 1.157141e-01
68 3.817862e-01 3.819263e-01 3.808811e-01 8.397663e-01 8.397138e-01 8.398850e-01 1.602277e-01 2.775268e-01 2.774151e-01 1.632268e-01 1.632520e-01 1.634216e-01
69 7.528997e-01 7.532737e-01 7.562286e-01 7.382909e-01 7.381827e-01 7.372874e-01 2.617198e-01 4.148402e-01 4.163303e-01 1.841642e-01 1.841864e-01 1.851547e-01
70 8.365970e-01 8.369541e-01 8.340225e-01 7.190936e-01 7.189951e-01 7.191935e-01 2.809138e-01 4.404254e-01 4.403800e-01 1.891171e-01 1.891327e-01 1.895225e-01
71 9.397112e-01 9.401481e-01 9.386785e-01 7.017836e-01 7.016676e-01 7.018234e-01 2.982367e-01 4.532576e-01 4.530785e-01 1.746191e-01 1.746333e-01 1.748146e-01
72 8.057922e-01 8.061083e-01 8.060460e-01 7.183059e-01 7.182181e-01 7.175962e-01 2.816872e-01 4.471415e-01 4.482769e-01 1.973190e-01 1.973290e-01 1.979836e-01
73 1.123737e+00 1.124246e+00 1.128609e+00 6.616985e-01 6.615822e-01 6.609489e-01 3.383051e-01 4.980264e-01 4.989546e-01 1.701375e-01 1.701465e-01 1.709006e-01
74 3.121467e-01 3.125023e-01 3.151187e-01 9.272021e-01 9.271098e-01 9.273419e-01 7.283062e-02 1.231396e-01 1.232793e-01 7.645794e-02 7.651495e-02 7.681345e-02
75 1.099724e-02 1.100331e-02 1.097522e-02 9.945386e-01 9.945356e-01 9.945484e-01 5.461546e-03 1.085558e-02 1.083243e-02 1.056542e-02 1.057121e-02 1.055632e-02
76 9.215342e-03 9.219692e-03 9.247464e-03 9.954144e-01 9.954122e-01 9.953984e-01 4.585698e-03 9.131986e-03 9.159351e-03 8.955817e-03 8.960021e-03 8.986600e-03
77 3.094402e-03 3.096016e-03 3.102233e-03 9.984555e-01 9.984547e-01 9.984516e-01 1.544509e-03 3.085101e-03 3.091249e-03 3.061847e-03 3.063439e-03 3.069448e-03
78 7.467567e-04 7.471833e-04 7.485910e-04 9.996268e-01 9.996266e-01 9.996259e-01 3.731797e-04 7.463667e-04 7.477995e-04 7.443137e-04 7.447387e-04 7.462207e-04
79 7.698857e-04 7.701975e-04 7.703541e-04 9.996152e-01 9.996150e-01 9.996150e-01 3.848014e-04 7.696404e-04 7.697975e-04 7.682167e-04 7.685276e-04 7.686857e-04
80 1.420646e-03 1.421216e-03 1.424175e-03 9.992902e-01 9.992899e-01 9.992884e-01 7.097825e-04 1.419164e-03 1.422116e-03 1.414507e-03 1.415073e-03 1.418014e-03
81 2.278911e-03 2.279793e-03 2.284729e-03 9.988619e-01 9.988614e-01 9.988590e-01 1.138129e-03 2.274550e-03 2.279471e-03 2.263241e-03 2.264115e-03 2.269007e-03
82 3.573431e-03 3.575017e-03 3.553767e-03 9.982167e-01 9.982159e-01 9.982263e-01 1.783231e-03 3.561502e-03 3.541034e-03 3.533180e-03 3.534745e-03 3.515784e-03
83 1.065755e-02 1.066304e-02 1.059009e-02 9.947066e-01 9.947038e-01 9.947385e-01 5.293470e-03 1.052291e-02 1.045704e-02 1.024785e-02 1.025308e-02 1.019966e-02
84 3.446244e-02 3.447334e-02 3.454579e-02 9.830894e-01 9.830841e-01 9.830496e-01 1.690858e-02 3.321771e-02 3.328316e-02 3.090328e-02 3.091271e-02 3.096445e-02
85 5.949865e-02 5.952824e-02 5.959319e-02 9.714156e-01 9.714015e-01 9.713743e-01 2.858655e-02 5.508177e-02 5.512845e-02 4.767375e-02 4.769624e-02 4.772417e-02
86 5.446677e-02 5.448975e-02 5.446808e-02 9.738362e-01 9.738254e-01 9.738333e-01 2.616340e-02 5.041082e-02 5.039976e-02 4.364482e-02 4.366156e-02 4.366485e-02
87 7.988056e-02 7.992191e-02 7.928548e-02 9.624094e-01 9.623905e-01 9.626346e-01 3.759154e-02 7.113985e-02 7.076068e-02 5.765404e-02 5.767932e-02 5.759051e-02
88 8.398468e-02 8.401494e-02 8.399670e-02 9.603180e-01 9.603042e-01 9.602994e-01 3.967836e-02 7.532682e-02 7.535293e-02 6.168371e-02 6.170185e-02 6.175732e-02
89 5.004199e-02 5.007336e-02 5.011633e-02 9.757136e-01 9.756986e-01 9.756746e-01 2.429051e-02 4.722429e-02 4.727609e-02 4.217495e-02 4.219915e-02 4.226094e-02
90 7.686871e-03 7.691255e-03 7.662604e-03 9.961745e-01 9.961723e-01 9.961861e-01 3.825789e-03 7.619885e-03 7.593384e-03 7.476212e-03 7.480425e-03 7.457927e-03
91 1.022903e-03 1.023369e-03 1.024247e-03 9.994888e-01 9.994886e-01 9.994882e-01 5.111866e-04 1.022254e-03 1.023132e-03 1.019565e-03 1.020029e-03 1.020907e-03
92 6.701653e-04 6.705343e-04 6.667359e-04 9.996651e-01 9.996649e-01 9.996668e-01 3.349243e-04 6.698713e-04 6.660935e-04 6.681808e-04 6.685485e-04 6.648118e-04
93 3.231050e-04 3.232648e-04 3.238315e-04 9.998385e-01 9.998384e-01 9.998381e-01 1.615153e-04 3.231203e-04 3.236858e-04 3.226723e-04 3.228318e-04 3.233946e-04
94 1.295618e-04 1.296284e-04 1.299982e-04 9.999352e-01 9.999352e-01 9.999350e-01 6.477954e-05 1.296094e-04 1.299790e-04 1.295048e-04 1.295714e-04 1.299404e-04
95 5.270870e-05 5.273497e-05 5.255522e-05 9.999736e-01 9.999736e-01 9.999737e-01 2.635377e-05 5.273183e-05 5.255213e-05 5.269928e-05 5.272554e-05 5.254595e-05
96 9.816460e-05 9.821196e-05 9.843164e-05 9.999509e-01 9.999509e-01 9.999508e-01 4.907954e-05 9.820145e-05 9.842115e-05 9.813309e-05 9.818042e-05 9.840016e-05
97 2.225365e-04 2.226431e-04 2.222748e-04 9.998887e-01 9.998887e-01 9.998889e-01 1.112523e-04 2.225911e-04 2.222245e-04 2.223806e-04 2.224871e-04 2.221238e-04
98 7.019845e-04 7.022743e-04 7.010144e-04 9.996491e-01 9.996490e-01 9.996496e-01 3.508521e-04 7.017818e-04 7.005279e-04 7.005096e-04 7.007985e-04 6.995563e-04
99 2.423861e-03 2.424771e-03 2.419131e-03 9.987895e-01 9.987890e-01 9.987918e-01 1.210513e-03 2.419220e-03 2.413660e-03 2.407274e-03 2.408176e-03 2.402773e-03
100 5.765187e-03 5.766960e-03 5.775677e-03 9.971239e-01 9.971230e-01 9.971187e-01 2.875874e-03 5.740898e-03 5.749595e-03 5.687488e-03 5.689224e-03 5.697881e-03
101 1.099738e-02 1.100237e-02 1.107354e-02 9.945367e-01 9.945342e-01 9.944996e-01 5.463219e-03 1.086194e-02 1.092938e-02 1.058643e-02 1.059116e-02 1.065157e-02
102 1.879027e-02 1.879834e-02 1.877610e-02 9.907304e-01 9.907264e-01 9.907368e-01 9.268961e-03 1.830493e-02 1.828576e-02 1.737968e-02 1.738680e-02 1.737309e-02
103 3.383463e-02 3.385033e-02 3.397002e-02 9.834123e-01 9.834047e-01 9.833530e-01 1.658837e-02 3.256221e-02 3.265106e-02 3.020437e-02 3.021790e-02 3.025897e-02
104 3.212689e-02 3.213741e-02 3.221144e-02 9.842699e-01 9.842648e-01 9.842299e-01 1.572862e-02 3.083620e-02 3.090195e-02 2.846798e-02 2.847677e-02 2.852751e-02
105 2.582781e-02 2.583995e-02 2.581006e-02 9.872861e-01 9.872802e-01 9.872912e-01 1.271448e-02 2.505456e-02 2.503944e-02 2.358753e-02 2.359802e-02 2.360566e-02
106 5.257129e-02 5.259396e-02 5.251133e-02 9.743745e-01 9.743636e-01 9.744007e-01 2.562644e-02 5.001757e-02 4.995097e-02 4.533833e-02 4.535664e-02 4.531599e-02
107 5.317779e-03 5.320757e-03 5.331023e-03 9.973481e-01 9.973466e-01 9.973415e-01 2.652328e-03 5.292886e-03 5.303052e-03 5.234870e-03 5.237770e-03 5.247740e-03
108 4.646374e-03 4.648563e-03 4.657159e-03 9.976830e-01 9.976819e-01 9.976776e-01 2.316989e-03 4.623780e-03 4.632429e-03 4.572700e-03 4.574838e-03 4.583585e-03
109 2.367424e-03 2.368767e-03 2.371176e-03 9.988185e-01 9.988178e-01 9.988166e-01 1.181493e-03 2.359887e-03 2.362442e-03 2.341016e-03 2.342339e-03 2.345170e-03
110 5.525043e-03 5.527477e-03 5.537568e-03 9.972470e-01 9.972458e-01 9.972408e-01 2.753017e-03 5.489650e-03 5.499455e-03 5.412684e-03 5.415047e-03 5.424296e-03
111 1.197063e-03 1.197921e-03 1.193330e-03 9.994025e-01 9.994020e-01 9.994043e-01 5.975712e-04 1.193963e-03 1.189463e-03 1.185262e-03 1.186107e-03 1.181787e-03
112 8.558302e-05 8.566106e-05 8.538413e-05 9.999572e-01 9.999572e-01 9.999573e-01 4.280472e-05 8.564815e-05 8.537145e-05 8.554435e-05 8.562233e-05 8.534608e-05
113 4.616195e-05 4.618632e-05 4.625465e-05 9.999769e-01 9.999769e-01 9.999769e-01 2.308047e-05 4.618304e-05 4.625137e-05 4.615212e-05 4.617648e-05 4.624481e-05
114 3.529550e-05 3.530873e-05 3.529396e-05 9.999824e-01 9.999823e-01 9.999824e-01 1.764612e-05 3.530731e-05 3.529253e-05 3.529122e-05 3.530445e-05 3.528968e-05
115 8.058314e-05 8.061509e-05 8.060375e-05 9.999597e-01 9.999597e-01 9.999597e-01 4.028613e-05 8.060735e-05 8.059609e-05 8.055996e-05 8.059189e-05 8.058077e-05
116 3.291733e-04 3.293489e-04 3.309179e-04 9.998355e-01 9.998354e-01 9.998346e-01 1.645365e-04 3.291732e-04 3.307356e-04 3.286474e-04 3.288226e-04 3.303716e-04
117 1.069387e-03 1.069942e-03 1.069224e-03 9.994657e-01 9.994654e-01 9.994658e-01 5.343096e-04 1.068392e-03 1.067697e-03 1.064751e-03 1.065303e-03 1.064654e-03
118 1.900567e-03 1.901518e-03 1.896342e-03 9.990509e-01 9.990504e-01 9.990530e-01 9.490862e-04 1.896728e-03 1.891676e-03 1.886266e-03 1.887207e-03 1.882396e-03
