0 1.393642e+01 1.394656e+01 1.391745e+01 3.771120e-01 3.770249e-01 3.760794e-01 6.228443e-01 6.858772e-01 6.890912e-01 5.517950e-02 5.517205e-02 5.583136e-02
1 8.086277e+01 8.089488e+01 8.096590e+01 3.554448e-03 3.547686e-03 8.351168e-04 9.964458e-01 9.996415e-01 9.999938e-01 3.530018e-04 3.519341e-04 6.187748e-06
2 1.253024e+02 1.252394e+02 1.245667e+02 3.889817e-03 3.877668e-03 2.894324e-03 9.961115e-01 9.997792e-01 9.999197e-01 2.207250e-04 2.195175e-04 8.023671e-05
3 1.092836e+02 1.095083e+02 1.100448e+02 1.882968e-02 1.878619e-02 1.293797e-02 9.811752e-01 9.957923e-01 9.988813e-01 3.630869e-03 3.620817e-03 1.106771e-03
4 6.336564e+01 6.340682e+01 6.338140e+01 2.630326e-02 2.624225e-02 2.505268e-02 9.737025e-01 9.963434e-01 9.969303e-01 3.534329e-03 3.520685e-03 3.002002e-03
5 2.651698e+01 2.653641e+01 2.644087e+01 7.633010e-02 7.620819e-02 7.265931e-02 9.236824e-01 9.803478e-01 9.837559e-01 1.685487e-02 1.681798e-02 1.492840e-02
6 6.738512e+00 6.743247e+00 6.634673e+00 3.033428e-01 3.031063e-01 3.021018e-01 6.967133e-01 8.326671e-01 8.339106e-01 9.413475e-02 9.406135e-02 9.418012e-02
7 1.556405e+00 1.557319e+00 1.547142e+00 6.405534e-01 6.403917e-01 6.402300e-01 3.594764e-01 5.049831e-01 5.053656e-01 1.546127e-01 1.546164e-01 1.552088e-01
8 7.668193e-01 7.673623e-01 7.581346e-01 8.006701e-01 8.005442e-01 8.008928e-01 1.993595e-01 2.985924e-01 2.981984e-01 1.198395e-01 1.198665e-01 1.198763e-01
9 3.881874e-01 3.884833e-01 3.806319e-01 8.737304e-01 8.736329e-01 8.736432e-01 1.262918e-01 2.051190e-01 2.050269e-01 1.099048e-01 1.099543e-01 1.099954e-01
10 2.464452e-01 2.466158e-01 2.454689e-01 9.017513e-01 9.016836e-01 9.018157e-01 9.826486e-02 1.684130e-01 1.683689e-01 1.018761e-01 1.019278e-01 1.021287e-01
11 6.106608e-01 6.109500e-01 6.100967e-01 7.799278e-01 7.798419e-01 7.798374e-01 2.200712e-01 3.497135e-01 3.497700e-01 1.564110e-01 1.564268e-01 1.564512e-01
12 4.588832e+00 4.591379e+00 4.606430e+00 3.906499e-01 3.904775e-01 3.905035e-01 6.093692e-01 7.585807e-01 7.587195e-01 1.204203e-01 1.203777e-01 1.209785e-01
13 1.415630e+01 1.416336e+01 1.421541e+01 1.113757e-01 1.112819e-01 1.096910e-01 8.886207e-01 9.619155e-01 9.640987e-01 2.990732e-02 2.987651e-02 2.942958e-02
14 2.222140e+01 2.223076e+01 2.219491e+01 4.594163e-02 4.589011e-02 4.363738e-02 9.540647e-01 9.911186e-01 9.924210e-01 8.270121e-03 8.256138e-03 7.215129e-03
15 1.490816e+01 1.491716e+01 1.493522e+01 2.534437e-01 2.532867e-01 2.529499e-01 7.465955e-01 8.479020e-01 8.476377e-01 7.830727e-02 7.826496e-02 7.846238e-02
16 1.167571e+01 1.168056e+01 1.173960e+01 1.527721e-01 1.526760e-01 1.493660e-01 8.472084e-01 9.354721e-01 9.407300e-01 4.155546e-02 4.152696e-02 4.277254e-02
17 1.515762e+01 1.516642e+01 1.510105e+01 9.565501e-02 9.555130e-02 9.426619e-02 9.043634e-01 9.745054e-01 9.759408e-01 2.251639e-02 2.248171e-02 2.170395e-02
18 7.167222e+00 7.171504e+00 7.159029e+00 3.093803e-01 3.091856e-01 3.090145e-01 6.906579e-01 8.297255e-01 8.304956e-01 9.830892e-02 9.824631e-02 9.924517e-02
19 2.638740e+00 2.640086e+00 2.628220e+00 5.524843e-01 5.523262e-01 5.520946e-01 4.475205e-01 6.017347e-01 6.020567e-01 1.501804e-01 1.501737e-01 1.505088e-01
20 9.648942e-01 9.658036e-01 9.591125e-01 7.581335e-01 7.579635e-01 7.580017e-01 2.419245e-01 3.657224e-01 3.659767e-01 1.555005e-01 1.555350e-01 1.561182e-01
21 3.687437e-01 3.689837e-01 3.617833e-01 8.717454e-01 8.716653e-01 8.716086e-01 1.282599e-01 2.142171e-01 2.146292e-01 1.241606e-01 1.242048e-01 1.246304e-01
22 2.199340e-01 2.200589e-01 2.193474e-01 9.025209e-01 9.024648e-01 9.024942e-01 9.749081e-02 1.767948e-01 1.767891e-01 1.242412e-01 1.242936e-01 1.242007e-01
23 9.505081e-02 9.511199e-02 9.445185e-02 9.554430e-01 9.554148e-01 9.556236e-01 4.455986e-02 8.410657e-02 8.382666e-02 6.760029e-02 6.763887e-02 6.761220e-02
24 3.084994e-02 3.087074e-02 2.969871e-02 9.899534e-01 9.899467e-01 9.894627e-01 1.004574e-02 1.665615e-02 1.706188e-02 1.092410e-02 1.092937e-02 1.024675e-02
25 1.712068e-02 1.714030e-02 1.662245e-02 9.930928e-01 9.930840e-01 9.928926e-01 6.910898e-03 1.207438e-02 1.256212e-02 8.415254e-03 8.426637e-03 8.515435e-03
26 2.261451e-03 2.262565e-03 2.253717e-03 9.988711e-01 9.988705e-01 9.988748e-01 1.128860e-03 2.255374e-03 2.247006e-03 2.240038e-03 2.241140e-03 2.233695e-03
27 1.033052e-02 1.033674e-02 1.036226e-02 9.949026e-01 9.948995e-01 9.948838e-01 5.097017e-03 1.007150e-02 1.010748e-02 9.581599e-03 9.587375e-03 9.634886e-03
28 6.208370e-02 6.211400e-02 6.211212e-02 9.700589e-01 9.700445e-01 9.700317e-01 2.993984e-02 5.790154e-02 5.794353e-02 5.078832e-02 5.081083e-02 5.088043e-02
29 2.248360e-01 2.249292e-01 2.249240e-01 8.992116e-01 8.991708e-01 8.991426e-01 1.007897e-01 1.832795e-01 1.833618e-01 1.283696e-01 1.284095e-01 1.285280e-01
30 2.589028e-01 2.590215e-01 2.582302e-01 8.851071e-01 8.850564e-01 8.851861e-01 1.148937e-01 2.070559e-01 2.070055e-01 1.395065e-01 1.395475e-01 1.397880e-01
31 3.040173e-01 3.041876e-01 3.025171e-01 8.725451e-01 8.724743e-01 8.726541e-01 1.274647e-01 2.234799e-01 2.234273e-01 1.417846e-01 1.418339e-01 1.421099e-01
32 8.419795e-01 8.423249e-01 8.438589e-01 7.071748e-01 7.070727e-01 7.064417e-01 2.928287e-01 4.586289e-01 4.595358e-01 1.905618e-01 1.905712e-01 1.910699e-01
33 2.482980e+00 2.484239e+00 2.491693e+00 4.616539e-01 4.614823e-01 4.606084e-01 5.383738e-01 7.161664e-01 7.179213e-01 1.492694e-01 1.492278e-01 1.502679e-01
34 8.073242e+00 8.076879e+00 8.061787e+00 2.367313e-01 2.366261e-01 2.359675e-01 7.632528e-01 8.899291e-01 8.908069e-01 7.605583e-02 7.601755e-02 7.613326e-02
35 1.375908e+01 1.376548e+01 1.378553e+01 1.485683e-01 1.484528e-01 1.465000e-01 8.514376e-01 9.454450e-01 9.476063e-01 4.223322e-02 4.219000e-02 4.143489e-02
36 1.218253e+01 1.218888e+01 1.219140e+01 1.298647e-01 1.297564e-01 1.277504e-01 8.701469e-01 9.519335e-01 9.547404e-01 3.531775e-02 3.528245e-02 3.521747e-02
37 9.495000e+00 9.500276e+00 9.556903e+00 2.412949e-01 2.411322e-01 2.385798e-01 7.587154e-01 8.817054e-01 8.855225e-01 7.582361e-02 7.576825e-02 7.690448e-02
38 1.389783e+01 1.390359e+01 1.386548e+01 1.142908e-01 1.141939e-01 1.108799e-01 8.857183e-01 9.644746e-01 9.679074e-01 2.946267e-02 2.942844e-02 2.785650e-02
39 6.098323e+00 6.102925e+00 6.055444e+00 3.019963e-01 3.018058e-01 3.005661e-01 6.980418e-01 8.364916e-01 8.389991e-01 9.262486e-02 9.256602e-02 9.405540e-02
40 6.410822e-01 6.415253e-01 6.385328e-01 7.801821e-01 7.800546e-01 7.799782e-01 2.198459e-01 3.456064e-01 3.458538e-01 1.489248e-01 1.489449e-01 1.492329e-01
41 9.878078e-02 9.885911e-02 9.855302e-02 9.536689e-01 9.536339e-01 9.537412e-01 4.634370e-02 8.744990e-02 8.729983e-02 7.009347e-02 7.013470e-02 7.014857e-02
42 4.851295e-02 4.854009e-02 4.867134e-02 9.766487e-01 9.766358e-01 9.765847e-01 2.335172e-02 4.507985e-02 4.516007e-02 3.927389e-02 3.929416e-02 3.931725e-02
43 1.851821e-02 1.852516e-02 1.849138e-02 9.908485e-01 9.908451e-01 9.908616e-01 9.150808e-03 1.809978e-02 1.806770e-02 1.728403e-02 1.729041e-02 1.726163e-02
44 6.265782e-03 6.271056e-03 6.271718e-03 9.968841e-01 9.968814e-01 9.968811e-01 3.116758e-03 6.203662e-03 6.204286e-03 6.067774e-03 6.072822e-03 6.073333e-03
45 2.704942e-03 2.705775e-03 2.699159e-03 9.986500e-01 9.986496e-01 9.986529e-01 1.349744e-03 2.695993e-03 2.689446e-03 2.675764e-03 2.676600e-03 2.670189e-03
46 3.232770e-03 3.234786e-03 3.241521e-03 9.983868e-01 9.983858e-01 9.983824e-01 1.613475e-03 3.222158e-03 3.228726e-03 3.195155e-03 3.197133e-03 3.203375e-03
47 7.579878e-03 7.583366e-03 7.572978e-03 9.962267e-01 9.962250e-01 9.962301e-01 3.773314e-03 7.517056e-03 7.507138e-03 7.383645e-03 7.387016e-03 7.377994e-03
48 3.184841e-02 3.186826e-02 3.189821e-02 9.845117e-01 9.845020e-01 9.844739e-01 1.548843e-02 3.019599e-02 3.026707e-02 2.733175e-02 2.734849e-02 2.743860e-02
49 2.010731e-01 2.011913e-01 2.008845e-01 9.123143e-01 9.122641e-01 9.121850e-01 8.768621e-02 1.578073e-01 1.579684e-01 1.094842e-01 1.095299e-01 1.096111e-01
50 8.909463e-01 8.913806e-01 8.957326e-01 7.159405e-01 7.158267e-01 7.156657e-01 2.840672e-01 4.383304e-01 4.386874e-01 1.794827e-01 1.794930e-01 1.799938e-01
51 1.340837e+00 1.341391e+00 1.348243e+00 6.416306e-01 6.415250e-01 6.412566e-01 3.583594e-01 5.153694e-01 5.159713e-01 1.648819e-01 1.648918e-01 1.652370e-01
52 9.441859e-01 9.441426e-01 9.412085e-01 7.059569e-01 7.058423e-01 7.057057e-01 2.940439e-01 4.451044e-01 4.455149e-01 1.723911e-01 1.724089e-01 1.729701e-01
53 1.759649e+00 1.761051e+00 1.764129e+00 5.627210e-01 5.625541e-01 5.616406e-01 4.373075e-01 6.167431e-01 6.183581e-01 1.705694e-01 1.705442e-01 1.716667e-01
54 1.523497e+00 1.524428e+00 1.519831e+00 6.217791e-01 6.216080e-01 6.217872e-01 3.782775e-01 5.360077e-01 5.358679e-01 1.632425e-01 1.632274e-01 1.633732e-01
55 6.875671e-01 6.879093e-01 6.876206e-01 7.618167e-01 7.617104e-01 7.615275e-01 2.382050e-01 3.721328e-01 3.724194e-01 1.574543e-01 1.574841e-01 1.575323e-01
56 1.237410e-01 1.238046e-01 1.234891e-01 9.431260e-01 9.430976e-01 9.431838e-01 5.687560e-02 1.055753e-01 1.054815e-01 7.996341e-02 7.999785e-02 8.004197e-02
57 1.558026e-02 1.559055e-02 1.550834e-02 9.922910e-01 9.922859e-01 9.923252e-01 7.710162e-03 1.526959e-02 1.519451e-02 1.464792e-02 1.465737e-02 1.459522e-02
58 6.281566e-03 6.285031e-03 6.264951e-03 9.968748e-01 9.968731e-01 9.968830e-01 3.125178e-03 6.222838e-03 6.203405e-03 6.097932e-03 6.101258e-03 6.083066e-03
59 3.666166e-03 3.667719e-03 3.673505e-03 9.981724e-01 9.981717e-01 9.981688e-01 1.827400e-03 3.645760e-03 3.651570e-03 3.600976e-03 3.602491e-03 3.608344e-03
60 1.525878e-03 1.527046e-03 1.529106e-03 9.992382e-01 9.992376e-01 9.992366e-01 7.619165e-04 1.522380e-03 1.524484e-03 1.511964e-03 1.513121e-03 1.515311e-03
61 6.942874e-04 6.947002e-04 6.934072e-04 9.996530e-01 9.996528e-01 9.996535e-01 3.470082e-04 6.940133e-04 6.927224e-04 6.922314e-04 6.926428e-04 6.913561e-04
62 1.134992e-03 1.135565e-03 1.132745e-03 9.994329e-01 9.994326e-01 9.994340e-01 5.671283e-04 1.134114e-03 1.131313e-03 1.130649e-03 1.131219e-03 1.128456e-03
63 4.275680e-03 4.277960e-03 4.296420e-03 9.978699e-01 9.978687e-01 9.978595e-01 2.129982e-03 4.247423e-03 4.265918e-03 4.186066e-03 4.188280e-03 4.206599e-03
64 1.431101e-02 1.431777e-02 1.429005e-02 9.928948e-01 9.928914e-01 9.929045e-01 7.105102e-03 1.411800e-02 1.409360e-02 1.372430e-02 1.373067e-02 1.371221e-02
65 4.525906e-02 4.527865e-02 4.519425e-02 9.778508e-01 9.778413e-01 9.778714e-01 2.214850e-02 4.340209e-02 4.336174e-02 3.997196e-02 3.998815e-02 4.000876e-02
66 1.115484e-01 1.115922e-01 1.120176e-01 9.470342e-01 9.470140e-01 9.468297e-01 5.296487e-02 1.009290e-01 1.012534e-01 8.353980e-02 8.356732e-02 8.376898e-02
67 1.668691e-01 1.669404e-01 1.672690e-01 9.220851e-01 9.220526e-01 9.218800e-01 7.791741e-02 1.462277e-01 1.465787e-01 1.139535e-01 1.139933e-01 1.143358e-01
68 3.798560e-01 3.799934e-01 3.798169e-01 8.405213e-01 8.404701e-01 8.404106e-01 1.594720e-01 2.762740e-01 2.764154e-01 1.625582e-01 1.625828e-01 1.626782e-01
69 7.835856e-01 7.839750e-01 7.880214e-01 7.311441e-01 7.310340e-01 7.300272e-01 2.688666e-01 4.236136e-01 4.252047e-01 1.838016e-01 1.838214e-01 1.848861e-01
70 8.988339e-01 8.992185e-01 8.964264e-01 7.063489e-01 7.062486e-01 7.064132e-01 2.936574e-01 4.557344e-01 4.556878e-01 1.887315e-01 1.887435e-01 1.890040e-01
71 1.030211e+00 1.030690e+00 1.026250e+00 6.832755e-01 6.831556e-01 6.831923e-01 3.167453e-01 4.749937e-01 4.750570e-01 1.740631e-01 1.740739e-01 1.742165e-01
72 8.875641e-01 8.879121e-01 8.873110e-01 6.995450e-01 6.994545e-01 6.990131e-01 3.004471e-01 4.704140e-01 4.712375e-01 1.972412e-01 1.972469e-01 1.978654e-01
73 1.182402e+00 1.182939e+00 1.180570e+00 6.510163e-01 6.508975e-01 6.505995e-01 3.489888e-01 5.096196e-01 5.102925e-01 1.687787e-01 1.687847e-01 1.695884e-01
74 2.680509e-01 2.683703e-01 2.727597e-01 9.312859e-01 9.311983e-01 9.311787e-01 6.874660e-02 1.170973e-01 1.173010e-01 7.444144e-02 7.449720e-02 7.466599e-02
75 1.152978e-02 1.153606e-02 1.150681e-02 9.942759e-01 9.942728e-01 9.942859e-01 5.724319e-03 1.137453e-02 1.135082e-02 1.105780e-02 1.106376e-02 1.104936e-02
76 9.384427e-03 9.388838e-03 9.397255e-03 9.953309e-01 9.953288e-01 9.953246e-01 4.669103e-03 9.296626e-03 9.305015e-03 9.111716e-03 9.115969e-03 9.124311e-03
77 2.953329e-03 2.954869e-03 2.961891e-03 9.985259e-01 9.985251e-01 9.985216e-01 1.474188e-03 2.944819e-03 2.951791e-03 2.923349e-03 2.924868e-03 2.931741e-03
78 7.036444e-04 7.040465e-04 7.053094e-04 9.996484e-01 9.996482e-01 9.996475e-01 3.516499e-04 7.033341e-04 7.046128e-04 7.015131e-04 7.019136e-04 7.032233e-04
79 7.355279e-04 7.358214e-04 7.336316e-04 9.996324e-01 9.996322e-01 9.996333e-01 3.676345e-04 7.353105e-04 7.331270e-04 7.339976e-04 7.342902e-04 7.321191e-04
80 1.414791e-03 1.415361e-03 1.416844e-03 9.992931e-01 9.992928e-01 9.992921e-01 7.068515e-04 1.413300e-03 1.414774e-03 1.408627e-03 1.409193e-03 1.410647e-03
81 2.363978e-03 2.364904e-03 2.371404e-03 9.988194e-01 9.988190e-01 9.988157e-01 1.180536e-03 2.359156e-03 2.365614e-03 2.346804e-03 2.347721e-03 2.354095e-03
82 3.540580e-03 3.542093e-03 3.528558e-03 9.982329e-01 9.982321e-01 9.982387e-01 1.767033e-03 3.529478e-03 3.516586e-03 3.502980e-03 3.504471e-03 3.492822e-03
83 1.002880e-02 1.003398e-02 9.954074e-03 9.950165e-01 9.950140e-01 9.950519e-01 4.983505e-03 9.911266e-03 9.839041e-03 9.669524e-03 9.674482e-03 9.615892e-03
84 3.382815e-02 3.383820e-02 3.382887e-02 9.833946e-01 9.833897e-01 9.833947e-01 1.660326e-02 3.262864e-02 3.261790e-02 3.039408e-02 3.040283e-02 3.038945e-02
85 6.256022e-02 6.259113e-02 6.257440e-02 9.700166e-01 9.700020e-01 9.700143e-01 2.998560e-02 5.765548e-02 5.762596e-02 4.952373e-02 4.954674e-02 4.951019e-02
86 5.867090e-02 5.869570e-02 5.861904e-02 9.719264e-01 9.719148e-01 9.719445e-01 2.807318e-02 5.390524e-02 5.386054e-02 4.609759e-02 4.611502e-02 4.611782e-02
87 8.536568e-02 8.540811e-02 8.501799e-02 9.600106e-01 9.599913e-01 9.601427e-01 3.999045e-02 7.537003e-02 7.513698e-02 6.014822e-02 6.017322e-02 6.014302e-02
88 9.153150e-02 9.156458e-02 9.156725e-02 9.569684e-01 9.569534e-01 9.569408e-01 4.302791e-02 8.132904e-02 8.136695e-02 6.553714e-02 6.555600e-02 6.561498e-02
89 5.142479e-02 5.145734e-02 5.142861e-02 9.750692e-01 9.750536e-01 9.750628e-01 2.493507e-02 4.842991e-02 4.842061e-02 4.309113e-02 4.311591e-02 4.313501e-02
90 7.390256e-03 7.394512e-03 7.371599e-03 9.963213e-01 9.963191e-01 9.963301e-01 3.679036e-03 7.329296e-03 7.308297e-03 7.197649e-03 7.201743e-03 7.184296e-03
91 1.053994e-03 1.054474e-03 1.056280e-03 9.994733e-01 9.994731e-01 9.994722e-01 5.267094e-04 1.053266e-03 1.055067e-03 1.050378e-03 1.050856e-03 1.052648e-03
92 6.902982e-04 6.906769e-04 6.890588e-04 9.996550e-01 9.996548e-01 9.996556e-01 3.449745e-04 6.899513e-04 6.883496e-04 6.881269e-04 6.885041e-04 6.869349e-04
93 3.189551e-04 3.191140e-04 3.201395e-04 9.998406e-01 9.998405e-01 9.998400e-01 1.594410e-04 3.189713e-04 3.199953e-04 3.185279e-04 3.186864e-04 3.197073e-04
94 1.239388e-04 1.240019e-04 1.242347e-04 9.999380e-01 9.999380e-01 9.999379e-01 6.196833e-05 1.239848e-04 1.242174e-04 1.238875e-04 1.239505e-04 1.241827e-04
95 5.154940e-05 5.157537e-05 5.151200e-05 9.999742e-01 9.999742e-01 9.999742e-01 2.577414e-05 5.157236e-05 5.150903e-05 5.154039e-05 5.156635e-05 5.150308e-05
96 9.842582e-05 9.847231e-05 9.870316e-05 9.999508e-01 9.999508e-01 9.999507e-01 4.921017e-05 9.846178e-05 9.869265e-05 9.839424e-05 9.844072e-05 9.867164e-05
97 2.102844e-04 2.103833e-04 2.099292e-04 9.998949e-01 9.998948e-01 9.998950e-01 1.051282e-04 2.103391e-04 2.098864e-04 2.101519e-04 2.102508e-04 2.098008e-04
98 6.605616e-04 6.608389e-04 6.598886e-04 9.996698e-01 9.996697e-01 9.996702e-01 3.301588e-04 6.604097e-04 6.594655e-04 6.592759e-04 6.595524e-04 6.586205e-04
99 2.306225e-03 2.307069e-03 2.302957e-03 9.988482e-01 9.988477e-01 9.988498e-01 1.151812e-03 2.301988e-03 2.297930e-03 2.291042e-03 2.291878e-03 2.287927e-03
100 5.711256e-03 5.713023e-03 5.723163e-03 9.971509e-01 9.971500e-01 9.971449e-01 2.848928e-03 5.687075e-03 5.697226e-03 5.633902e-03 5.635632e-03 5.645804e-03
101 1.108565e-02 1.109061e-02 1.115172e-02 9.944923e-01 9.944899e-01 9.944600e-01 5.507611e-03 1.095107e-02 1.100941e-02 1.067694e-02 1.068165e-02 1.073471e-02
102 1.932972e-02 1.933782e-02 1.926770e-02 9.904683e-01 9.904643e-01 9.904975e-01 9.531014e-03 1.881481e-02 1.875211e-02 1.783656e-02 1.784370e-02 1.779410e-02
103 3.619969e-02 3.621637e-02 3.646796e-02 9.822803e-01 9.822722e-01 9.821589e-01 1.772045e-02 3.473396e-02 3.493824e-02 3.204283e-02 3.205705e-02 3.218678e-02
104 3.508894e-02 3.510031e-02 3.525717e-02 9.828525e-01 9.828470e-01 9.827738e-01 1.714585e-02 3.355369e-02 3.369038e-02 3.076217e-02 3.077149e-02 3.087383e-02
105 2.823560e-02 2.824866e-02 2.825762e-02 9.861276e-01 9.861212e-01 9.861130e-01 1.387292e-02 2.728711e-02 2.730987e-02 2.550841e-02 2.551953e-02 2.556213e-02
106 5.630961e-02 5.633426e-02 5.631342e-02 9.726087e-01 9.725968e-01 9.726008e-01 2.739248e-02 5.336110e-02 5.336419e-02 4.800810e-02 4.802765e-02 4.806460e-02
107 5.526035e-03 5.529143e-03 5.534055e-03 9.972445e-01 9.972430e-01 9.972405e-01 2.755913e-03 5.499041e-03 5.503855e-03 5.436529e-03 5.439551e-03 5.444174e-03
108 5.080861e-03 5.083234e-03 5.079688e-03 9.974670e-01 9.974658e-01 9.974675e-01 2.533021e-03 5.053631e-03 5.050483e-03 4.992921e-03 4.995232e-03 4.992852e-03
109 2.615925e-03 2.617411e-03 2.618306e-03 9.986948e-01 9.986941e-01 9.986936e-01 1.305214e-03 2.606411e-03 2.607448e-03 2.583245e-03 2.584704e-03 2.586004e-03
110 6.023242e-03 6.025906e-03 6.036831e-03 9.969995e-01 9.969982e-01 9.969928e-01 3.000431e-03 5.981370e-03 5.992035e-03 5.891053e-03 5.893630e-03 5.903786e-03
111 1.221286e-03 1.222171e-03 1.215870e-03 9.993904e-01 9.993899e-01 9.993931e-01 6.096476e-04 1.218066e-03 1.211868e-03 1.209047e-03 1.209919e-03 1.203924e-03
112 9.164917e-05 9.173167e-05 9.108617e-05 9.999542e-01 9.999541e-01 9.999545e-01 4.583831e-05 9.171707e-05 9.107197e-05 9.160547e-05 9.168789e-05 9.104358e-05
113 4.732011e-05 4.734496e-05 4.734017e-05 9.999763e-01 9.999763e-01 9.999763e-01 2.365957e-05 4.734156e-05 4.733679e-05 4.730992e-05 4.733476e-05 4.733003e-05
114 3.572191e-05 3.573516e-05 3.573579e-05 9.999821e-01 9.999821e-01 9.999821e-01 1.785924e-05 3.573370e-05 3.573433e-05 3.571753e-05 3.573078e-05 3.573141e-05
115 8.435238e-05 8.438453e-05 8.452324e-05 9.999578e-01 9.999578e-01 9.999577e-01 4.217034e-05 8.437616e-05 8.451489e-05 8.432729e-05 8.435943e-05 8.449819e-05
116 3.185529e-04 3.187189e-04 3.206693e-04 9.998408e-01 9.998407e-01 9.998397e-01 1.592310e-04 3.185609e-04 3.205062e-04 3.180796e-04 3.182453e-04 3.201805e-04
117 1.067334e-03 1.067889e-03 1.066712e-03 9.994667e-01 9.994664e-01 9.994670e-01 5.332826e-04 1.066338e-03 1.065185e-03 1.062695e-03 1.063247e-03 1.062140e-03
118 2.015626e-03 2.016628e-03 2.011937e-03 9.989935e-01 9.989930e-01 9.989954e-01 1.006454e-03 2.011197e-03 2.006667e-03 1.999416e-03 2.000407e-03 1.996191e-03
