0 1.130306e+01 1.131136e+01 1.131713e+01 4.013491e-01 4.012570e-01 4.006532e-01 5.986085e-01 6.648410e-01 6.674159e-01 5.733996e-02 5.733324e-02 5.862981e-02
1 6.900418e+01 6.903221e+01 6.913218e+01 4.940272e-03 4.931450e-03 1.426922e-03 9.950602e-01 9.993857e-01 9.999824e-01 5.974603e-04 5.958589e-04 1.758652e-05
2 1.106325e+02 1.105768e+02 1.097327e+02 3.926611e-03 3.914302e-03 2.557497e-03 9.960749e-01 9.997626e-01 9.999382e-01 2.369538e-04 2.356917e-04 6.176502e-05
3 1.011541e+02 1.013537e+02 1.017774e+02 1.729560e-02 1.725475e-02 1.065659e-02 9.827094e-01 9.962746e-01 9.993071e-01 3.190201e-03 3.181459e-03 6.885412e-04
4 6.324704e+01 6.328769e+01 6.329007e+01 2.169860e-02 2.164618e-02 2.062981e-02 9.783071e-01 9.974233e-01 9.978557e-01 2.520399e-03 2.509886e-03 2.110918e-03
5 2.931713e+01 2.933818e+01 2.921506e+01 6.512854e-02 6.501859e-02 6.024770e-02 9.348817e-01 9.843075e-01 9.883268e-01 1.356729e-02 1.353581e-02 1.096726e-02
6 8.222463e+00 8.228472e+00 8.085744e+00 2.598561e-01 2.596257e-01 2.590472e-01 7.401956e-01 8.649686e-01 8.659411e-01 8.051434e-02 8.044075e-02 8.071020e-02
7 1.788220e+00 1.789271e+00 1.778040e+00 6.096154e-01 6.094421e-01 6.093797e-01 3.904234e-01 5.378291e-01 5.381645e-01 1.521522e-01 1.521458e-01 1.527852e-01
8 9.168747e-01 9.175503e-01 9.043784e-01 7.796462e-01 7.795065e-01 7.794592e-01 2.203855e-01 3.251035e-01 3.249443e-01 1.238608e-01 1.238862e-01 1.238530e-01
9 4.781734e-01 4.785444e-01 4.634134e-01 8.555015e-01 8.553904e-01 8.559847e-01 1.445239e-01 2.308044e-01 2.303679e-01 1.173343e-01 1.173843e-01 1.178748e-01
10 2.928307e-01 2.930377e-01 2.913787e-01 8.884365e-01 8.883577e-01 8.882605e-01 1.115839e-01 1.878404e-01 1.881787e-01 1.084476e-01 1.085024e-01 1.087177e-01
11 7.362763e-01 7.366376e-01 7.370712e-01 7.467594e-01 7.466594e-01 7.464954e-01 2.532422e-01 3.928981e-01 3.931296e-01 1.608061e-01 1.608158e-01 1.609214e-01
12 4.979544e+00 4.982330e+00 4.975223e+00 3.609362e-01 3.607582e-01 3.601558e-01 6.390879e-01 7.872496e-01 7.883535e-01 1.133560e-01 1.133066e-01 1.141095e-01
13 1.348969e+01 1.349640e+01 1.349812e+01 1.111582e-01 1.110641e-01 1.101169e-01 8.888392e-01 9.623456e-01 9.640073e-01 2.977567e-02 2.974508e-02 2.955318e-02
14 2.043014e+01 2.043891e+01 2.045961e+01 4.807508e-02 4.802112e-02 4.582179e-02 9.519324e-01 9.903650e-01 9.918746e-01 8.872939e-03 8.858227e-03 7.719187e-03
15 1.313610e+01 1.314393e+01 1.314535e+01 2.669330e-01 2.667713e-01 2.662367e-01 7.331078e-01 8.387157e-01 8.394492e-01 8.212178e-02 8.207906e-02 8.249842e-02
16 1.008514e+01 1.008920e+01 1.014981e+01 1.716297e-01 1.715227e-01 1.677732e-01 8.283531e-01 9.251497e-01 9.309665e-01 4.701139e-02 4.697847e-02 4.848559e-02
17 1.358697e+01 1.359509e+01 1.357111e+01 1.078384e-01 1.077276e-01 1.062814e-01 8.921821e-01 9.690755e-01 9.705341e-01 2.679505e-02 2.675687e-02 2.602089e-02
18 6.867650e+00 6.871727e+00 6.841851e+00 3.112049e-01 3.110051e-01 3.099846e-01 6.888370e-01 8.299734e-01 8.321839e-01 9.891694e-02 9.885131e-02 9.984551e-02
19 2.570736e+00 2.572034e+00 2.554160e+00 5.454978e-01 5.453360e-01 5.448162e-01 4.545115e-01 6.104452e-01 6.113989e-01 1.500356e-01 1.500258e-01 1.506566e-01
20 9.559933e-01 9.568580e-01 9.530768e-01 7.534476e-01 7.532750e-01 7.529539e-01 2.466113e-01 3.737896e-01 3.744436e-01 1.583394e-01 1.583724e-01 1.588868e-01
21 3.793614e-01 3.796055e-01 3.712566e-01 8.674171e-01 8.673346e-01 8.673999e-01 1.325888e-01 2.214103e-01 2.217239e-01 1.276928e-01 1.277371e-01 1.281631e-01
22 2.427874e-01 2.429236e-01 2.417559e-01 8.935797e-01 8.935190e-01 8.935726e-01 1.064333e-01 1.915930e-01 1.916602e-01 1.314115e-01 1.314647e-01 1.315337e-01
23 1.130439e-01 1.131159e-01 1.125290e-01 9.474656e-01 9.474327e-01 9.475807e-01 5.253796e-02 9.844130e-02 9.829748e-02 7.703307e-02 7.707563e-02 7.718037e-02
24 3.969787e-02 3.972614e-02 3.794706e-02 9.881463e-01 9.881384e-01 9.875595e-01 1.185248e-02 1.953281e-02 1.981168e-02 1.275551e-02 1.276189e-02 1.206015e-02
25 2.100045e-02 2.102506e-02 2.018520e-02 9.919305e-01 9.919198e-01 9.916666e-01 8.074252e-03 1.389728e-02 1.444112e-02 9.495755e-03 9.509031e-03 9.436479e-03
26 2.716300e-03 2.717651e-03 2.697611e-03 9.986446e-01 9.986439e-01 9.986537e-01 1.355363e-03 2.706874e-03 2.687810e-03 2.684266e-03 2.685599e-03 2.668400e-03
27 1.269940e-02 1.270715e-02 1.273135e-02 9.937488e-01 9.937450e-01 9.937280e-01 6.250702e-03 1.232300e-02 1.236447e-02 1.162214e-02 1.162919e-02 1.169016e-02
28 6.993110e-02 6.996388e-02 6.989803e-02 9.663428e-01 9.663272e-01 9.663530e-01 3.365585e-02 6.495548e-02 6.491246e-02 5.649565e-02 5.651970e-02 5.649263e-02
29 2.279219e-01 2.280170e-01 2.279557e-01 8.975179e-01 8.974757e-01 8.974656e-01 1.024840e-01 1.866998e-01 1.867425e-01 1.312838e-01 1.313260e-01 1.313678e-01
30 2.592722e-01 2.593926e-01 2.594611e-01 8.852758e-01 8.852236e-01 8.850866e-01 1.147260e-01 2.065501e-01 2.068244e-01 1.392375e-01 1.392798e-01 1.394371e-01
31 3.194024e-01 3.195823e-01 3.179484e-01 8.676224e-01 8.675478e-01 8.677011e-01 1.323893e-01 2.308529e-01 2.308728e-01 1.442646e-01 1.443146e-01 1.446810e-01
32 9.248645e-01 9.252372e-01 9.262264e-01 6.875257e-01 6.874180e-01 6.871828e-01 3.124808e-01 4.825509e-01 4.830481e-01 1.899966e-01 1.900004e-01 1.905226e-01
33 2.704695e+00 2.706073e+00 2.712284e+00 4.425655e-01 4.423890e-01 4.415829e-01 5.574634e-01 7.339916e-01 7.356022e-01 1.444688e-01 1.444225e-01 1.453550e-01
34 8.036340e+00 8.039895e+00 8.034981e+00 2.364274e-01 2.363197e-01 2.356458e-01 7.635604e-01 8.911445e-01 8.921821e-01 7.619895e-02 7.615975e-02 7.621051e-02
35 1.241135e+01 1.241719e+01 1.245259e+01 1.636388e-01 1.635164e-01 1.616612e-01 8.363684e-01 9.375111e-01 9.399377e-01 4.738331e-02 4.733731e-02 4.679354e-02
36 1.110338e+01 1.110915e+01 1.114176e+01 1.384202e-01 1.383054e-01 1.358359e-01 8.615936e-01 9.479456e-01 9.511389e-01 3.770384e-02 3.766632e-02 3.758895e-02
37 8.129079e+00 8.133575e+00 8.174785e+00 2.661625e-01 2.659929e-01 2.634329e-01 7.338497e-01 8.666813e-01 8.708236e-01 8.450203e-02 8.444468e-02 8.546718e-02
38 1.222329e+01 1.222847e+01 1.222559e+01 1.301705e-01 1.300639e-01 1.270693e-01 8.698410e-01 9.571426e-01 9.606095e-01 3.480384e-02 3.476550e-02 3.346923e-02
39 5.948486e+00 5.952806e+00 5.934116e+00 3.004471e-01 3.002563e-01 2.983676e-01 6.995920e-01 8.392200e-01 8.424770e-01 9.237128e-02 9.231186e-02 9.365360e-02
40 7.132866e-01 7.137827e-01 7.108277e-01 7.635049e-01 7.633667e-01 7.633765e-01 2.365268e-01 3.668403e-01 3.669429e-01 1.508450e-01 1.508628e-01 1.510087e-01
41 1.003000e-01 1.003766e-01 1.003758e-01 9.529011e-01 9.528666e-01 9.528436e-01 4.711068e-02 8.897442e-02 8.904703e-02 7.148835e-02 7.153031e-02 7.164866e-02
42 5.013714e-02 5.016517e-02 5.056414e-02 9.758747e-01 9.758614e-01 9.756978e-01 2.412572e-02 4.655924e-02 4.682945e-02 4.050968e-02 4.053063e-02 4.063719e-02
43 2.065447e-02 2.066182e-02 2.063056e-02 9.898039e-01 9.898003e-01 9.898156e-01 1.019518e-02 2.014407e-02 2.011403e-02 1.915607e-02 1.916280e-02 1.913517e-02
44 7.153819e-03 7.160189e-03 7.160824e-03 9.964452e-01 9.964421e-01 9.964418e-01 3.555833e-03 7.072192e-03 7.072512e-03 6.895822e-03 6.901859e-03 6.901536e-03
45 3.005199e-03 3.006045e-03 3.009803e-03 9.985006e-01 9.985002e-01 9.984984e-01 1.499000e-03 2.993117e-03 2.996762e-03 2.966677e-03 2.967533e-03 2.970961e-03
46 3.637502e-03 3.639892e-03 3.638654e-03 9.981853e-01 9.981841e-01 9.981848e-01 1.815024e-03 3.623619e-03 3.622379e-03 3.589076e-03 3.591412e-03 3.590169e-03
47 8.173170e-03 8.177037e-03 8.199509e-03 9.959325e-01 9.959306e-01 9.959194e-01 4.067560e-03 8.101107e-03 8.123438e-03 7.948618e-03 7.952348e-03 7.974390e-03
48 3.765158e-02 3.767548e-02 3.758612e-02 9.818294e-01 9.818178e-01 9.818369e-01 1.817080e-02 3.518863e-02 3.518087e-02 3.109931e-02 3.111877e-02 3.116258e-02
49 2.313766e-01 2.315121e-01 2.314168e-01 9.003823e-01 9.003258e-01 9.002673e-01 9.961861e-02 1.775977e-01 1.776713e-01 1.189992e-01 1.190459e-01 1.190917e-01
50 8.954005e-01 8.958367e-01 9.010172e-01 7.117189e-01 7.116020e-01 7.112615e-01 2.882916e-01 4.451300e-01 4.456646e-01 1.816161e-01 1.816268e-01 1.820575e-01
51 1.205120e+00 1.205638e+00 1.206634e+00 6.629131e-01 6.628075e-01 6.631468e-01 3.370797e-01 4.911545e-01 4.911016e-01 1.649671e-01 1.649790e-01 1.653103e-01
52 8.471332e-01 8.470981e-01 8.441857e-01 7.226719e-01 7.225646e-01 7.223186e-01 2.773263e-01 4.266481e-01 4.272845e-01 1.733587e-01 1.733811e-01 1.739228e-01
53 1.590943e+00 1.592215e+00 1.594791e+00 5.829394e-01 5.827704e-01 5.823484e-01 4.170937e-01 5.966571e-01 5.975598e-01 1.752116e-01 1.751900e-01 1.762544e-01
54 1.379104e+00 1.379944e+00 1.373958e+00 6.403974e-01 6.402295e-01 6.403257e-01 3.596578e-01 5.158607e-01 5.156695e-01 1.644595e-01 1.644480e-01 1.642492e-01
55 6.805097e-01 6.808455e-01 6.813299e-01 7.620474e-01 7.619405e-01 7.616452e-01 2.379753e-01 3.729726e-01 3.733730e-01 1.590756e-01 1.591060e-01 1.592824e-01
56 1.368504e-01 1.369197e-01 1.370170e-01 9.375595e-01 9.375287e-01 9.374839e-01 6.244241e-02 1.152182e-01 1.152917e-01 8.540572e-02 8.544214e-02 8.545672e-02
57 1.704960e-02 1.706108e-02 1.704136e-02 9.915723e-01 9.915666e-01 9.915763e-01 8.429025e-03 1.667741e-02 1.665842e-02 1.593791e-02 1.594841e-02 1.593083e-02
58 6.280198e-03 6.283639e-03 6.264170e-03 9.968751e-01 9.968733e-01 9.968829e-01 3.124967e-03 6.223318e-03 6.204427e-03 6.102003e-03 6.105312e-03 6.087528e-03
59 3.837707e-03 3.839299e-03 3.856689e-03 9.980871e-01 9.980863e-01 9.980777e-01 1.912684e-03 3.815561e-03 3.832713e-03 3.767254e-03 3.768806e-03 3.785489e-03
60 1.680955e-03 1.682290e-03 1.679885e-03 9.991609e-01 9.991603e-01 9.991614e-01 8.392470e-04 1.676660e-03 1.674336e-03 1.664175e-03 1.665495e-03 1.663330e-03
61 8.038659e-04 8.043444e-04 8.029892e-04 9.995983e-01 9.995981e-01 9.995987e-01 4.017368e-04 8.033956e-04 8.020452e-04 8.010265e-04 8.015032e-04 8.001622e-04
62 1.328912e-03 1.329586e-03 1.326380e-03 9.993361e-01 9.993357e-01 9.993373e-01 6.639420e-04 1.327551e-03 1.324359e-03 1.322825e-03 1.323494e-03 1.320331e-03
63 4.935009e-03 4.937675e-03 4.966913e-03 9.975430e-01 9.975417e-01 9.975270e-01 2.456825e-03 4.896031e-03 4.925509e-03 4.813216e-03 4.815794e-03 4.845328e-03
64 1.631546e-02 1.632323e-02 1.630311e-02 9.919089e-01 9.919051e-01 9.919144e-01 8.090995e-03 1.605893e-02 1.604154e-02 1.554176e-02 1.554901e-02 1.553642e-02
65 4.837344e-02 4.839386e-02 4.828206e-02 9.763495e-01 9.763396e-01 9.763834e-01 2.364961e-02 4.629911e-02 4.623165e-02 4.247451e-02 4.249128e-02 4.248553e-02
66 1.123299e-01 1.123731e-01 1.125084e-01 9.465779e-01 9.465579e-01 9.464896e-01 5.342136e-02 1.019327e-01 1.020691e-01 8.474129e-02 8.476923e-02 8.490052e-02
67 1.725298e-01 1.726075e-01 1.727995e-01 9.197594e-01 9.197241e-01 9.196119e-01 8.024312e-02 1.501460e-01 1.503854e-01 1.159098e-01 1.159522e-01 1.162129e-01
68 3.820440e-01 3.821855e-01 3.811474e-01 8.396434e-01 8.395903e-01 8.397519e-01 1.603508e-01 2.777603e-01 2.776877e-01 1.634191e-01 1.634448e-01 1.636842e-01
69 7.405943e-01 7.409625e-01 7.436828e-01 7.411793e-01 7.410718e-01 7.404048e-01 2.588314e-01 4.112723e-01 4.123293e-01 1.842576e-01 1.842808e-01 1.850980e-01
70 8.135168e-01 8.138657e-01 8.112895e-01 7.239980e-01 7.239004e-01 7.239684e-01 2.760097e-01 4.344459e-01 4.346046e-01 1.891487e-01 1.891656e-01 1.895941e-01
71 9.065752e-01 9.070002e-01 9.065920e-01 7.088391e-01 7.087244e-01 7.087327e-01 2.911810e-01 4.448292e-01 4.448738e-01 1.746857e-01 1.747016e-01 1.748947e-01
72 7.763422e-01 7.766456e-01 7.765581e-01 7.253454e-01 7.252595e-01 7.247324e-01 2.746481e-01 4.382517e-01 4.392405e-01 1.971299e-01 1.971418e-01 1.977661e-01
73 1.101054e+00 1.101547e+00 1.108364e+00 6.659973e-01 6.658823e-01 6.650085e-01 3.340057e-01 4.932979e-01 4.944663e-01 1.706143e-01 1.706242e-01 1.713684e-01
74 3.301404e-01 3.305281e-01 3.317466e-01 9.257071e-01 9.256132e-01 9.260996e-01 7.432565e-02 1.253338e-01 1.252151e-01 7.715251e-02 7.720993e-02 7.744722e-02
75 1.079127e-02 1.079724e-02 1.078179e-02 9.946403e-01 9.946373e-01 9.946439e-01 5.359899e-03 1.065479e-02 1.064370e-02 1.037478e-02 1.038048e-02 1.037658e-02
76 9.138344e-03 9.142602e-03 9.163976e-03 9.954524e-01 9.954503e-01 9.954396e-01 4.547673e-03 9.056781e-03 9.077867e-03 8.884335e-03 8.888457e-03 8.908987e-03
77 3.143203e-03 3.144855e-03 3.149856e-03 9.984312e-01 9.984304e-01 9.984279e-01 1.568833e-03 3.133634e-03 3.138573e-03 3.109737e-03 3.111366e-03 3.116183e-03
78 7.623846e-04 7.628207e-04 7.637795e-04 9.996190e-01 9.996188e-01 9.996183e-01 3.809832e-04 7.619631e-04 7.629527e-04 7.598194e-04 7.602537e-04 7.613038e-04
79 7.816597e-04 7.819791e-04 7.825592e-04 9.996093e-01 9.996092e-01 9.996089e-01 3.906841e-04 7.814051e-04 7.819855e-04 7.799406e-04 7.802589e-04 7.808398e-04
80 1.421075e-03 1.421643e-03 1.424369e-03 9.992900e-01 9.992897e-01 9.992883e-01 7.099998e-04 1.419598e-03 1.422323e-03 1.414958e-03 1.415522e-03 1.418244e-03
81 2.245486e-03 2.246340e-03 2.250916e-03 9.988785e-01 9.988781e-01 9.988758e-01 1.121463e-03 2.241283e-03 2.245855e-03 2.230372e-03 2.231219e-03 2.235783e-03
82 3.589826e-03 3.591444e-03 3.573008e-03 9.982086e-01 9.982078e-01 9.982168e-01 1.791313e-03 3.577470e-03 3.559808e-03 3.548224e-03 3.549820e-03 3.533645e-03
83 1.089571e-02 1.090136e-02 1.084499e-02 9.945892e-01 9.945864e-01 9.946129e-01 5.410815e-03 1.075439e-02 1.070477e-02 1.046622e-02 1.047159e-02 1.043376e-02
84 3.464190e-02 3.465315e-02 3.476550e-02 9.830033e-01 9.829978e-01 9.829445e-01 1.699481e-02 3.338395e-02 3.348491e-02 3.104626e-02 3.105601e-02 3.113558e-02
85 5.829204e-02 5.832102e-02 5.842755e-02 9.719692e-01 9.719554e-01 9.719070e-01 2.803289e-02 5.405947e-02 5.414853e-02 4.692874e-02 4.695088e-02 4.701966e-02
86 5.293465e-02 5.295707e-02 5.296677e-02 9.745363e-01 9.745257e-01 9.745202e-01 2.546338e-02 4.912355e-02 4.913509e-02 4.272298e-02 4.273953e-02 4.275140e-02
87 7.784343e-02 7.788381e-02 7.716349e-02 9.633080e-01 9.632894e-01 9.635652e-01 3.669297e-02 6.954313e-02 6.911377e-02 5.668215e-02 5.670728e-02 5.659796e-02
88 8.122736e-02 8.125602e-02 8.127665e-02 9.615489e-01 9.615358e-01 9.615155e-01 3.844742e-02 7.310947e-02 7.316120e-02 6.023041e-02 6.024810e-02 6.031477e-02
89 4.944790e-02 4.947911e-02 4.950745e-02 9.759915e-01 9.759765e-01 9.759595e-01 2.401264e-02 4.670315e-02 4.674179e-02 4.177328e-02 4.179739e-02 4.184860e-02
90 7.791253e-03 7.795702e-03 7.773227e-03 9.961229e-01 9.961207e-01 9.961314e-01 3.877417e-03 7.722105e-03 7.701578e-03 7.574066e-03 7.578338e-03 7.561428e-03
91 1.010734e-03 1.011191e-03 1.011216e-03 9.994949e-01 9.994947e-01 9.994947e-01 5.051104e-04 1.010109e-03 1.010139e-03 1.007497e-03 1.007951e-03 1.007989e-03
92 6.617414e-04 6.621072e-04 6.586588e-04 9.996693e-01 9.996691e-01 9.996708e-01 3.307186e-04 6.614680e-04 6.580374e-04 6.598282e-04 6.601928e-04 6.567976e-04
93 3.239595e-04 3.241198e-04 3.243675e-04 9.998381e-01 9.998380e-01 9.998379e-01 1.619425e-04 3.239753e-04 3.242221e-04 3.235265e-04 3.236865e-04 3.239318e-04
94 1.314314e-04 1.314990e-04 1.319039e-04 9.999343e-01 9.999343e-01 9.999341e-01 6.571427e-05 1.314793e-04 1.318839e-04 1.313724e-04 1.314399e-04 1.318440e-04
95 5.307174e-05 5.309816e-05 5.297719e-05 9.999735e-01 9.999735e-01 9.999735e-01 2.653528e-05 5.309496e-05 5.297403e-05 5.306216e-05 5.308858e-05 5.296770e-05
96 9.800376e-05 9.805125e-05 9.811144e-05 9.999510e-01 9.999510e-01 9.999509e-01 4.899910e-05 9.804073e-05 9.810100e-05 9.797224e-05 9.801971e-05 9.808012e-05
97 2.270383e-04 2.271474e-04 2.270476e-04 9.998865e-01 9.998864e-01 9.998865e-01 1.135023e-04 2.270922e-04 2.269939e-04 2.268728e-04 2.269818e-04 2.268865e-04
98 7.170917e-04 7.173868e-04 7.167939e-04 9.996416e-01 9.996414e-01 9.996417e-01 3.583987e-04 7.168699e-04 7.162812e-04 7.155433e-04 7.158376e-04 7.152573e-04
99 2.465412e-03 2.466354e-03 2.458862e-03 9.987687e-01 9.987683e-01 9.987720e-01 1.231246e-03 2.460630e-03 2.453230e-03 2.448310e-03 2.449243e-03 2.442024e-03
100 5.778825e-03 5.780572e-03 5.790405e-03 9.971171e-01 9.971162e-01 9.971113e-01 2.882693e-03 5.754493e-03 5.764306e-03 5.701072e-03 5.702783e-03 5.712557e-03
101 1.095118e-02 1.095613e-02 1.103747e-02 9.945598e-01 9.945574e-01 9.945178e-01 5.440121e-03 1.081575e-02 1.089283e-02 1.054049e-02 1.054519e-02 1.061422e-02
102 1.856325e-02 1.857132e-02 1.853897e-02 9.908407e-01 9.908368e-01 9.908522e-01 9.158668e-03 1.809034e-02 1.806091e-02 1.718733e-02 1.719446e-02 1.717048e-02
103 3.293657e-02 3.295173e-02 3.308577e-02 9.838432e-01 9.838358e-01 9.837768e-01 1.615747e-02 3.173364e-02 3.183748e-02 2.949706e-02 2.951025e-02 2.956638e-02
104 3.103393e-02 3.104406e-02 3.112445e-02 9.847942e-01 9.847892e-01 9.847511e-01 1.520435e-02 2.982849e-02 2.990090e-02 2.760920e-02 2.761776e-02 2.767526e-02
105 2.495747e-02 2.496919e-02 2.491909e-02 9.877061e-01 9.877003e-01 9.877216e-01 1.229449e-02 2.424281e-02 2.420721e-02 2.288118e-02 2.289139e-02 2.287872e-02
106 5.116199e-02 5.118376e-02 5.105577e-02 9.750426e-01 9.750321e-01 9.750917e-01 2.495831e-02 4.874826e-02 4.863708e-02 4.431084e-02 4.432857e-02 4.424595e-02
107 5.234903e-03 5.237830e-03 5.249159e-03 9.973893e-01 9.973879e-01 9.973822e-01 2.611096e-03 5.210807e-03 5.222068e-03 5.154506e-03 5.157358e-03 5.168485e-03
108 4.485874e-03 4.488013e-03 4.493676e-03 9.977629e-01 9.977618e-01 9.977589e-01 2.237161e-03 4.464904e-03 4.470650e-03 4.417159e-03 4.419251e-03 4.425154e-03
109 2.277476e-03 2.278771e-03 2.279919e-03 9.988633e-01 9.988627e-01 9.988620e-01 1.136696e-03 2.270600e-03 2.271920e-03 2.253169e-03 2.254446e-03 2.256090e-03
110 5.339513e-03 5.341873e-03 5.346209e-03 9.973391e-01 9.973380e-01 9.973358e-01 2.660846e-03 5.306410e-03 5.310563e-03 5.234150e-03 5.236443e-03 5.240239e-03
111 1.185489e-03 1.186341e-03 1.182240e-03 9.994082e-01 9.994078e-01 9.994098e-01 5.918009e-04 1.182453e-03 1.178442e-03 1.173895e-03 1.174734e-03 1.170901e-03
112 8.324170e-05 8.331747e-05 8.291129e-05 9.999584e-01 9.999583e-01 9.999585e-01 4.163384e-05 8.330519e-05 8.289926e-05 8.320491e-05 8.328063e-05 8.287520e-05
113 4.563496e-05 4.565882e-05 4.576644e-05 9.999772e-01 9.999772e-01 9.999771e-01 2.281697e-05 4.565559e-05 4.576321e-05 4.562529e-05 4.564915e-05 4.575675e-05
114 3.506314e-05 3.507653e-05 3.510873e-05 9.999825e-01 9.999825e-01 9.999824e-01 1.752998e-05 3.507512e-05 3.510732e-05 3.505892e-05 3.507231e-05 3.510450e-05
115 7.907731e-05 7.910917e-05 7.906376e-05 9.999605e-01 9.999604e-01 9.999605e-01 3.953338e-05 7.910168e-05 7.905635e-05 7.905487e-05 7.908671e-05 7.904153e-05
116 3.327748e-04 3.329534e-04 3.346260e-04 9.998337e-01 9.998336e-01 9.998327e-01 1.663355e-04 3.327713e-04 3.344364e-04 3.322297e-04 3.324078e-04 3.340578e-04
117 1.067963e-03 1.068518e-03 1.067732e-03 9.994664e-01 9.994661e-01 9.994665e-01 5.335995e-04 1.066975e-03 1.066210e-03 1.063347e-03 1.063899e-03 1.063176e-03
118 1.855602e-03 1.856530e-03 1.853282e-03 9.990733e-01 9.990729e-01 9.990745e-01 9.266631e-04 1.851978e-03 1.848836e-03 1.842008e-03 1.842927e-03 1.839994e-03
