0 9.288507e+00 9.295347e+00 9.295066e+00 4.249442e-01 4.248442e-01 4.245073e-01 5.750149e-01 6.448108e-01 6.466044e-01 5.941117e-02 5.940377e-02 6.080268e-02
1 5.939339e+01 5.941806e+01 5.936501e+01 6.462403e-03 6.451626e-03 2.465501e-03 9.935384e-01 9.990673e-01 9.999467e-01 8.944427e-04 8.923153e-04 5.325931e-05
2 9.816783e+01 9.811983e+01 9.713171e+01 3.981070e-03 3.968913e-03 2.528608e-03 9.960207e-01 9.997435e-01 9.999402e-01 2.555031e-04 2.542153e-04 5.980360e-05
3 9.352899e+01 9.370566e+01 9.395333e+01 1.598849e-02 1.594917e-02 9.754768e-03 9.840167e-01 9.968073e-01 9.994537e-01 2.764290e-03 2.756440e-03 5.437049e-04
4 6.231120e+01 6.235083e+01 6.250696e+01 1.843023e-02 1.838379e-02 1.773150e-02 9.815753e-01 9.980922e-01 9.983339e-01 1.880680e-03 1.872262e-03 1.645085e-03
5 3.153289e+01 3.155561e+01 3.127768e+01 5.732296e-02 5.722228e-02 5.272523e-02 9.426861e-01 9.868319e-01 9.905043e-01 1.144165e-02 1.141405e-02 8.992267e-03
6 9.758890e+00 9.766129e+00 9.574819e+00 2.257459e-01 2.255251e-01 2.252186e-01 7.743010e-01 8.885974e-01 8.892125e-01 6.953105e-02 6.945968e-02 6.969328e-02
7 2.026040e+00 2.027251e+00 2.025531e+00 5.839817e-01 5.837987e-01 5.838394e-01 4.160654e-01 5.637229e-01 5.639525e-01 1.489909e-01 1.489767e-01 1.496514e-01
8 1.062466e+00 1.063268e+00 1.024943e+00 7.622082e-01 7.620559e-01 7.620127e-01 2.378251e-01 3.465532e-01 3.465959e-01 1.265092e-01 1.265336e-01 1.266355e-01
9 5.662719e-01 5.667139e-01 5.443826e-01 8.396243e-01 8.395003e-01 8.398610e-01 1.604042e-01 2.527120e-01 2.525314e-01 1.226236e-01 1.226726e-01 1.228868e-01
10 3.385783e-01 3.388202e-01 3.371071e-01 8.766580e-01 8.765697e-01 8.763345e-01 1.233665e-01 2.044505e-01 2.047951e-01 1.133870e-01 1.134434e-01 1.134143e-01
11 8.608229e-01 8.612554e-01 8.597632e-01 7.168142e-01 7.167006e-01 7.165829e-01 2.831907e-01 4.300685e-01 4.304585e-01 1.623494e-01 1.623536e-01 1.626927e-01
12 5.287813e+00 5.290751e+00 5.271535e+00 3.368508e-01 3.366687e-01 3.363108e-01 6.631780e-01 8.095095e-01 8.106048e-01 1.066357e-01 1.065811e-01 1.076290e-01
13 1.279230e+01 1.279855e+01 1.280499e+01 1.122538e-01 1.121588e-01 1.106349e-01 8.877448e-01 9.621823e-01 9.643007e-01 3.001606e-02 2.998545e-02 2.947533e-02
14 1.884142e+01 1.884966e+01 1.885898e+01 5.032325e-02 5.026616e-02 4.802740e-02 9.496856e-01 9.895052e-01 9.911965e-01 9.525967e-03 9.510448e-03 8.324435e-03
15 1.165395e+01 1.166085e+01 1.166632e+01 2.798922e-01 2.797285e-01 2.789310e-01 7.201503e-01 8.298088e-01 8.311083e-01 8.563335e-02 8.559095e-02 8.644073e-02
16 8.801363e+00 8.804786e+00 8.838534e+00 1.900684e-01 1.899518e-01 1.869003e-01 8.099169e-01 9.149348e-01 9.201939e-01 5.258961e-02 5.255220e-02 5.439064e-02
17 1.222860e+01 1.223603e+01 1.219944e+01 1.203770e-01 1.202575e-01 1.183353e-01 8.796460e-01 9.630494e-01 9.649167e-01 3.133247e-02 3.129027e-02 3.040967e-02
18 6.555222e+00 6.559105e+00 6.538451e+00 3.148365e-01 3.146315e-01 3.124090e-01 6.852089e-01 8.285243e-01 8.318541e-01 1.001459e-01 1.000779e-01 1.006574e-01
19 2.504950e+00 2.506250e+00 2.500304e+00 5.409918e-01 5.408269e-01 5.396637e-01 4.590221e-01 6.162508e-01 6.179421e-01 1.499394e-01 1.499270e-01 1.506600e-01
20 9.407141e-01 9.415282e-01 9.411252e-01 7.505846e-01 7.504100e-01 7.497176e-01 2.494750e-01 3.789971e-01 3.800001e-01 1.601692e-01 1.602009e-01 1.606225e-01
21 3.835246e-01 3.837676e-01 3.757079e-01 8.649248e-01 8.648409e-01 8.650208e-01 1.350818e-01 2.257565e-01 2.258889e-01 1.300375e-01 1.300816e-01 1.305318e-01
22 2.611231e-01 2.612669e-01 2.621727e-01 8.866542e-01 8.865901e-01 8.862465e-01 1.133599e-01 2.028835e-01 2.033777e-01 1.366593e-01 1.367128e-01 1.368679e-01
23 1.294718e-01 1.295534e-01 1.285867e-01 9.402774e-01 9.402404e-01 9.405187e-01 5.972668e-02 1.112128e-01 1.108777e-01 8.504942e-02 8.509531e-02 8.515418e-02
24 4.852061e-02 4.855532e-02 4.605109e-02 9.865246e-01 9.865158e-01 9.859043e-01 1.347364e-02 2.215465e-02 2.229279e-02 1.442023e-02 1.442768e-02 1.379845e-02
25 2.459315e-02 2.462160e-02 2.342201e-02 9.909539e-01 9.909417e-01 9.906294e-01 9.051729e-03 1.541992e-02 1.598912e-02 1.040009e-02 1.041498e-02 1.021562e-02
26 3.142146e-03 3.143703e-03 3.117423e-03 9.984327e-01 9.984319e-01 9.984447e-01 1.567219e-03 3.128757e-03 3.103878e-03 3.097791e-03 3.099325e-03 3.077111e-03
27 1.500875e-02 1.501778e-02 1.496266e-02 9.926288e-01 9.926243e-01 9.926436e-01 7.370684e-03 1.449980e-02 1.447457e-02 1.356424e-02 1.357232e-02 1.358433e-02
28 7.679975e-02 7.683501e-02 7.693261e-02 9.631038e-01 9.630871e-01 9.630440e-01 3.689482e-02 7.107680e-02 7.115172e-02 6.134523e-02 6.137078e-02 6.140631e-02
29 2.305827e-01 2.306781e-01 2.310853e-01 8.961209e-01 8.960782e-01 8.959370e-01 1.038815e-01 1.894449e-01 1.896369e-01 1.334355e-01 1.334792e-01 1.334674e-01
30 2.599470e-01 2.600679e-01 2.593642e-01 8.854238e-01 8.853707e-01 8.855256e-01 1.145790e-01 2.059489e-01 2.057727e-01 1.386218e-01 1.386644e-01 1.387070e-01
31 3.311542e-01 3.313440e-01 3.301046e-01 8.639059e-01 8.638271e-01 8.638475e-01 1.361076e-01 2.363602e-01 2.364904e-01 1.458785e-01 1.459302e-01 1.461559e-01
32 1.008789e+00 1.009191e+00 1.008446e+00 6.694723e-01 6.693582e-01 6.691164e-01 3.305378e-01 5.036006e-01 5.041682e-01 1.883763e-01 1.883747e-01 1.889436e-01
33 2.893329e+00 2.894811e+00 2.907158e+00 4.275098e-01 4.273311e-01 4.260471e-01 5.725203e-01 7.479618e-01 7.501154e-01 1.404599e-01 1.404103e-01 1.412160e-01
34 7.910993e+00 7.914485e+00 7.895447e+00 2.379452e-01 2.378346e-01 2.376252e-01 7.620465e-01 8.909930e-01 8.914868e-01 7.692685e-02 7.688669e-02 7.702242e-02
35 1.120981e+01 1.121515e+01 1.123043e+01 1.788799e-01 1.787495e-01 1.770865e-01 8.211286e-01 9.292343e-01 9.313680e-01 5.264100e-02 5.259162e-02 5.225869e-02
36 1.017843e+01 1.018372e+01 1.019141e+01 1.468484e-01 1.467264e-01 1.438109e-01 8.531676e-01 9.441165e-01 9.479076e-01 4.018530e-02 4.014504e-02 4.001813e-02
37 7.022797e+00 7.026623e+00 7.063050e+00 2.905839e-01 2.904058e-01 2.878051e-01 7.094302e-01 8.514894e-01 8.555024e-01 9.312209e-02 9.306210e-02 9.395651e-02
38 1.081413e+01 1.081878e+01 1.080676e+01 1.464618e-01 1.463455e-01 1.446231e-01 8.535522e-01 9.491913e-01 9.514980e-01 4.041444e-02 4.037184e-02 3.989427e-02
39 5.755810e+00 5.759889e+00 5.747512e+00 3.011810e-01 3.009877e-01 2.992648e-01 6.988597e-01 8.400947e-01 8.431307e-01 9.281377e-02 9.275259e-02 9.396658e-02
40 7.777943e-01 7.783384e-01 7.759872e-01 7.494072e-01 7.492597e-01 7.494782e-01 2.506282e-01 3.843269e-01 3.840606e-01 1.518859e-01 1.519019e-01 1.519005e-01
41 1.016458e-01 1.017207e-01 1.018526e-01 9.522379e-01 9.522039e-01 9.521430e-01 4.777315e-02 9.026640e-02 9.038212e-02 7.260373e-02 7.264605e-02 7.275128e-02
42 5.101622e-02 5.104504e-02 5.139857e-02 9.754500e-01 9.754363e-01 9.752948e-01 2.455048e-02 4.738080e-02 4.760703e-02 4.122320e-02 4.124477e-02 4.130491e-02
43 2.245213e-02 2.245964e-02 2.243827e-02 9.889271e-01 9.889234e-01 9.889335e-01 1.107174e-02 2.185556e-02 2.183644e-02 2.070781e-02 2.071469e-02 2.069937e-02
44 7.975424e-03 7.982854e-03 7.990144e-03 9.960400e-01 9.960364e-01 9.960327e-01 3.961293e-03 7.872670e-03 7.880168e-03 7.653035e-03 7.660010e-03 7.667775e-03
45 3.287293e-03 3.288151e-03 3.292949e-03 9.983605e-01 9.983601e-01 9.983577e-01 1.639070e-03 3.271657e-03 3.276231e-03 3.238199e-03 3.239078e-03 3.243220e-03
46 3.992466e-03 3.995232e-03 3.993441e-03 9.980088e-01 9.980074e-01 9.980082e-01 1.991683e-03 3.975282e-03 3.973630e-03 3.933149e-03 3.935843e-03 3.934461e-03
47 8.633946e-03 8.638151e-03 8.638484e-03 9.957041e-01 9.957020e-01 9.957017e-01 4.296001e-03 8.554411e-03 8.555295e-03 8.386408e-03 8.390460e-03 8.392368e-03
48 4.355135e-02 4.357944e-02 4.358618e-02 9.791551e-01 9.791415e-01 9.791116e-01 2.084530e-02 4.008239e-02 4.016741e-02 3.454741e-02 3.456952e-02 3.467540e-02
49 2.591111e-01 2.592602e-01 2.594577e-01 8.896210e-01 8.895596e-01 8.894236e-01 1.103804e-01 1.952000e-01 1.953889e-01 1.268379e-01 1.268846e-01 1.269802e-01
50 8.899795e-01 8.904086e-01 8.954224e-01 7.100750e-01 7.099563e-01 7.094687e-01 2.899380e-01 4.484499e-01 4.492256e-01 1.831452e-01 1.831566e-01 1.837561e-01
51 1.085547e+00 1.086024e+00 1.089582e+00 6.831385e-01 6.830337e-01 6.831763e-01 3.168569e-01 4.677477e-01 4.676079e-01 1.647184e-01 1.647317e-01 1.647765e-01
52 7.703124e-01 7.702851e-01 7.678215e-01 7.371529e-01 7.370529e-01 7.369705e-01 2.628426e-01 4.103326e-01 4.108337e-01 1.740183e-01 1.740453e-01 1.746923e-01
53 1.448231e+00 1.449371e+00 1.457652e+00 6.018207e-01 6.016509e-01 6.009137e-01 3.982169e-01 5.772591e-01 5.783725e-01 1.789891e-01 1.789709e-01 1.797231e-01
54 1.253596e+00 1.254346e+00 1.248720e+00 6.578352e-01 6.576716e-01 6.578248e-01 3.422180e-01 4.967051e-01 4.967269e-01 1.652856e-01 1.652792e-01 1.655868e-01
55 6.673288e-01 6.676517e-01 6.675888e-01 7.640276e-01 7.639215e-01 7.636397e-01 2.359957e-01 3.714794e-01 3.720342e-01 1.603448e-01 1.603761e-01 1.608419e-01
56 1.477554e-01 1.478295e-01 1.481848e-01 9.329690e-01 9.329361e-01 9.328336e-01 6.703326e-02 1.231086e-01 1.232187e-01 8.968458e-02 8.972269e-02 8.964107e-02
57 1.855453e-02 1.856743e-02 1.849132e-02 9.908411e-01 9.908348e-01 9.908702e-01 9.160347e-03 1.810040e-02 1.803448e-02 1.720709e-02 1.721882e-02 1.717057e-02
58 6.216436e-03 6.219866e-03 6.197693e-03 9.969062e-01 9.969045e-01 9.969155e-01 3.093782e-03 6.162299e-03 6.140801e-03 6.046274e-03 6.049577e-03 6.029369e-03
59 3.947313e-03 3.948882e-03 3.956499e-03 9.980326e-01 9.980318e-01 9.980280e-01 1.967183e-03 3.924082e-03 3.931618e-03 3.873709e-03 3.875240e-03 3.882618e-03
60 1.803835e-03 1.805287e-03 1.802036e-03 9.990997e-01 9.990990e-01 9.991006e-01 9.005120e-04 1.798830e-03 1.795655e-03 1.784596e-03 1.786032e-03 1.783006e-03
61 9.012936e-04 9.018344e-04 9.018716e-04 9.995497e-01 9.995494e-01 9.995494e-01 4.503849e-04 9.006078e-04 9.006395e-04 8.976237e-04 8.981623e-04 8.981830e-04
62 1.507191e-03 1.507970e-03 1.507049e-03 9.992471e-01 9.992467e-01 9.992471e-01 7.529209e-04 1.505293e-03 1.504385e-03 1.499187e-03 1.499960e-03 1.499079e-03
63 5.532620e-03 5.535687e-03 5.564964e-03 9.972472e-01 9.972456e-01 9.972308e-01 2.752649e-03 5.482300e-03 5.512187e-03 5.376935e-03 5.379884e-03 5.410342e-03
64 1.812833e-02 1.813699e-02 1.813974e-02 9.910196e-01 9.910153e-01 9.910137e-01 8.980300e-03 1.780512e-02 1.780879e-02 1.715974e-02 1.716776e-02 1.717294e-02
65 5.077746e-02 5.079813e-02 5.077625e-02 9.751918e-01 9.751818e-01 9.751856e-01 2.480714e-02 4.853022e-02 4.853449e-02 4.439149e-02 4.440842e-02 4.444723e-02
66 1.129481e-01 1.129914e-01 1.129028e-01 9.462232e-01 9.462030e-01 9.462205e-01 5.377633e-02 1.027061e-01 1.027093e-01 8.565015e-02 8.567858e-02 8.577510e-02
67 1.776852e-01 1.777682e-01 1.779958e-01 9.177125e-01 9.176749e-01 9.175295e-01 8.229014e-02 1.535071e-01 1.538148e-01 1.174191e-01 1.174634e-01 1.177609e-01
68 3.807943e-01 3.809355e-01 3.808624e-01 8.399639e-01 8.399102e-01 8.398840e-01 1.600311e-01 2.774514e-01 2.775198e-01 1.637733e-01 1.638002e-01 1.638841e-01
69 6.978764e-01 6.982216e-01 7.005067e-01 7.513638e-01 7.512591e-01 7.506164e-01 2.486467e-01 3.985654e-01 3.996613e-01 1.843236e-01 1.843498e-01 1.853579e-01
70 7.398696e-01 7.401893e-01 7.362881e-01 7.403603e-01 7.402648e-01 7.404240e-01 2.596486e-01 4.141417e-01 4.143292e-01 1.887612e-01 1.887828e-01 1.893369e-01
71 8.024447e-01 8.028255e-01 8.034953e-01 7.320724e-01 7.319614e-01 7.318497e-01 2.679469e-01 4.164899e-01 4.167048e-01 1.742683e-01 1.742894e-01 1.745913e-01
72 6.854282e-01 6.856948e-01 6.852803e-01 7.481326e-01 7.480516e-01 7.476807e-01 2.518620e-01 4.088611e-01 4.096967e-01 1.956068e-01 1.956236e-01 1.962753e-01
73 1.025228e+00 1.025687e+00 1.034639e+00 6.810466e-01 6.809350e-01 6.803393e-01 3.189548e-01 4.764822e-01 4.772993e-01 1.719914e-01 1.720050e-01 1.725309e-01
74 3.934552e-01 3.938781e-01 3.909080e-01 9.211069e-01 9.210075e-01 9.219982e-01 7.892581e-02 1.320148e-01 1.313793e-01 7.911637e-02 7.917597e-02 7.939669e-02
75 1.010031e-02 1.010600e-02 1.008295e-02 9.949814e-01 9.949786e-01 9.949891e-01 5.018800e-03 9.980827e-03 9.961823e-03 9.734025e-03 9.739476e-03 9.727223e-03
76 8.835720e-03 8.839861e-03 8.850893e-03 9.956020e-01 9.955999e-01 9.955944e-01 4.398066e-03 8.760809e-03 8.771897e-03 8.601579e-03 8.605597e-03 8.616790e-03
77 3.280956e-03 3.282680e-03 3.286907e-03 9.983626e-01 9.983617e-01 9.983596e-01 1.637488e-03 3.270575e-03 3.274769e-03 3.244858e-03 3.246557e-03 3.250686e-03
78 8.096220e-04 8.100863e-04 8.073871e-04 9.995954e-01 9.995952e-01 9.995965e-01 4.045675e-04 8.090924e-04 8.064476e-04 8.066495e-04 8.071118e-04 8.045739e-04
79 8.143885e-04 8.147272e-04 8.147662e-04 9.995930e-01 9.995928e-01 9.995928e-01 4.070355e-04 8.141033e-04 8.141460e-04 8.125197e-04 8.128573e-04 8.129074e-04
80 1.414570e-03 1.415127e-03 1.418324e-03 9.992932e-01 9.992929e-01 9.992913e-01 7.067595e-04 1.413124e-03 1.416310e-03 1.408577e-03 1.409131e-03 1.412296e-03
81 2.130990e-03 2.131799e-03 2.134906e-03 9.989356e-01 9.989352e-01 9.989337e-01 1.064364e-03 2.127335e-03 2.130429e-03 2.117645e-03 2.118447e-03 2.121516e-03
82 3.655064e-03 3.656803e-03 3.627280e-03 9.981765e-01 9.981756e-01 9.981901e-01 1.823435e-03 3.640852e-03 3.612473e-03 3.607647e-03 3.609364e-03 3.583180e-03
83 1.165419e-02 1.166017e-02 1.158780e-02 9.942157e-01 9.942127e-01 9.942472e-01 5.784321e-03 1.149058e-02 1.142503e-02 1.115927e-02 1.116495e-02 1.111128e-02
84 3.496847e-02 3.498071e-02 3.504321e-02 9.828471e-01 9.828412e-01 9.828096e-01 1.715111e-02 3.368432e-02 3.374735e-02 3.130179e-02 3.131235e-02 3.137132e-02
85 5.418161e-02 5.420877e-02 5.429203e-02 9.738645e-01 9.738515e-01 9.738127e-01 2.613742e-02 5.054476e-02 5.061757e-02 4.432376e-02 4.434507e-02 4.440427e-02
86 4.812819e-02 4.814857e-02 4.810779e-02 9.767473e-01 9.767375e-01 9.767537e-01 2.325246e-02 4.503322e-02 4.500783e-02 3.972374e-02 3.973942e-02 3.973442e-02
87 7.131000e-02 7.134829e-02 7.039894e-02 9.662167e-01 9.661989e-01 9.665413e-01 3.378418e-02 6.433203e-02 6.382850e-02 5.339157e-02 5.341662e-02 5.334869e-02
88 7.257965e-02 7.260535e-02 7.265352e-02 9.654361e-01 9.654241e-01 9.653917e-01 3.456043e-02 6.606698e-02 6.614120e-02 5.549822e-02 5.551494e-02 5.560205e-02
89 4.724011e-02 4.726946e-02 4.724947e-02 9.770278e-01 9.770137e-01 9.770193e-01 2.297607e-02 4.475120e-02 4.474753e-02 4.024712e-02 4.027031e-02 4.029030e-02
90 8.091077e-03 8.095625e-03 8.067004e-03 9.959746e-01 9.959724e-01 9.959862e-01 4.025659e-03 8.015430e-03 7.988782e-03 7.854538e-03 7.858900e-03 7.835924e-03
91 9.689708e-04 9.694074e-04 9.691055e-04 9.995158e-01 9.995155e-01 9.995157e-01 4.842536e-04 9.684299e-04 9.681298e-04 9.660444e-04 9.664792e-04 9.661828e-04
92 6.311025e-04 6.314538e-04 6.294301e-04 9.996846e-01 9.996844e-01 9.996854e-01 3.154196e-04 6.308926e-04 6.288834e-04 6.294227e-04 6.297729e-04 6.277923e-04
93 3.238221e-04 3.239815e-04 3.234834e-04 9.998381e-01 9.998380e-01 9.998383e-01 1.618741e-04 3.238390e-04 3.233418e-04 3.233951e-04 3.235543e-04 3.230589e-04
94 1.363725e-04 1.364436e-04 1.369514e-04 9.999318e-01 9.999318e-01 9.999315e-01 6.818451e-05 1.364219e-04 1.369295e-04 1.363076e-04 1.363786e-04 1.368858e-04
95 5.391362e-05 5.394080e-05 5.397528e-05 9.999730e-01 9.999730e-01 9.999730e-01 2.695620e-05 5.393744e-05 5.397192e-05 5.390356e-05 5.393073e-05 5.396520e-05
96 9.714237e-05 9.718993e-05 9.690218e-05 9.999514e-01 9.999514e-01 9.999516e-01 4.856837e-05 9.717940e-05 9.689189e-05 9.711083e-05 9.715836e-05 9.687134e-05
97 2.408206e-04 2.409398e-04 2.410407e-04 9.998796e-01 9.998795e-01 9.998795e-01 1.203907e-04 2.408734e-04 2.409759e-04 2.406216e-04 2.407407e-04 2.408462e-04
98 7.629503e-04 7.632636e-04 7.617875e-04 9.996187e-01 9.996185e-01 9.996193e-01 3.813050e-04 7.626664e-04 7.611934e-04 7.611617e-04 7.614740e-04 7.600072e-04
99 2.586553e-03 2.587564e-03 2.581572e-03 9.987083e-01 9.987078e-01 9.987108e-01 1.291687e-03 2.581314e-03 2.575404e-03 2.567881e-03 2.568882e-03 2.563135e-03
100 5.793156e-03 5.795002e-03 5.797278e-03 9.971099e-01 9.971090e-01 9.971078e-01 2.889888e-03 5.768994e-03 5.771388e-03 5.715612e-03 5.717422e-03 5.720044e-03
101 1.074404e-02 1.074895e-02 1.082473e-02 9.946629e-01 9.946605e-01 9.946235e-01 5.336991e-03 1.061045e-02 1.068273e-02 1.033914e-02 1.034379e-02 1.040932e-02
102 1.773289e-02 1.774065e-02 1.773328e-02 9.912444e-01 9.912406e-01 9.912440e-01 8.755037e-03 1.730436e-02 1.729818e-02 1.648180e-02 1.648872e-02 1.648483e-02
103 2.999542e-02 3.000928e-02 3.009665e-02 9.852583e-01 9.852515e-01 9.852122e-01 1.474233e-02 2.900577e-02 2.907654e-02 2.714431e-02 2.715658e-02 2.720076e-02
104 2.756983e-02 2.757888e-02 2.761013e-02 9.864608e-01 9.864563e-01 9.864401e-01 1.353792e-02 2.661672e-02 2.664990e-02 2.484206e-02 2.484990e-02 2.488470e-02
105 2.225310e-02 2.226370e-02 2.223273e-02 9.890154e-01 9.890102e-01 9.890230e-01 1.098523e-02 2.170448e-02 2.168371e-02 2.064432e-02 2.065372e-02 2.064946e-02
106 4.658154e-02 4.660064e-02 4.658260e-02 9.772225e-01 9.772132e-01 9.772212e-01 2.277827e-02 4.459132e-02 4.457744e-02 4.089346e-02 4.090943e-02 4.090375e-02
107 4.947699e-03 4.950464e-03 4.954399e-03 9.975322e-01 9.975308e-01 9.975289e-01 2.468167e-03 4.926230e-03 4.930178e-03 4.875562e-03 4.878261e-03 4.882236e-03
108 3.976621e-03 3.978545e-03 3.979922e-03 9.980162e-01 9.980153e-01 9.980146e-01 1.983773e-03 3.960368e-03 3.961783e-03 3.922524e-03 3.924412e-03 3.925899e-03
109 1.998147e-03 1.999280e-03 1.997935e-03 9.990025e-01 9.990019e-01 9.990025e-01 9.975311e-04 1.993113e-03 1.991953e-03 1.979783e-03 1.980903e-03 1.980094e-03
110 4.745868e-03 4.747994e-03 4.753293e-03 9.976342e-01 9.976331e-01 9.976305e-01 2.365803e-03 4.719612e-03 4.724806e-03 4.661474e-03 4.663546e-03 4.668530e-03
111 1.138477e-03 1.139298e-03 1.134419e-03 9.994317e-01 9.994313e-01 9.994337e-01 5.683624e-04 1.135690e-03 1.130910e-03 1.127717e-03 1.128527e-03 1.123940e-03
112 7.546171e-05 7.553150e-05 7.519504e-05 9.999623e-01 9.999622e-01 9.999624e-01 3.774308e-05 7.552122e-05 7.518492e-05 7.543091e-05 7.550066e-05 7.516470e-05
113 4.358154e-05 4.360415e-05 4.364906e-05 9.999782e-01 9.999782e-01 9.999782e-01 2.179026e-05 4.360115e-05 4.364606e-05 4.357255e-05 4.359516e-05 4.364007e-05
114 3.402764e-05 3.404090e-05 3.410350e-05 9.999830e-01 9.999830e-01 9.999829e-01 1.701236e-05 3.403957e-05 3.410217e-05 3.402366e-05 3.403691e-05 3.409950e-05
115 7.386396e-05 7.389489e-05 7.383265e-05 9.999631e-01 9.999631e-01 9.999631e-01 3.692723e-05 7.388823e-05 7.382604e-05 7.384397e-05 7.387490e-05 7.381284e-05
116 3.424687e-04 3.426540e-04 3.445910e-04 9.998288e-01 9.998287e-01 9.998278e-01 1.711773e-04 3.424527e-04 3.443820e-04 3.418659e-04 3.420508e-04 3.439648e-04
117 1.054409e-03 1.054956e-03 1.051749e-03 9.994732e-01 9.994729e-01 9.994745e-01 5.268345e-04 1.053459e-03 1.050280e-03 1.049931e-03 1.050475e-03 1.047351e-03
118 1.703991e-03 1.704852e-03 1.699539e-03 9.991490e-01 9.991485e-01 9.991512e-01 8.510457e-04 1.701049e-03 1.695830e-03 1.692631e-03 1.693484e-03 1.688449e-03
