0 3.012157e+01 3.014277e+01 3.017475e+01 2.934763e-01 2.934078e-01 2.903660e-01 7.064771e-01 7.599235e-01 7.633518e-01 4.628913e-02 4.628260e-02 4.772471e-02
1 1.428223e+02 1.428695e+02 1.432045e+02 5.284891e-04 5.270455e-04 3.026575e-05 9.994715e-01 9.999887e-01 1.000000e+00 1.135141e-05 1.129362e-05 9.031932e-09
2 1.924024e+02 1.923194e+02 1.933419e+02 2.426906e-03 2.418265e-03 2.426554e-03 9.975736e-01 9.999220e-01 9.999422e-01 7.839045e-05 7.787509e-05 5.779237e-05
3 1.358066e+02 1.361309e+02 1.359059e+02 2.184569e-02 2.179737e-02 2.170115e-02 9.781594e-01 9.952091e-01 9.961333e-01 4.399589e-03 4.385062e-03 3.715340e-03
4 5.486035e+01 5.489616e+01 5.436267e+01 5.502823e-02 5.493066e-02 5.332583e-02 9.449793e-01 9.871922e-01 9.885648e-01 1.156356e-02 1.153252e-02 1.063087e-02
5 1.504337e+01 1.505437e+01 1.501362e+01 1.554813e-01 1.553008e-01 1.536405e-01 8.445489e-01 9.437477e-01 9.459538e-01 4.444417e-02 4.437646e-02 4.390215e-02
6 3.080732e+00 3.082572e+00 3.069261e+00 4.972211e-01 4.970206e-01 4.975378e-01 5.028324e-01 6.556312e-01 6.549168e-01 1.407762e-01 1.407420e-01 1.408934e-01
7 8.692164e-01 8.697534e-01 8.662832e-01 7.585327e-01 7.584115e-01 7.587962e-01 2.414827e-01 3.608805e-01 3.605291e-01 1.432669e-01 1.432942e-01 1.434471e-01
8 3.299859e-01 3.302198e-01 3.301489e-01 8.869290e-01 8.868529e-01 8.870363e-01 1.130880e-01 1.829289e-01 1.827860e-01 9.344982e-02 9.348524e-02 9.359952e-02
9 1.411833e-01 1.412867e-01 1.414568e-01 9.404883e-01 9.404430e-01 9.404710e-01 5.952118e-02 1.055721e-01 1.054398e-01 7.168987e-02 7.173170e-02 7.169359e-02
10 1.174480e-01 1.175170e-01 1.175212e-01 9.473549e-01 9.473245e-01 9.473229e-01 5.264924e-02 9.606757e-02 9.607831e-02 6.938444e-02 6.941909e-02 6.947198e-02
11 2.743248e-01 2.744544e-01 2.740000e-01 8.877404e-01 8.876942e-01 8.877838e-01 1.122555e-01 1.928910e-01 1.928347e-01 1.149892e-01 1.150159e-01 1.151364e-01
12 2.899442e+00 2.901058e+00 2.907613e+00 5.241966e-01 5.240541e-01 5.249953e-01 4.758056e-01 6.191065e-01 6.179706e-01 1.359645e-01 1.359523e-01 1.361454e-01
13 1.561776e+01 1.562558e+01 1.559706e+01 1.264170e-01 1.263177e-01 1.226026e-01 8.735756e-01 9.539194e-01 9.585382e-01 3.484177e-02 3.480799e-02 3.374018e-02
14 2.976838e+01 2.978184e+01 2.974286e+01 3.833175e-02 3.828338e-02 3.541611e-02 9.616717e-01 9.930901e-01 9.948614e-01 6.427641e-03 6.415542e-03 4.972921e-03
15 2.351426e+01 2.352845e+01 2.352354e+01 2.035267e-01 2.033893e-01 2.013476e-01 7.965046e-01 8.818135e-01 8.836598e-01 6.258494e-02 6.254602e-02 6.259273e-02
16 2.023740e+01 2.024649e+01 2.029972e+01 8.766676e-02 8.760635e-02 8.291638e-02 9.123117e-01 9.707854e-01 9.763887e-01 2.220137e-02 2.218451e-02 2.040586e-02
17 2.203359e+01 2.204563e+01 2.204293e+01 6.036443e-02 6.028624e-02 5.969633e-02 9.396516e-01 9.870989e-01 9.878271e-01 1.184820e-02 1.182586e-02 1.135271e-02
18 7.973199e+00 7.977660e+00 7.967827e+00 3.146081e-01 3.144364e-01 3.138769e-01 6.854183e-01 8.180642e-01 8.188762e-01 9.941248e-02 9.936349e-02 9.972560e-02
19 2.908831e+00 2.910289e+00 2.840319e+00 5.891545e-01 5.890057e-01 5.886304e-01 4.108377e-01 5.551798e-01 5.556609e-01 1.489434e-01 1.489514e-01 1.490188e-01
20 9.212711e-01 9.223222e-01 9.097246e-01 7.852671e-01 7.851110e-01 7.848244e-01 2.147884e-01 3.211305e-01 3.215291e-01 1.379544e-01 1.379934e-01 1.383975e-01
21 2.820076e-01 2.821930e-01 2.800202e-01 8.999610e-01 8.998974e-01 8.994425e-01 1.000428e-01 1.687566e-01 1.693747e-01 1.026196e-01 1.026620e-01 1.027802e-01
22 1.246784e-01 1.247558e-01 1.246403e-01 9.422104e-01 9.421745e-01 9.421198e-01 5.779627e-02 1.083306e-01 1.084796e-01 8.543922e-02 8.548406e-02 8.559702e-02
23 3.804361e-02 3.806905e-02 3.806618e-02 9.815768e-01 9.815645e-01 9.815593e-01 1.842437e-02 3.577470e-02 3.579199e-02 3.187440e-02 3.189456e-02 3.191674e-02
24 8.435087e-03 8.440374e-03 8.334502e-03 9.962545e-01 9.962520e-01 9.961908e-01 3.745143e-03 6.829895e-03 7.038128e-03 5.111603e-03 5.114705e-03 5.311932e-03
25 5.625981e-03 5.631761e-03 5.625824e-03 9.973571e-01 9.973543e-01 9.973166e-01 2.643785e-03 5.011947e-03 5.136825e-03 4.151399e-03 4.156204e-03 4.362986e-03
26 9.050868e-04 9.055268e-04 9.081191e-04 9.995477e-01 9.995475e-01 9.995462e-01 4.522765e-04 9.044981e-04 9.071057e-04 9.020095e-04 9.024474e-04 9.050847e-04
27 3.838275e-03 3.840569e-03 3.803603e-03 9.980916e-01 9.980905e-01 9.981077e-01 1.908245e-03 3.798115e-03 3.765732e-03 3.714731e-03 3.716953e-03 3.692448e-03
28 3.406464e-02 3.408366e-02 3.381422e-02 9.834342e-01 9.834250e-01 9.835347e-01 1.656500e-02 3.229249e-02 3.211122e-02 2.922627e-02 2.924132e-02 2.916321e-02
29 2.157832e-01 2.158718e-01 2.157425e-01 9.048606e-01 9.048239e-01 9.049948e-01 9.513802e-02 1.711117e-01 1.707892e-01 1.161087e-01 1.161397e-01 1.160894e-01
30 2.779792e-01 2.781005e-01 2.783762e-01 8.780780e-01 8.780296e-01 8.779973e-01 1.219202e-01 2.173023e-01 2.172977e-01 1.397373e-01 1.397702e-01 1.397660e-01
31 2.389220e-01 2.390456e-01 2.397344e-01 8.944970e-01 8.944447e-01 8.941635e-01 1.055069e-01 1.899097e-01 1.903621e-01 1.287482e-01 1.287915e-01 1.290272e-01
32 6.259314e-01 6.261966e-01 6.255749e-01 7.657145e-01 7.656305e-01 7.654468e-01 2.342842e-01 3.813573e-01 3.816422e-01 1.826775e-01 1.826988e-01 1.828431e-01
33 1.666434e+00 1.667193e+00 1.657351e+00 5.534788e-01 5.533385e-01 5.531061e-01 4.465414e-01 6.271971e-01 6.279092e-01 1.690065e-01 1.689874e-01 1.697100e-01
34 7.325461e+00 7.328787e+00 7.341319e+00 2.550100e-01 2.549089e-01 2.531440e-01 7.449646e-01 8.742067e-01 8.770140e-01 8.090695e-02 8.087108e-02 8.143929e-02
35 1.901575e+01 1.902423e+01 1.901848e+01 1.046918e-01 1.046005e-01 1.025818e-01 8.953109e-01 9.665638e-01 9.687193e-01 2.736478e-02 2.733233e-02 2.643450e-02
36 1.732741e+01 1.733637e+01 1.726183e+01 9.683960e-02 9.675442e-02 9.653615e-02 9.031661e-01 9.685272e-01 9.693367e-01 2.544706e-02 2.541838e-02 2.546758e-02
37 1.668136e+01 1.669068e+01 1.666967e+01 1.592659e-01 1.591421e-01 1.572882e-01 8.407390e-01 9.286275e-01 9.323168e-01 4.770010e-02 4.765845e-02 4.855475e-02
38 2.180428e+01 2.181344e+01 2.181008e+01 6.797544e-02 6.790816e-02 6.400234e-02 9.320281e-01 9.828401e-01 9.859603e-01 1.503689e-02 1.501558e-02 1.298300e-02
39 6.060208e+00 6.065317e+00 6.062643e+00 3.267715e-01 3.265779e-01 3.247509e-01 6.732676e-01 8.121223e-01 8.149887e-01 9.915113e-02 9.909578e-02 1.003737e-01
40 3.991528e-01 3.993952e-01 4.005474e-01 8.448252e-01 8.447442e-01 8.447245e-01 1.551887e-01 2.576312e-01 2.575484e-01 1.334746e-01 1.335017e-01 1.335230e-01
41 9.298937e-02 9.307138e-02 9.285785e-02 9.565538e-01 9.565180e-01 9.565866e-01 4.346126e-02 8.175270e-02 8.166221e-02 6.485970e-02 6.489825e-02 6.489665e-02
42 3.754888e-02 3.756993e-02 3.753110e-02 9.818379e-01 9.818279e-01 9.818449e-01 1.816228e-02 3.521680e-02 3.518570e-02 3.119015e-02 3.120621e-02 3.117959e-02
43 1.028449e-02 1.028937e-02 1.030884e-02 9.948967e-01 9.948943e-01 9.948852e-01 5.103183e-03 1.013478e-02 1.015176e-02 9.831796e-03 9.836378e-03 9.848861e-03
44 3.471700e-03 3.473956e-03 3.472256e-03 9.982695e-01 9.982683e-01 9.982692e-01 1.730748e-03 3.452838e-03 3.450976e-03 3.409170e-03 3.411378e-03 3.409209e-03
45 1.875099e-03 1.875824e-03 1.877419e-03 9.990635e-01 9.990631e-01 9.990623e-01 9.364556e-04 1.871704e-03 1.873309e-03 1.862784e-03 1.863503e-03 1.865129e-03
46 1.846025e-03 1.846909e-03 1.847277e-03 9.990779e-01 9.990775e-01 9.990773e-01 9.220759e-04 1.843078e-03 1.843479e-03 1.834578e-03 1.835454e-03 1.835920e-03
47 4.985987e-03 4.988136e-03 4.993109e-03 9.975146e-01 9.975135e-01 9.975110e-01 2.485353e-03 4.957827e-03 4.962992e-03 4.895959e-03 4.898050e-03 4.903578e-03
48 1.665581e-02 1.666501e-02 1.652291e-02 9.917674e-01 9.917629e-01 9.918284e-01 8.232491e-03 1.628861e-02 1.616794e-02 1.556787e-02 1.557621e-02 1.549124e-02
49 1.033647e-01 1.034274e-01 1.025957e-01 9.524168e-01 9.523885e-01 9.524912e-01 4.758289e-02 8.898710e-02 8.899647e-02 7.042847e-02 7.046385e-02 7.066146e-02
50 7.868989e-01 7.872957e-01 7.878675e-01 7.509389e-01 7.508394e-01 7.508453e-01 2.490586e-01 3.874955e-01 3.879263e-01 1.665646e-01 1.665782e-01 1.671773e-01
51 1.901165e+00 1.901867e+00 1.917661e+00 5.674899e-01 5.673836e-01 5.679669e-01 4.324923e-01 5.970583e-01 5.964631e-01 1.623388e-01 1.623392e-01 1.625623e-01
52 1.502670e+00 1.502637e+00 1.501014e+00 6.287340e-01 6.286008e-01 6.279889e-01 3.712725e-01 5.275988e-01 5.287114e-01 1.660747e-01 1.660760e-01 1.668668e-01
53 2.585273e+00 2.587330e+00 2.593175e+00 4.850542e-01 4.848958e-01 4.838837e-01 5.149614e-01 6.876782e-01 6.897612e-01 1.496323e-01 1.495981e-01 1.509808e-01
54 2.144423e+00 2.145837e+00 2.143233e+00 5.526494e-01 5.524716e-01 5.527875e-01 4.474072e-01 6.085634e-01 6.082630e-01 1.555621e-01 1.555346e-01 1.556124e-01
55 6.443188e-01 6.446580e-01 6.436283e-01 7.782038e-01 7.781031e-01 7.779512e-01 2.218142e-01 3.471235e-01 3.474541e-01 1.494569e-01 1.494890e-01 1.495977e-01
56 7.312486e-02 7.316286e-02 7.306060e-02 9.652563e-01 9.652387e-01 9.652783e-01 3.474450e-02 6.629766e-02 6.623672e-02 5.534563e-02 5.537057e-02 5.536404e-02
57 1.193312e-02 1.194071e-02 1.193786e-02 9.940921e-01 9.940884e-01 9.940893e-01 5.908655e-03 1.170836e-02 1.170768e-02 1.125747e-02 1.126445e-02 1.126751e-02
58 5.698911e-03 5.701927e-03 5.692908e-03 9.971650e-01 9.971635e-01 9.971679e-01 2.835035e-03 5.644467e-03 5.635762e-03 5.529270e-03 5.532158e-03 5.524057e-03
59 2.674704e-03 2.675960e-03 2.675389e-03 9.986657e-01 9.986650e-01 9.986653e-01 1.334268e-03 2.663900e-03 2.663478e-03 2.638819e-03 2.640051e-03 2.639917e-03
60 8.741878e-04 8.747909e-04 8.690286e-04 9.995633e-01 9.995630e-01 9.995659e-01 4.367568e-04 8.732389e-04 8.675520e-04 8.695494e-04 8.701492e-04 8.646115e-04
61 3.273581e-04 3.275505e-04 3.277078e-04 9.998364e-01 9.998363e-01 9.998362e-01 1.636622e-04 3.274153e-04 3.275729e-04 3.269532e-04 3.271452e-04 3.273033e-04
62 5.306894e-04 5.309308e-04 5.298758e-04 9.997347e-01 9.997346e-01 9.997351e-01 2.652680e-04 5.306351e-04 5.295844e-04 5.298036e-04 5.300444e-04 5.290023e-04
63 2.096598e-03 2.097575e-03 2.115818e-03 9.989533e-01 9.989528e-01 9.989437e-01 1.046581e-03 2.091161e-03 2.109218e-03 2.077531e-03 2.078495e-03 2.096169e-03
64 7.673342e-03 7.676888e-03 7.654285e-03 9.961770e-01 9.961753e-01 9.961862e-01 3.822876e-03 7.622244e-03 7.601051e-03 7.511169e-03 7.514597e-03 7.496058e-03
65 3.156387e-02 3.157887e-02 3.144273e-02 9.844777e-01 9.844704e-01 9.845261e-01 1.552198e-02 3.056185e-02 3.047146e-02 2.867969e-02 2.869262e-02 2.866943e-02
66 1.091474e-01 1.091930e-01 1.095752e-01 9.486084e-01 9.485877e-01 9.484160e-01 5.138983e-02 9.725368e-02 9.756825e-02 7.865627e-02 7.868207e-02 7.891981e-02
67 1.549498e-01 1.550145e-01 1.550151e-01 9.274736e-01 9.274444e-01 9.274123e-01 7.252905e-02 1.364006e-01 1.364991e-01 1.071525e-01 1.071884e-01 1.073351e-01
68 3.512448e-01 3.513728e-01 3.502497e-01 8.510786e-01 8.510317e-01 8.512960e-01 1.489111e-01 2.596547e-01 2.594435e-01 1.560557e-01 1.560785e-01 1.563811e-01
69 9.017620e-01 9.022167e-01 9.037805e-01 7.026342e-01 7.025163e-01 7.017902e-01 2.973763e-01 4.586004e-01 4.597891e-01 1.811571e-01 1.811675e-01 1.818408e-01
70 1.280762e+00 1.281323e+00 1.288300e+00 6.392882e-01 6.391790e-01 6.386355e-01 3.607104e-01 5.313429e-01 5.321855e-01 1.809756e-01 1.809728e-01 1.812883e-01
71 1.623019e+00 1.623796e+00 1.627025e+00 5.838879e-01 5.837489e-01 5.830716e-01 4.161350e-01 5.836084e-01 5.846817e-01 1.638822e-01 1.638744e-01 1.646872e-01
72 1.470726e+00 1.471302e+00 1.470119e+00 5.899638e-01 5.898591e-01 5.890780e-01 4.100214e-01 5.955509e-01 5.970674e-01 1.839080e-01 1.838944e-01 1.849571e-01
73 1.470101e+00 1.470846e+00 1.469740e+00 6.080324e-01 6.078971e-01 6.073679e-01 3.919830e-01 5.532956e-01 5.544078e-01 1.599036e-01 1.598947e-01 1.608758e-01
74 1.140378e-01 1.141973e-01 1.157683e-01 9.537491e-01 9.536901e-01 9.529880e-01 4.627960e-02 8.312556e-02 8.371629e-02 6.097868e-02 6.102163e-02 6.082096e-02
75 1.424654e-02 1.425359e-02 1.422736e-02 9.929355e-01 9.929320e-01 9.929436e-01 7.064610e-03 1.402050e-02 1.400035e-02 1.356534e-02 1.357191e-02 1.356209e-02
76 9.523749e-03 9.528235e-03 9.517007e-03 9.952643e-01 9.952621e-01 9.952675e-01 4.735738e-03 9.424088e-03 9.413674e-03 9.216464e-03 9.220754e-03 9.211883e-03
77 2.028278e-03 2.029354e-03 2.022661e-03 9.989871e-01 9.989866e-01 9.989899e-01 1.012886e-03 2.024219e-03 2.017594e-03 2.012942e-03 2.014007e-03 2.007518e-03
78 4.611182e-04 4.613695e-04 4.610292e-04 9.997695e-01 9.997694e-01 9.997696e-01 2.304939e-04 4.610751e-04 4.607430e-04 4.602367e-04 4.604874e-04 4.601715e-04
79 5.048756e-04 5.050896e-04 5.045207e-04 9.997476e-01 9.997475e-01 9.997478e-01 2.523719e-04 5.048244e-04 5.042572e-04 5.040812e-04 5.042947e-04 5.037308e-04
80 1.308840e-03 1.309379e-03 1.309480e-03 9.993461e-01 9.993458e-01 9.993457e-01 6.538985e-04 1.307445e-03 1.307549e-03 1.303054e-03 1.303589e-03 1.303701e-03
81 2.783346e-03 2.784487e-03 2.788060e-03 9.986105e-01 9.986100e-01 9.986082e-01 1.389449e-03 2.775673e-03 2.779248e-03 2.757047e-03 2.758172e-03 2.761750e-03
82 3.729037e-03 3.730336e-03 3.734487e-03 9.981390e-01 9.981384e-01 9.981363e-01 1.860883e-03 3.716115e-03 3.720250e-03 3.686641e-03 3.687916e-03 3.692017e-03
83 7.272368e-03 7.275858e-03 7.274132e-03 9.963787e-01 9.963769e-01 9.963772e-01 3.621386e-03 7.216738e-03 7.217417e-03 7.097889e-03 7.101258e-03 7.106298e-03
84 2.756068e-02 2.756704e-02 2.762021e-02 9.864257e-01 9.864226e-01 9.863979e-01 1.357181e-02 2.675645e-02 2.680235e-02 2.523537e-02 2.524113e-02 2.527448e-02
85 7.572374e-02 7.576170e-02 7.586074e-02 9.641098e-01 9.640921e-01 9.640615e-01 3.589268e-02 6.835581e-02 6.839152e-02 5.676356e-02 5.678920e-02 5.677077e-02
86 8.757609e-02 8.761340e-02 8.729915e-02 9.591418e-01 9.591250e-01 9.592345e-01 4.085742e-02 7.677472e-02 7.662676e-02 6.080167e-02 6.082234e-02 6.086068e-02
87 1.202805e-01 1.203432e-01 1.202940e-01 9.454175e-01 9.453907e-01 9.453607e-01 5.458410e-02 1.001877e-01 1.003058e-01 7.274131e-02 7.276939e-02 7.297311e-02
88 1.412725e-01 1.413245e-01 1.417565e-01 9.355011e-01 9.354788e-01 9.353261e-01 6.449555e-02 1.189004e-01 1.191201e-01 8.742649e-02 8.744821e-02 8.747095e-02
89 5.431696e-02 5.435133e-02 5.431438e-02 9.737590e-01 9.737427e-01 9.737568e-01 2.624522e-02 5.081292e-02 5.079184e-02 4.468100e-02 4.470632e-02 4.470745e-02
90 5.662579e-03 5.665923e-03 5.645193e-03 9.971772e-01 9.971756e-01 9.971858e-01 2.823062e-03 5.631872e-03 5.611577e-03 5.561525e-03 5.564773e-03 5.545314e-03
91 1.219630e-03 1.220236e-03 1.223373e-03 9.993907e-01 9.993904e-01 9.993888e-01 6.093628e-04 1.218365e-03 1.221493e-03 1.214036e-03 1.214637e-03 1.217749e-03
92 7.502153e-04 7.506257e-04 7.472635e-04 9.996251e-01 9.996249e-01 9.996266e-01 3.748546e-04 7.495968e-04 7.462491e-04 7.471387e-04 7.475467e-04 7.442279e-04
93 2.581332e-04 2.582689e-04 2.578856e-04 9.998710e-01 9.998709e-01 9.998711e-01 1.290409e-04 2.581660e-04 2.577827e-04 2.578250e-04 2.579605e-04 2.575772e-04
94 8.332164e-05 8.336238e-05 8.349482e-05 9.999583e-01 9.999583e-01 9.999583e-01 4.166077e-05 8.335521e-05 8.348757e-05 8.330016e-05 8.334088e-05 8.347308e-05
95 4.228530e-05 4.230803e-05 4.219122e-05 9.999789e-01 9.999788e-01 9.999789e-01 2.114212e-05 4.230561e-05 4.218890e-05 4.227805e-05 4.230077e-05 4.218426e-05
96 9.988592e-05 9.992873e-05 9.993555e-05 9.999501e-01 9.999500e-01 9.999500e-01 4.993995e-05 9.991664e-05 9.992358e-05 9.984967e-05 9.989246e-05 9.989964e-05
97 1.484533e-04 1.485132e-04 1.482993e-04 9.999258e-01 9.999257e-01 9.999259e-01 7.421892e-05 1.484942e-04 1.482805e-04 1.483962e-04 1.484561e-04 1.482430e-04
98 4.423467e-04 4.425330e-04 4.427902e-04 9.997789e-01 9.997788e-01 9.997786e-01 2.211235e-04 4.423532e-04 4.426126e-04 4.418082e-04 4.419941e-04 4.422578e-04
99 1.579888e-03 1.580488e-03 1.581945e-03 9.992107e-01 9.992104e-01 9.992097e-01 7.892603e-04 1.577866e-03 1.579325e-03 1.572048e-03 1.572644e-03 1.574105e-03
100 5.126111e-03 5.127787e-03 5.135897e-03 9.974431e-01 9.974423e-01 9.974382e-01 2.556681e-03 5.103271e-03 5.111483e-03 5.053111e-03 5.054746e-03 5.063151e-03
101 1.108498e-02 1.108982e-02 1.109201e-02 9.944885e-01 9.944861e-01 9.944849e-01 5.511583e-03 1.096661e-02 1.096923e-02 1.072179e-02 1.072638e-02 1.072979e-02
102 2.091470e-02 2.092281e-02 2.081505e-02 9.896933e-01 9.896893e-01 9.897389e-01 1.030569e-02 2.033142e-02 2.024008e-02 1.922778e-02 1.923478e-02 1.917072e-02
103 4.901904e-02 4.904178e-02 4.918724e-02 9.762098e-01 9.761989e-01 9.761365e-01 2.379117e-02 4.626758e-02 4.637623e-02 4.144998e-02 4.146781e-02 4.153073e-02
104 5.366050e-02 5.367789e-02 5.372646e-02 9.740792e-01 9.740710e-01 9.740576e-01 2.591844e-02 5.017536e-02 5.018503e-02 4.414361e-02 4.415594e-02 4.411729e-02
105 4.552473e-02 4.554453e-02 4.561098e-02 9.779434e-01 9.779340e-01 9.779022e-01 2.205651e-02 4.281942e-02 4.288022e-02 3.807731e-02 3.809214e-02 3.814158e-02
106 7.750741e-02 7.754612e-02 7.784065e-02 9.627871e-01 9.627689e-01 9.626291e-01 3.721548e-02 7.162733e-02 7.189362e-02 6.153758e-02 6.156454e-02 6.178681e-02
107 6.467134e-03 6.470746e-03 6.470614e-03 9.967770e-01 9.967752e-01 9.967753e-01 3.223420e-03 6.428460e-03 6.428489e-03 6.341696e-03 6.345192e-03 6.345536e-03
108 7.787205e-03 7.790546e-03 7.799712e-03 9.961237e-01 9.961220e-01 9.961173e-01 3.876324e-03 7.721766e-03 7.731259e-03 7.583709e-03 7.586908e-03 7.597018e-03
109 4.357540e-03 4.360009e-03 4.379168e-03 9.978293e-01 9.978280e-01 9.978186e-01 2.170770e-03 4.328047e-03 4.346768e-03 4.263094e-03 4.265481e-03 4.283338e-03
110 8.975399e-03 8.979189e-03 8.982902e-03 9.955363e-01 9.955344e-01 9.955325e-01 4.463706e-03 8.883731e-03 8.887557e-03 8.693242e-03 8.696842e-03 8.700873e-03
111 1.203942e-03 1.204789e-03 1.205045e-03 9.993990e-01 9.993986e-01 9.993985e-01 6.010188e-04 1.200833e-03 1.201078e-03 1.192151e-03 1.192986e-03 1.193209e-03
112 1.204740e-04 1.205761e-04 1.202419e-04 9.999398e-01 9.999397e-01 9.999399e-01 6.025241e-05 1.205528e-04 1.202188e-04 1.204043e-04 1.205063e-04 1.201728e-04
113 4.776838e-05 4.779369e-05 4.767712e-05 9.999761e-01 9.999761e-01 9.999762e-01 2.388398e-05 4.779042e-05 4.767386e-05 4.775856e-05 4.778386e-05 4.766735e-05
114 3.375550e-05 3.376717e-05 3.365408e-05 9.999831e-01 9.999831e-01 9.999832e-01 1.687573e-05 3.376583e-05 3.365277e-05 3.375150e-05 3.376317e-05 3.365014e-05
115 9.982455e-05 9.985922e-05 9.964593e-05 9.999501e-01 9.999501e-01 9.999502e-01 4.990459e-05 9.984783e-05 9.963463e-05 9.979039e-05 9.982504e-05 9.961203e-05
116 2.519645e-04 2.520828e-04 2.502558e-04 9.998740e-01 9.998740e-01 9.998749e-01 1.259608e-04 2.520084e-04 2.501841e-04 2.517417e-04 2.518598e-04 2.500407e-04
117 9.372153e-04 9.376923e-04 9.372041e-04 9.995317e-01 9.995315e-01 9.995317e-01 4.683029e-04 9.364704e-04 9.360020e-04 9.335607e-04 9.340348e-04 9.336055e-04
118 2.529394e-03 2.530662e-03 2.529404e-03 9.987375e-01 9.987369e-01 9.987375e-01 1.262453e-03 2.521712e-03 2.520495e-03 2.502722e-03 2.503970e-03 2.502834e-03
