0 1.098223e+01 1.099020e+01 1.099157e+01 4.047562e-01 4.046623e-01 4.041270e-01 5.952016e-01 6.619233e-01 6.643083e-01 5.763672e-02 5.762979e-02 5.893076e-02
1 6.750794e+01 6.753551e+01 6.760007e+01 5.149177e-03 5.140128e-03 1.559573e-03 9.948514e-01 9.993438e-01 9.999789e-01 6.369181e-04 6.352595e-04 2.109834e-05
2 1.087279e+02 1.086741e+02 1.076763e+02 3.932150e-03 3.920080e-03 2.488772e-03 9.960694e-01 9.997601e-01 9.999418e-01 2.394111e-04 2.381623e-04 5.815806e-05
3 1.000331e+02 1.002293e+02 1.006173e+02 1.709536e-02 1.705434e-02 1.057563e-02 9.829096e-01 9.963465e-01 9.993199e-01 3.129674e-03 3.120909e-03 6.758834e-04
4 6.315755e+01 6.319720e+01 6.330607e+01 2.116139e-02 2.110932e-02 2.003390e-02 9.788443e-01 9.975397e-01 9.979618e-01 2.410018e-03 2.399676e-03 2.007907e-03
5 2.967025e+01 2.969181e+01 2.955060e+01 6.383149e-02 6.372332e-02 5.896136e-02 9.361786e-01 9.847407e-01 9.887513e-01 1.320358e-02 1.317296e-02 1.058926e-02
6 8.440444e+00 8.446582e+00 8.289913e+00 2.544369e-01 2.542078e-01 2.537899e-01 7.456141e-01 8.688216e-01 8.696089e-01 7.878454e-02 7.871131e-02 7.896167e-02
7 1.821887e+00 1.822964e+00 1.811383e+00 6.056217e-01 6.054469e-01 6.054544e-01 3.944183e-01 5.419384e-01 5.422178e-01 1.517255e-01 1.517181e-01 1.523682e-01
8 9.380798e-01 9.387726e-01 9.242884e-01 7.769350e-01 7.767926e-01 7.770329e-01 2.230969e-01 3.284730e-01 3.280622e-01 1.243134e-01 1.243386e-01 1.243895e-01
9 4.909683e-01 4.913490e-01 4.745850e-01 8.530844e-01 8.529713e-01 8.536243e-01 1.469414e-01 2.341713e-01 2.336758e-01 1.182137e-01 1.182639e-01 1.187356e-01
10 2.994525e-01 2.996649e-01 2.977682e-01 8.866515e-01 8.865712e-01 8.865324e-01 1.133696e-01 1.903923e-01 1.906177e-01 1.092491e-01 1.093043e-01 1.094616e-01
11 7.542732e-01 7.546443e-01 7.541464e-01 7.422610e-01 7.421589e-01 7.421676e-01 2.577411e-01 3.985912e-01 3.986797e-01 1.611771e-01 1.611864e-01 1.613920e-01
12 5.028674e+00 5.031475e+00 5.020975e+00 3.571609e-01 3.569821e-01 3.564539e-01 6.428639e-01 7.908002e-01 7.918921e-01 1.123610e-01 1.123107e-01 1.131596e-01
13 1.339144e+01 1.339804e+01 1.339292e+01 1.112371e-01 1.111434e-01 1.101494e-01 8.887605e-01 9.623599e-01 9.640281e-01 2.978837e-02 2.975799e-02 2.954966e-02
14 2.019184e+01 2.020057e+01 2.021928e+01 4.838520e-02 4.833086e-02 4.619359e-02 9.516224e-01 9.902487e-01 9.917478e-01 8.962710e-03 8.947923e-03 7.832099e-03
15 1.290833e+01 1.291600e+01 1.292196e+01 2.688082e-01 2.686475e-01 2.681688e-01 7.312331e-01 8.374312e-01 8.380204e-01 8.263317e-02 8.259074e-02 8.295961e-02
16 9.885091e+00 9.889104e+00 9.950043e+00 1.742794e-01 1.741717e-01 1.703566e-01 8.257036e-01 9.236909e-01 9.294940e-01 4.779660e-02 4.776327e-02 4.928614e-02
17 1.338094e+01 1.338893e+01 1.336456e+01 1.096058e-01 1.094931e-01 1.080842e-01 8.904150e-01 9.682512e-01 9.697023e-01 2.742887e-02 2.738980e-02 2.667345e-02
18 6.823713e+00 6.827738e+00 6.803258e+00 3.116130e-01 3.114126e-01 3.102391e-01 6.884293e-01 8.298694e-01 8.322540e-01 9.905527e-02 9.898925e-02 9.997708e-02
19 2.561297e+00 2.562605e+00 2.546467e+00 5.447003e-01 5.445380e-01 5.439029e-01 4.553097e-01 6.114509e-01 6.125382e-01 1.500153e-01 1.500051e-01 1.505799e-01
20 9.541656e-01 9.550164e-01 9.519018e-01 7.529277e-01 7.527548e-01 7.523133e-01 2.471313e-01 3.747060e-01 3.755642e-01 1.586564e-01 1.586895e-01 1.592777e-01
21 3.803283e-01 3.805699e-01 3.722135e-01 8.669535e-01 8.668711e-01 8.669966e-01 1.330525e-01 2.221975e-01 2.224191e-01 1.280967e-01 1.281410e-01 1.285640e-01
22 2.456880e-01 2.458240e-01 2.449889e-01 8.924672e-01 8.924063e-01 8.923622e-01 1.075459e-01 1.934164e-01 1.936214e-01 1.322714e-01 1.323244e-01 1.324461e-01
23 1.155020e-01 1.155758e-01 1.149226e-01 9.463844e-01 9.463508e-01 9.465218e-01 5.361919e-02 1.003709e-01 1.001942e-01 7.826686e-02 7.831000e-02 7.841273e-02
24 4.097107e-02 4.100024e-02 3.913135e-02 9.879027e-01 9.878946e-01 9.873025e-01 1.209602e-02 1.992473e-02 2.019271e-02 1.300510e-02 1.301166e-02 1.232217e-02
25 2.153542e-02 2.156054e-02 2.067005e-02 9.917792e-01 9.917683e-01 9.915075e-01 8.225642e-03 1.413339e-02 1.467974e-02 9.636144e-03 9.649653e-03 9.552842e-03
26 2.779366e-03 2.780749e-03 2.757355e-03 9.986132e-01 9.986125e-01 9.986239e-01 1.386751e-03 2.769407e-03 2.747092e-03 2.745659e-03 2.747023e-03 2.726772e-03
27 1.303555e-02 1.304348e-02 1.305159e-02 9.935855e-01 9.935816e-01 9.935720e-01 6.414013e-03 1.264093e-02 1.266883e-02 1.190770e-02 1.191489e-02 1.196596e-02
28 7.097676e-02 7.101002e-02 7.095893e-02 9.658488e-01 9.658330e-01 9.658502e-01 3.414981e-02 6.589086e-02 6.586675e-02 5.724316e-02 5.726753e-02 5.726260e-02
29 2.283373e-01 2.284323e-01 2.283786e-01 8.972963e-01 8.972541e-01 8.972393e-01 1.027057e-01 1.871395e-01 1.871943e-01 1.316403e-01 1.316826e-01 1.317415e-01
30 2.593759e-01 2.594959e-01 2.593682e-01 8.852895e-01 8.852373e-01 8.851641e-01 1.147124e-01 2.064822e-01 2.066637e-01 1.391726e-01 1.392149e-01 1.393492e-01
31 3.213090e-01 3.214914e-01 3.200755e-01 8.670165e-01 8.669409e-01 8.670603e-01 1.329955e-01 2.317565e-01 2.317941e-01 1.445488e-01 1.445993e-01 1.449398e-01
32 9.368837e-01 9.372612e-01 9.399807e-01 6.848281e-01 6.847193e-01 6.842426e-01 3.151790e-01 4.857538e-01 4.864956e-01 1.898186e-01 1.898218e-01 1.903057e-01
33 2.733803e+00 2.735208e+00 2.742693e+00 4.401761e-01 4.399994e-01 4.392623e-01 5.598530e-01 7.362138e-01 7.377173e-01 1.438470e-01 1.438003e-01 1.447034e-01
34 8.023375e+00 8.026946e+00 8.022811e+00 2.365368e-01 2.364290e-01 2.357156e-01 7.634516e-01 8.912050e-01 8.922768e-01 7.626845e-02 7.622925e-02 7.624314e-02
35 1.223113e+01 1.223687e+01 1.226285e+01 1.658072e-01 1.656835e-01 1.638275e-01 8.342001e-01 9.363477e-01 9.387894e-01 4.812589e-02 4.807936e-02 4.756886e-02
36 1.096288e+01 1.096858e+01 1.100177e+01 1.396209e-01 1.395046e-01 1.367974e-01 8.603932e-01 9.473950e-01 9.507928e-01 3.804763e-02 3.800939e-02 3.785471e-02
37 7.956820e+00 7.961176e+00 8.004899e+00 2.696747e-01 2.695041e-01 2.669409e-01 7.303378e-01 8.645281e-01 8.687389e-01 8.573953e-02 8.568196e-02 8.669869e-02
38 1.200720e+01 1.201227e+01 1.200998e+01 1.324734e-01 1.323655e-01 1.295127e-01 8.675384e-01 9.560434e-01 9.594104e-01 3.558994e-02 3.555086e-02 3.434842e-02
39 5.923265e+00 5.927555e+00 5.908106e+00 3.004158e-01 3.002256e-01 2.983957e-01 6.996235e-01 8.394556e-01 8.426944e-01 9.239256e-02 9.233309e-02 9.373854e-02
40 7.230267e-01 7.235330e-01 7.203312e-01 7.613290e-01 7.611890e-01 7.611703e-01 2.387033e-01 3.695677e-01 3.697111e-01 1.510402e-01 1.510572e-01 1.511319e-01
41 1.005055e-01 1.005817e-01 1.005684e-01 9.527986e-01 9.527642e-01 9.527443e-01 4.721309e-02 8.917579e-02 8.924563e-02 7.166708e-02 7.170894e-02 7.182896e-02
42 5.030627e-02 5.033456e-02 5.072694e-02 9.757937e-01 9.757802e-01 9.756195e-01 2.420681e-02 4.671517e-02 4.697994e-02 4.064211e-02 4.066322e-02 4.076414e-02
43 2.093281e-02 2.094021e-02 2.089876e-02 9.896680e-01 9.896644e-01 9.896846e-01 1.033105e-02 2.040964e-02 2.037017e-02 1.939785e-02 1.940462e-02 1.936889e-02
44 7.276009e-03 7.282574e-03 7.292199e-03 9.963849e-01 9.963817e-01 9.963770e-01 3.616183e-03 7.191477e-03 7.200549e-03 7.009008e-03 7.015217e-03 7.023193e-03
45 3.046985e-03 3.047825e-03 3.050745e-03 9.984799e-01 9.984795e-01 9.984780e-01 1.519759e-03 3.034408e-03 3.037240e-03 3.007013e-03 3.007865e-03 3.010528e-03
46 3.691550e-03 3.694000e-03 3.692014e-03 9.981584e-01 9.981572e-01 9.981582e-01 1.841930e-03 3.677198e-03 3.675223e-03 3.641557e-03 3.643949e-03 3.641998e-03
47 8.247170e-03 8.251110e-03 8.272917e-03 9.958958e-01 9.958938e-01 9.958829e-01 4.104252e-03 8.173946e-03 8.195791e-03 8.018986e-03 8.022786e-03 8.044678e-03
48 3.849435e-02 3.851894e-02 3.844542e-02 9.814441e-01 9.814322e-01 9.814411e-01 1.855612e-02 3.589904e-02 3.591375e-02 3.161506e-02 3.163499e-02 3.170300e-02
49 2.355194e-01 2.356568e-01 2.357608e-01 8.987658e-01 8.987085e-01 8.986001e-01 1.012352e-01 1.802565e-01 1.803982e-01 1.202211e-01 1.202677e-01 1.203416e-01
50 8.951873e-01 8.956237e-01 9.004562e-01 7.113346e-01 7.112172e-01 7.109419e-01 2.886763e-01 4.458060e-01 4.462586e-01 1.818678e-01 1.818786e-01 1.823009e-01
51 1.187113e+00 1.187617e+00 1.188358e+00 6.658647e-01 6.657598e-01 6.661867e-01 3.341285e-01 4.877627e-01 4.875592e-01 1.649514e-01 1.649636e-01 1.652609e-01
52 8.350848e-01 8.350522e-01 8.318632e-01 7.248610e-01 7.247542e-01 7.245251e-01 2.751368e-01 4.242056e-01 4.248342e-01 1.734727e-01 1.734959e-01 1.739834e-01
53 1.569139e+00 1.570386e+00 1.574630e+00 5.857089e-01 5.855399e-01 5.851522e-01 4.143248e-01 5.938504e-01 5.947101e-01 1.758011e-01 1.757800e-01 1.768533e-01
54 1.360107e+00 1.360923e+00 1.353252e+00 6.429545e-01 6.427879e-01 6.431650e-01 3.571005e-01 5.130697e-01 5.126183e-01 1.646005e-01 1.645903e-01 1.645170e-01
55 6.789648e-01 6.792979e-01 6.800529e-01 7.622311e-01 7.621244e-01 7.617670e-01 2.377917e-01 3.728924e-01 3.733871e-01 1.592785e-01 1.593089e-01 1.595139e-01
56 1.385483e-01 1.386192e-01 1.387264e-01 9.368425e-01 9.368111e-01 9.367563e-01 6.315943e-02 1.164548e-01 1.165541e-01 8.608660e-02 8.612362e-02 8.617417e-02
57 1.726429e-02 1.727595e-02 1.725663e-02 9.914677e-01 9.914619e-01 9.914711e-01 8.533673e-03 1.688161e-02 1.686410e-02 1.612227e-02 1.613293e-02 1.611867e-02
58 6.274633e-03 6.278062e-03 6.251456e-03 9.968777e-01 9.968760e-01 9.968892e-01 3.122272e-03 6.218088e-03 6.192245e-03 6.097448e-03 6.100746e-03 6.076369e-03
59 3.857022e-03 3.858608e-03 3.876755e-03 9.980775e-01 9.980767e-01 9.980677e-01 1.922288e-03 3.834676e-03 3.852594e-03 3.785993e-03 3.787539e-03 3.805007e-03
60 1.700505e-03 1.701848e-03 1.700577e-03 9.991512e-01 9.991505e-01 9.991511e-01 8.489945e-04 1.696091e-03 1.694901e-03 1.683345e-03 1.684674e-03 1.683644e-03
61 8.186075e-04 8.190965e-04 8.181336e-04 9.995909e-01 9.995907e-01 9.995912e-01 4.090984e-04 8.181085e-04 8.171477e-04 8.156510e-04 8.161381e-04 8.151814e-04
62 1.355510e-03 1.356203e-03 1.353246e-03 9.993228e-01 9.993224e-01 9.993239e-01 6.772187e-04 1.354079e-03 1.351136e-03 1.349157e-03 1.349846e-03 1.346932e-03
63 5.024624e-03 5.027364e-03 5.054245e-03 9.974986e-01 9.974972e-01 9.974837e-01 2.501212e-03 4.984063e-03 5.011292e-03 4.898044e-03 4.900690e-03 4.928158e-03
64 1.658762e-02 1.659555e-02 1.658833e-02 9.917752e-01 9.917713e-01 9.917744e-01 8.224654e-03 1.632168e-02 1.631650e-02 1.578627e-02 1.579366e-02 1.579197e-02
65 4.876073e-02 4.878120e-02 4.866218e-02 9.761629e-01 9.761530e-01 9.762004e-01 2.383615e-02 4.665880e-02 4.658457e-02 4.278413e-02 4.280093e-02 4.278961e-02
66 1.124315e-01 1.124753e-01 1.125612e-01 9.465196e-01 9.464992e-01 9.464502e-01 5.347978e-02 1.020605e-01 1.021664e-01 8.489095e-02 8.491917e-02 8.504224e-02
67 1.733108e-01 1.733888e-01 1.735683e-01 9.194447e-01 9.194093e-01 9.193001e-01 8.055784e-02 1.506681e-01 1.509036e-01 1.161553e-01 1.161978e-01 1.164557e-01
68 3.820709e-01 3.822120e-01 3.815246e-01 8.396175e-01 8.395644e-01 8.396214e-01 1.603769e-01 2.778234e-01 2.778909e-01 1.635003e-01 1.635260e-01 1.637865e-01
69 7.344581e-01 7.348209e-01 7.379563e-01 7.426259e-01 7.425195e-01 7.417817e-01 2.573847e-01 4.094791e-01 4.105901e-01 1.842928e-01 1.843162e-01 1.851142e-01
70 8.023456e-01 8.026904e-01 7.997258e-01 7.264082e-01 7.263109e-01 7.263605e-01 2.735997e-01 4.314903e-01 4.317458e-01 1.891406e-01 1.891585e-01 1.896664e-01
71 8.906186e-01 8.910330e-01 8.909926e-01 7.122927e-01 7.121789e-01 7.121527e-01 2.877273e-01 4.406742e-01 4.407142e-01 1.746876e-01 1.747045e-01 1.748538e-01
72 7.622502e-01 7.625491e-01 7.627178e-01 7.287706e-01 7.286851e-01 7.281766e-01 2.712232e-01 4.338947e-01 4.348282e-01 1.969918e-01 1.970040e-01 1.976039e-01
73 1.089893e+00 1.090382e+00 1.097643e+00 6.681467e-01 6.680325e-01 6.670688e-01 3.318561e-01 4.909209e-01 4.922241e-01 1.708387e-01 1.708495e-01 1.715771e-01
74 3.391828e-01 3.395669e-01 3.399884e-01 9.249886e-01 9.248941e-01 9.254640e-01 7.504412e-02 1.263851e-01 1.262309e-01 7.747772e-02 7.753580e-02 7.782393e-02
75 1.068985e-02 1.069580e-02 1.068289e-02 9.946904e-01 9.946874e-01 9.946928e-01 5.309841e-03 1.055593e-02 1.054717e-02 1.028084e-02 1.028653e-02 1.028460e-02
76 9.098204e-03 9.102506e-03 9.126499e-03 9.954722e-01 9.954701e-01 9.954581e-01 4.527843e-03 9.017634e-03 9.041355e-03 8.846984e-03 8.851147e-03 8.874340e-03
77 3.166028e-03 3.167689e-03 3.171053e-03 9.984198e-01 9.984190e-01 9.984173e-01 1.580209e-03 3.156324e-03 3.159628e-03 3.132132e-03 3.133769e-03 3.136955e-03
78 7.698529e-04 7.702970e-04 7.713421e-04 9.996153e-01 9.996151e-01 9.996145e-01 3.847123e-04 7.694193e-04 7.704969e-04 7.672273e-04 7.676696e-04 7.688114e-04
79 7.871430e-04 7.874641e-04 7.881096e-04 9.996066e-01 9.996064e-01 9.996061e-01 3.934236e-04 7.868821e-04 7.875277e-04 7.853999e-04 7.857200e-04 7.863657e-04
80 1.420911e-03 1.421479e-03 1.423575e-03 9.992901e-01 9.992898e-01 9.992887e-01 7.099191e-04 1.419438e-03 1.421535e-03 1.414807e-03 1.415371e-03 1.417468e-03
81 2.228921e-03 2.229770e-03 2.235131e-03 9.988868e-01 9.988864e-01 9.988837e-01 1.113203e-03 2.224803e-03 2.230149e-03 2.214076e-03 2.214918e-03 2.220233e-03
82 3.598569e-03 3.600197e-03 3.577619e-03 9.982043e-01 9.982035e-01 9.982145e-01 1.795622e-03 3.585974e-03 3.564289e-03 3.556234e-03 3.557841e-03 3.537872e-03
83 1.101159e-02 1.101724e-02 1.095246e-02 9.945321e-01 9.945293e-01 9.945599e-01 5.467898e-03 1.086690e-02 1.080915e-02 1.057234e-02 1.057773e-02 1.053228e-02
84 3.471700e-02 3.472846e-02 3.484494e-02 9.829672e-01 9.829616e-01 9.829064e-01 1.703087e-02 3.345344e-02 3.355794e-02 3.110586e-02 3.111576e-02 3.119768e-02
85 5.769421e-02 5.772295e-02 5.780714e-02 9.722440e-01 9.722302e-01 9.721927e-01 2.775811e-02 5.355142e-02 5.361981e-02 4.655633e-02 4.657837e-02 4.662984e-02
86 5.219785e-02 5.222015e-02 5.220712e-02 9.748737e-01 9.748631e-01 9.748696e-01 2.512595e-02 4.850188e-02 4.848894e-02 4.227406e-02 4.229058e-02 4.227689e-02
87 7.685611e-02 7.689645e-02 7.617568e-02 9.637449e-01 9.637264e-01 9.639953e-01 3.625600e-02 6.876472e-02 6.835667e-02 5.620203e-02 5.622731e-02 5.615016e-02
88 7.990070e-02 7.992918e-02 7.994294e-02 9.621426e-01 9.621295e-01 9.621160e-01 3.785375e-02 7.203827e-02 7.207179e-02 5.952202e-02 5.953969e-02 5.957879e-02
89 4.914431e-02 4.917493e-02 4.916817e-02 9.761336e-01 9.761189e-01 9.761179e-01 2.387045e-02 4.643575e-02 4.644496e-02 4.156643e-02 4.159024e-02 4.162109e-02
90 7.840418e-03 7.844898e-03 7.820813e-03 9.960986e-01 9.960963e-01 9.961079e-01 3.901731e-03 7.770241e-03 7.748156e-03 7.620122e-03 7.624425e-03 7.606057e-03
91 1.004707e-03 1.005162e-03 1.004763e-03 9.994979e-01 9.994977e-01 9.994979e-01 5.021005e-04 1.004097e-03 1.003702e-03 1.001517e-03 1.001971e-03 1.001586e-03
92 6.574711e-04 6.578354e-04 6.547240e-04 9.996714e-01 9.996712e-01 9.996728e-01 3.285865e-04 6.572079e-04 6.541122e-04 6.555927e-04 6.559559e-04 6.528914e-04
93 3.242312e-04 3.243895e-04 3.242995e-04 9.998379e-01 9.998378e-01 9.998379e-01 1.620783e-04 3.242450e-04 3.241549e-04 3.237984e-04 3.239564e-04 3.238660e-04
94 1.322889e-04 1.323573e-04 1.327929e-04 9.999339e-01 9.999338e-01 9.999336e-01 6.614297e-05 1.323373e-04 1.327727e-04 1.322289e-04 1.322973e-04 1.327321e-04
95 5.323284e-05 5.325907e-05 5.321072e-05 9.999734e-01 9.999734e-01 9.999734e-01 2.661583e-05 5.325585e-05 5.320751e-05 5.322319e-05 5.324941e-05 5.320110e-05
96 9.791085e-05 9.795852e-05 9.793909e-05 9.999510e-01 9.999510e-01 9.999510e-01 4.895264e-05 9.794800e-05 9.792868e-05 9.787933e-05 9.792697e-05 9.790786e-05
97 2.292004e-04 2.293113e-04 2.294069e-04 9.998854e-01 9.998854e-01 9.998853e-01 1.145830e-04 2.292545e-04 2.293515e-04 2.290301e-04 2.291409e-04 2.292407e-04
98 7.243255e-04 7.246247e-04 7.242111e-04 9.996380e-01 9.996378e-01 9.996380e-01 3.620121e-04 7.240957e-04 7.236859e-04 7.227411e-04 7.230394e-04 7.226370e-04
99 2.485045e-03 2.485997e-03 2.477360e-03 9.987589e-01 9.987585e-01 9.987627e-01 1.241042e-03 2.480190e-03 2.471659e-03 2.467697e-03 2.468639e-03 2.460315e-03
100 5.784069e-03 5.785827e-03 5.795365e-03 9.971145e-01 9.971136e-01 9.971089e-01 2.885316e-03 5.759745e-03 5.769281e-03 5.706307e-03 5.708028e-03 5.717561e-03
101 1.092596e-02 1.093095e-02 1.100749e-02 9.945724e-01 9.945699e-01 9.945327e-01 5.427530e-03 1.079067e-02 1.086313e-02 1.051563e-02 1.052036e-02 1.058510e-02
102 1.844794e-02 1.845591e-02 1.842477e-02 9.908968e-01 9.908929e-01 9.909079e-01 9.102643e-03 1.798123e-02 1.795216e-02 1.708958e-02 1.709665e-02 1.707163e-02
103 3.249778e-02 3.251278e-02 3.261780e-02 9.840539e-01 9.840466e-01 9.840008e-01 1.594673e-02 3.132812e-02 3.140799e-02 2.914959e-02 2.916266e-02 2.920310e-02
104 3.050597e-02 3.051598e-02 3.060964e-02 9.850477e-01 9.850428e-01 9.849981e-01 1.495085e-02 2.934080e-02 2.942598e-02 2.719195e-02 2.720043e-02 2.726962e-02
105 2.454023e-02 2.455183e-02 2.450060e-02 9.879077e-01 9.879020e-01 9.879239e-01 1.209292e-02 2.385284e-02 2.381543e-02 2.254025e-02 2.255038e-02 2.253496e-02
106 5.047534e-02 5.049663e-02 5.035490e-02 9.753686e-01 9.753583e-01 9.754244e-01 2.463233e-02 4.812811e-02 4.800445e-02 4.380612e-02 4.382354e-02 4.373063e-02
107 5.193640e-03 5.196544e-03 5.207827e-03 9.974098e-01 9.974084e-01 9.974028e-01 2.590566e-03 5.169936e-03 5.181148e-03 5.114471e-03 5.117302e-03 5.128370e-03
108 4.408312e-03 4.410424e-03 4.414523e-03 9.978014e-01 9.978004e-01 9.977983e-01 2.198578e-03 4.388104e-03 4.392285e-03 4.341934e-03 4.343999e-03 4.348338e-03
109 2.234344e-03 2.235621e-03 2.235743e-03 9.988848e-01 9.988842e-01 9.988841e-01 1.115212e-03 2.227778e-03 2.228075e-03 2.211013e-03 2.212271e-03 2.212897e-03
110 5.249575e-03 5.251895e-03 5.252481e-03 9.973838e-01 9.973827e-01 9.973824e-01 2.616159e-03 5.217553e-03 5.218061e-03 5.147527e-03 5.149783e-03 5.150137e-03
111 1.179367e-03 1.180220e-03 1.174804e-03 9.994113e-01 9.994109e-01 9.994135e-01 5.887489e-04 1.176368e-03 1.171054e-03 1.167883e-03 1.168723e-03 1.163606e-03
112 8.209131e-05 8.216652e-05 8.175803e-05 9.999590e-01 9.999589e-01 9.999591e-01 4.105854e-05 8.215454e-05 8.174629e-05 8.205543e-05 8.213058e-05 8.172282e-05
113 4.536055e-05 4.538417e-05 4.546599e-05 9.999773e-01 9.999773e-01 9.999773e-01 2.267976e-05 4.538098e-05 4.546280e-05 4.535098e-05 4.537459e-05 4.545641e-05
114 3.493569e-05 3.494888e-05 3.497748e-05 9.999825e-01 9.999825e-01 9.999825e-01 1.746627e-05 3.494748e-05 3.497608e-05 3.493150e-05 3.494468e-05 3.497329e-05
115 7.832698e-05 7.835844e-05 7.832002e-05 9.999608e-01 9.999608e-01 9.999608e-01 3.915829e-05 7.835107e-05 7.831272e-05 7.830490e-05 7.833634e-05 7.829813e-05
116 3.344394e-04 3.346191e-04 3.364048e-04 9.998328e-01 9.998327e-01 9.998318e-01 1.671670e-04 3.344339e-04 3.362117e-04 3.338850e-04 3.340643e-04 3.358262e-04
117 1.066824e-03 1.067375e-03 1.066323e-03 9.994670e-01 9.994667e-01 9.994672e-01 5.330311e-04 1.065836e-03 1.064806e-03 1.062222e-03 1.062769e-03 1.061782e-03
118 1.833397e-03 1.834315e-03 1.831455e-03 9.990844e-01 9.990840e-01 9.990854e-01 9.155896e-04 1.829878e-03 1.827114e-03 1.820145e-03 1.821054e-03 1.818482e-03
