0 1.310800e+01 1.311751e+01 1.314050e+01 3.841147e-01 3.840262e-01 3.831223e-01 6.158419e-01 6.797506e-01 6.828080e-01 5.581673e-02 5.580970e-02 5.672747e-02
1 7.720863e+01 7.723948e+01 7.729221e+01 3.936183e-03 3.928902e-03 9.761510e-04 9.960642e-01 9.995752e-01 9.999916e-01 4.168611e-04 4.156497e-04 8.362787e-06
2 1.208598e+02 1.207995e+02 1.201000e+02 3.907419e-03 3.895384e-03 2.798652e-03 9.960940e-01 9.997739e-01 9.999249e-01 2.259127e-04 2.247123e-04 7.502512e-05
3 1.069152e+02 1.071328e+02 1.075423e+02 1.836869e-02 1.832595e-02 1.208282e-02 9.816362e-01 9.959252e-01 9.990561e-01 3.505781e-03 3.496174e-03 9.355648e-04
4 6.343210e+01 6.347290e+01 6.342522e+01 2.482830e-02 2.476992e-02 2.366357e-02 9.751775e-01 9.967044e-01 9.972341e-01 3.197697e-03 3.185066e-03 2.710768e-03
5 2.737463e+01 2.739444e+01 2.731140e+01 7.270808e-02 7.259007e-02 6.839403e-02 9.273036e-01 9.816691e-01 9.854249e-01 1.576476e-02 1.572965e-02 1.350688e-02
6 7.153127e+00 7.158225e+00 7.027393e+00 2.898947e-01 2.896592e-01 2.891706e-01 7.101603e-01 8.429249e-01 8.438731e-01 8.997962e-02 8.990578e-02 9.020023e-02
7 1.621947e+00 1.622904e+00 1.613744e+00 6.311976e-01 6.310323e-01 6.305933e-01 3.688347e-01 5.151156e-01 5.159479e-01 1.540312e-01 1.540319e-01 1.548508e-01
8 8.098333e-01 8.104073e-01 8.032095e-01 7.942966e-01 7.941666e-01 7.944472e-01 2.057336e-01 3.067013e-01 3.063145e-01 1.211566e-01 1.211835e-01 1.212227e-01
9 4.138554e-01 4.141745e-01 4.035464e-01 8.682947e-01 8.681927e-01 8.685756e-01 1.317285e-01 2.128300e-01 2.123551e-01 1.122614e-01 1.123113e-01 1.124193e-01
10 2.596505e-01 2.598309e-01 2.581143e-01 8.978117e-01 8.977408e-01 8.980044e-01 1.022056e-01 1.742341e-01 1.739946e-01 1.039315e-01 1.039840e-01 1.041213e-01
11 6.463229e-01 6.466352e-01 6.459928e-01 7.701828e-01 7.700923e-01 7.700667e-01 2.298168e-01 3.626262e-01 3.626899e-01 1.580188e-01 1.580328e-01 1.580550e-01
12 4.708828e+00 4.711467e+00 4.723959e+00 3.815580e-01 3.813849e-01 3.811679e-01 6.184627e-01 7.674808e-01 7.678829e-01 1.184055e-01 1.183612e-01 1.189930e-01
13 1.397073e+01 1.397766e+01 1.401355e+01 1.111698e-01 1.110767e-01 1.095540e-01 8.888268e-01 9.620950e-01 9.642384e-01 2.982822e-02 2.979778e-02 2.934844e-02
14 2.168669e+01 2.169589e+01 2.169156e+01 4.655138e-02 4.649914e-02 4.412936e-02 9.534552e-01 9.909121e-01 9.923148e-01 8.439605e-03 8.425413e-03 7.313946e-03
15 1.436803e+01 1.437664e+01 1.438734e+01 2.573625e-01 2.572042e-01 2.569534e-01 7.426771e-01 8.452440e-01 8.451837e-01 7.944116e-02 7.939863e-02 7.975864e-02
16 1.118448e+01 1.118917e+01 1.124407e+01 1.582116e-01 1.581126e-01 1.547004e-01 8.417694e-01 9.325059e-01 9.378301e-01 4.310746e-02 4.307769e-02 4.440873e-02
17 1.468493e+01 1.469355e+01 1.463848e+01 9.910268e-02 9.899655e-02 9.766249e-02 9.009163e-01 9.730174e-01 9.744483e-01 2.370816e-02 2.367236e-02 2.291694e-02
18 7.083343e+00 7.087571e+00 7.057196e+00 3.097151e-01 3.095194e-01 3.088521e-01 6.903242e-01 8.299711e-01 8.313400e-01 9.841731e-02 9.835406e-02 9.921275e-02
19 2.618906e+00 2.620224e+00 2.604461e+00 5.502358e-01 5.500771e-01 5.500420e-01 4.497703e-01 6.045271e-01 6.046931e-01 1.501447e-01 1.501372e-01 1.506075e-01
20 9.631207e-01 9.640182e-01 9.580468e-01 7.566040e-01 7.564322e-01 7.565109e-01 2.434544e-01 3.683297e-01 3.685907e-01 1.564277e-01 1.564622e-01 1.571252e-01
21 3.725059e-01 3.727469e-01 3.655298e-01 8.703056e-01 8.702247e-01 8.700859e-01 1.296998e-01 2.165877e-01 2.171104e-01 1.253036e-01 1.253478e-01 1.258138e-01
22 2.269153e-01 2.270443e-01 2.261456e-01 8.997590e-01 8.997012e-01 8.997655e-01 1.002531e-01 1.813925e-01 1.813632e-01 1.265077e-01 1.265606e-01 1.265049e-01
23 1.003125e-01 1.003765e-01 9.980168e-02 9.530983e-01 9.530688e-01 9.532343e-01 4.690478e-02 8.833799e-02 8.813955e-02 7.043458e-02 7.047444e-02 7.050398e-02
24 3.335261e-02 3.337530e-02 3.200707e-02 9.894194e-01 9.894124e-01 9.889110e-01 1.057964e-02 1.750015e-02 1.784374e-02 1.146045e-02 1.146584e-02 1.074005e-02
25 1.824795e-02 1.826843e-02 1.766322e-02 9.927428e-01 9.927335e-01 9.925255e-01 7.261203e-03 1.262511e-02 1.313029e-02 8.740941e-03 8.752986e-03 8.791189e-03
26 2.393228e-03 2.394403e-03 2.380539e-03 9.988054e-01 9.988048e-01 9.988116e-01 1.194503e-03 2.386259e-03 2.372996e-03 2.368992e-03 2.370153e-03 2.358043e-03
27 1.100702e-02 1.101370e-02 1.106063e-02 9.945726e-01 9.945693e-01 9.945431e-01 5.426994e-03 1.071642e-02 1.077261e-02 1.016943e-02 1.017558e-02 1.024038e-02
28 6.441506e-02 6.444612e-02 6.438242e-02 9.689533e-01 9.689385e-01 9.689564e-01 3.104539e-02 6.000340e-02 5.998499e-02 5.250115e-02 5.252415e-02 5.253874e-02
29 2.257435e-01 2.258376e-01 2.257153e-01 8.987050e-01 8.986638e-01 8.986445e-01 1.012964e-01 1.843123e-01 1.844217e-01 1.292746e-01 1.293150e-01 1.295112e-01
30 2.589133e-01 2.590326e-01 2.590505e-01 8.851786e-01 8.851274e-01 8.849852e-01 1.148225e-01 2.068913e-01 2.072173e-01 1.394617e-01 1.395032e-01 1.397720e-01
31 3.087759e-01 3.089503e-01 3.067796e-01 8.710157e-01 8.709436e-01 8.712242e-01 1.289946e-01 2.257765e-01 2.256027e-01 1.425821e-01 1.426314e-01 1.428652e-01
32 8.653439e-01 8.656991e-01 8.646000e-01 7.014498e-01 7.013458e-01 7.009746e-01 2.985545e-01 4.657068e-01 4.665071e-01 1.905351e-01 1.905429e-01 1.912098e-01
33 2.549401e+00 2.550675e+00 2.556843e+00 4.557585e-01 4.555865e-01 4.546650e-01 5.442696e-01 7.216841e-01 7.235304e-01 1.478166e-01 1.477739e-01 1.487890e-01
34 8.073174e+00 8.076770e+00 8.068170e+00 2.364420e-01 2.363363e-01 2.355296e-01 7.635431e-01 8.904223e-01 8.913723e-01 7.603165e-02 7.599324e-02 7.605326e-02
35 1.335850e+01 1.336472e+01 1.338430e+01 1.528444e-01 1.527272e-01 1.509553e-01 8.471618e-01 9.432280e-01 9.453255e-01 4.369519e-02 4.365130e-02 4.303923e-02
36 1.185592e+01 1.186211e+01 1.189012e+01 1.323395e-01 1.322301e-01 1.302354e-01 8.676728e-01 9.507716e-01 9.536667e-01 3.599798e-02 3.596224e-02 3.594927e-02
37 9.073944e+00 9.079035e+00 9.123583e+00 2.484531e-01 2.482888e-01 2.457313e-01 7.515577e-01 8.774121e-01 8.812759e-01 7.830708e-02 7.825116e-02 7.934505e-02
38 1.338879e+01 1.339442e+01 1.336981e+01 1.187730e-01 1.186729e-01 1.155617e-01 8.812368e-01 9.624539e-01 9.657953e-01 3.095559e-02 3.092007e-02 2.948493e-02
39 6.060904e+00 6.065412e+00 6.033795e+00 3.013040e-01 3.011142e-01 2.992868e-01 6.987343e-01 8.374704e-01 8.406074e-01 9.247831e-02 9.241955e-02 9.371458e-02
40 6.623702e-01 6.628306e-01 6.617610e-01 7.751624e-01 7.750312e-01 7.747108e-01 2.248667e-01 3.520595e-01 3.525592e-01 1.495824e-01 1.496016e-01 1.498243e-01
41 9.922898e-02 9.930676e-02 9.923596e-02 9.534410e-01 9.534062e-01 9.534128e-01 4.657134e-02 8.790442e-02 8.792827e-02 7.051594e-02 7.055722e-02 7.066296e-02
42 4.905956e-02 4.908737e-02 4.924660e-02 9.763889e-01 9.763757e-01 9.763122e-01 2.361155e-02 4.557573e-02 4.567819e-02 3.968488e-02 3.970555e-02 3.974397e-02
43 1.916137e-02 1.916837e-02 1.915565e-02 9.905338e-01 9.905303e-01 9.905368e-01 9.465514e-03 1.871625e-02 1.870310e-02 1.785058e-02 1.785700e-02 1.784333e-02
44 6.524467e-03 6.530080e-03 6.527554e-03 9.967562e-01 9.967534e-01 9.967546e-01 3.244742e-03 6.457015e-03 6.454789e-03 6.309935e-03 6.315288e-03 6.313564e-03
45 2.791653e-03 2.792502e-03 2.788728e-03 9.986068e-01 9.986064e-01 9.986083e-01 1.392864e-03 2.781874e-03 2.778114e-03 2.759963e-03 2.760816e-03 2.757084e-03
46 3.352768e-03 3.354886e-03 3.362232e-03 9.983270e-01 9.983260e-01 9.983223e-01 1.673244e-03 3.341234e-03 3.348408e-03 3.312113e-03 3.314190e-03 3.321028e-03
47 7.762859e-03 7.766491e-03 7.770792e-03 9.961360e-01 9.961341e-01 9.961320e-01 3.864077e-03 7.697264e-03 7.701743e-03 7.558043e-03 7.561548e-03 7.566351e-03
48 3.348289e-02 3.350400e-02 3.353219e-02 9.837511e-01 9.837408e-01 9.837130e-01 1.624905e-02 3.162024e-02 3.169055e-02 2.843168e-02 2.844925e-02 2.853354e-02
49 2.099376e-01 2.100612e-01 2.098050e-01 9.088035e-01 9.087514e-01 9.086881e-01 9.119713e-02 1.636605e-01 1.637584e-01 1.123756e-01 1.124214e-01 1.124181e-01
50 8.933599e-01 8.937927e-01 8.990328e-01 7.144456e-01 7.143304e-01 7.140451e-01 2.855630e-01 4.406635e-01 4.411379e-01 1.801629e-01 1.801737e-01 1.806459e-01
51 1.300286e+00 1.300834e+00 1.305964e+00 6.478193e-01 6.477136e-01 6.475446e-01 3.521715e-01 5.083691e-01 5.088321e-01 1.649384e-01 1.649486e-01 1.651577e-01
52 9.139684e-01 9.139270e-01 9.101074e-01 7.110005e-01 7.108879e-01 7.108535e-01 2.889995e-01 4.395680e-01 4.399893e-01 1.726987e-01 1.727177e-01 1.734260e-01
53 1.708362e+00 1.709727e+00 1.711967e+00 5.686528e-01 5.684855e-01 5.679511e-01 4.313770e-01 6.109236e-01 6.120612e-01 1.719890e-01 1.719647e-01 1.730644e-01
54 1.480122e+00 1.481024e+00 1.474949e+00 6.272305e-01 6.270599e-01 6.273191e-01 3.728258e-01 5.301404e-01 5.298304e-01 1.636339e-01 1.636198e-01 1.636345e-01
55 6.862917e-01 6.866301e-01 6.861776e-01 7.616790e-01 7.615729e-01 7.614276e-01 2.383431e-01 3.726403e-01 3.728831e-01 1.579543e-01 1.579842e-01 1.580813e-01
56 1.276999e-01 1.277651e-01 1.276765e-01 9.414390e-01 9.414099e-01 9.414120e-01 5.856270e-02 1.085065e-01 1.085423e-01 8.164199e-02 8.167692e-02 8.176185e-02
57 1.599216e-02 1.600278e-02 1.596078e-02 9.920891e-01 9.920838e-01 9.921038e-01 7.912138e-03 1.566600e-02 1.562821e-02 1.501442e-02 1.502416e-02 1.499390e-02
58 6.288426e-03 6.291866e-03 6.268367e-03 9.968713e-01 9.968696e-01 9.968812e-01 3.128714e-03 6.230095e-03 6.207262e-03 6.106013e-03 6.109316e-03 6.087763e-03
59 3.721926e-03 3.723519e-03 3.738168e-03 9.981447e-01 9.981439e-01 9.981366e-01 1.855122e-03 3.700975e-03 3.715454e-03 3.655007e-03 3.656560e-03 3.670702e-03
60 1.573422e-03 1.574643e-03 1.575842e-03 9.992145e-01 9.992139e-01 9.992133e-01 7.856264e-04 1.569690e-03 1.570938e-03 1.558657e-03 1.559865e-03 1.561206e-03
61 7.266353e-04 7.270687e-04 7.253085e-04 9.996369e-01 9.996367e-01 9.996375e-01 3.631656e-04 7.263097e-04 7.245541e-04 7.243634e-04 7.247954e-04 7.230491e-04
62 1.191566e-03 1.192166e-03 1.189376e-03 9.994046e-01 9.994043e-01 9.994057e-01 5.953756e-04 1.190556e-03 1.187784e-03 1.186749e-03 1.187346e-03 1.184609e-03
63 4.469234e-03 4.471612e-03 4.495887e-03 9.977738e-01 9.977727e-01 9.977605e-01 2.225980e-03 4.438008e-03 4.462318e-03 4.370718e-03 4.373027e-03 4.397117e-03
64 1.489974e-02 1.490686e-02 1.487632e-02 9.926050e-01 9.926014e-01 9.926159e-01 7.394941e-03 1.468920e-02 1.466167e-02 1.426109e-02 1.426778e-02 1.424561e-02
65 4.622119e-02 4.624104e-02 4.618057e-02 9.773868e-01 9.773772e-01 9.773966e-01 2.261245e-02 4.429790e-02 4.427689e-02 4.074756e-02 4.076393e-02 4.079621e-02
66 1.117829e-01 1.118267e-01 1.121638e-01 9.468960e-01 9.468757e-01 9.467269e-01 5.310317e-02 1.012348e-01 1.015010e-01 8.390955e-02 8.393723e-02 8.411412e-02
67 1.685058e-01 1.685790e-01 1.688961e-01 9.214045e-01 9.213712e-01 9.212008e-01 7.859802e-02 1.473850e-01 1.477338e-01 1.145531e-01 1.145938e-01 1.149321e-01
68 3.808523e-01 3.809907e-01 3.805736e-01 8.401412e-01 8.400895e-01 8.400807e-01 1.598524e-01 2.768919e-01 2.769880e-01 1.628584e-01 1.628832e-01 1.629930e-01
69 7.713431e-01 7.717262e-01 7.756144e-01 7.339883e-01 7.338792e-01 7.329955e-01 2.660224e-01 4.201299e-01 4.215459e-01 1.839673e-01 1.839880e-01 1.850025e-01
70 8.731206e-01 8.734935e-01 8.706405e-01 7.115328e-01 7.114335e-01 7.116150e-01 2.884740e-01 4.495472e-01 4.495351e-01 1.889415e-01 1.889548e-01 1.893609e-01
71 9.926208e-01 9.930806e-01 9.905537e-01 6.908320e-01 6.907142e-01 6.907771e-01 3.091886e-01 4.661832e-01 4.661652e-01 1.743552e-01 1.743674e-01 1.745279e-01
72 8.533595e-01 8.536927e-01 8.534701e-01 7.072581e-01 7.071685e-01 7.066462e-01 2.927345e-01 4.609181e-01 4.618599e-01 1.973724e-01 1.973801e-01 1.980041e-01
73 1.158603e+00 1.159127e+00 1.160442e+00 6.552732e-01 6.551558e-01 6.546317e-01 3.447312e-01 5.050273e-01 5.058572e-01 1.693514e-01 1.693588e-01 1.700459e-01
74 2.854922e-01 2.858230e-01 2.896064e-01 9.295936e-01 9.295046e-01 9.295565e-01 7.043892e-02 1.196084e-01 1.198831e-01 7.529756e-02 7.535370e-02 7.569167e-02
75 1.131365e-02 1.131986e-02 1.128199e-02 9.943825e-01 9.943794e-01 9.943969e-01 5.617681e-03 1.116396e-02 1.113176e-02 1.085806e-02 1.086396e-02 1.084137e-02
76 9.321117e-03 9.325485e-03 9.338940e-03 9.953622e-01 9.953600e-01 9.953533e-01 4.637893e-03 9.235035e-03 9.248338e-03 9.053557e-03 9.057774e-03 9.070789e-03
77 3.013053e-03 3.014637e-03 3.022760e-03 9.984961e-01 9.984953e-01 9.984912e-01 1.503960e-03 3.004225e-03 3.012296e-03 2.981994e-03 2.983556e-03 2.991524e-03
78 7.215700e-04 7.219822e-04 7.232058e-04 9.996394e-01 9.996392e-01 9.996386e-01 3.606021e-04 7.212279e-04 7.224700e-04 7.193133e-04 7.197240e-04 7.210023e-04
79 7.501221e-04 7.504238e-04 7.487429e-04 9.996251e-01 9.996249e-01 9.996258e-01 3.749266e-04 7.498937e-04 7.482173e-04 7.485342e-04 7.488350e-04 7.471675e-04
80 1.417967e-03 1.418541e-03 1.420381e-03 9.992915e-01 9.992912e-01 9.992903e-01 7.084405e-04 1.416482e-03 1.418315e-03 1.411808e-03 1.412378e-03 1.414197e-03
81 2.329678e-03 2.330581e-03 2.335861e-03 9.988365e-01 9.988361e-01 9.988335e-01 1.163438e-03 2.325041e-03 2.330297e-03 2.313126e-03 2.314020e-03 2.319225e-03
82 3.552060e-03 3.553589e-03 3.538626e-03 9.982272e-01 9.982264e-01 9.982338e-01 1.772693e-03 3.540659e-03 3.526338e-03 3.513531e-03 3.515039e-03 3.501957e-03
83 1.028536e-02 1.029059e-02 1.023055e-02 9.948900e-01 9.948874e-01 9.949157e-01 5.110014e-03 1.016088e-02 1.010756e-02 9.905828e-03 9.910828e-03 9.869261e-03
84 3.411467e-02 3.412507e-02 3.419857e-02 9.832567e-01 9.832516e-01 9.832179e-01 1.674125e-02 3.289496e-02 3.295676e-02 3.062465e-02 3.063366e-02 3.067529e-02
85 6.132914e-02 6.135950e-02 6.133020e-02 9.705781e-01 9.705637e-01 9.705816e-01 2.942405e-02 5.662406e-02 5.658452e-02 4.878690e-02 4.880968e-02 4.876627e-02
86 5.692039e-02 5.694460e-02 5.685673e-02 9.727197e-01 9.727083e-01 9.727432e-01 2.727991e-02 5.245696e-02 5.240262e-02 4.508944e-02 4.510668e-02 4.510128e-02
87 8.309988e-02 8.314163e-02 8.260501e-02 9.609978e-01 9.609788e-01 9.611888e-01 3.900319e-02 7.363460e-02 7.330503e-02 5.913924e-02 5.916442e-02 5.909243e-02
88 8.839391e-02 8.842545e-02 8.836153e-02 9.583576e-01 9.583432e-01 9.583559e-01 4.163872e-02 7.884471e-02 7.884439e-02 6.395633e-02 6.397478e-02 6.402786e-02
89 5.089129e-02 5.092331e-02 5.092421e-02 9.753174e-01 9.753021e-01 9.752977e-01 2.468681e-02 4.796619e-02 4.798159e-02 4.274112e-02 4.276563e-02 4.280130e-02
90 7.514899e-03 7.519223e-03 7.497970e-03 9.962596e-01 9.962574e-01 9.962676e-01 3.740712e-03 7.451451e-03 7.432013e-03 7.314794e-03 7.318951e-03 7.302876e-03
91 1.041426e-03 1.041899e-03 1.042895e-03 9.994796e-01 9.994793e-01 9.994788e-01 5.204351e-04 1.040730e-03 1.041727e-03 1.037927e-03 1.038397e-03 1.039395e-03
92 6.824238e-04 6.828021e-04 6.800847e-04 9.996590e-01 9.996588e-01 9.996601e-01 3.410439e-04 6.821019e-04 6.794037e-04 6.803287e-04 6.807054e-04 6.780452e-04
93 3.209771e-04 3.211365e-04 3.222556e-04 9.998395e-01 9.998395e-01 9.998389e-01 1.604517e-04 3.209929e-04 3.221101e-04 3.205469e-04 3.207060e-04 3.218195e-04
94 1.263534e-04 1.264177e-04 1.267974e-04 9.999368e-01 9.999368e-01 9.999366e-01 6.317550e-05 1.263997e-04 1.267792e-04 1.262997e-04 1.263639e-04 1.267429e-04
95 5.205685e-05 5.208300e-05 5.197737e-05 9.999740e-01 9.999740e-01 9.999740e-01 2.602786e-05 5.207994e-05 5.197435e-05 5.204767e-05 5.207381e-05 5.196830e-05
96 9.834317e-05 9.838988e-05 9.858238e-05 9.999508e-01 9.999508e-01 9.999507e-01 4.916884e-05 9.837935e-05 9.857191e-05 9.831163e-05 9.835832e-05 9.855097e-05
97 2.153473e-04 2.154493e-04 2.148822e-04 9.998923e-01 9.998923e-01 9.998926e-01 1.076589e-04 2.154020e-04 2.148365e-04 2.152056e-04 2.153075e-04 2.147452e-04
98 6.777335e-04 6.780175e-04 6.768633e-04 9.996612e-01 9.996611e-01 9.996617e-01 3.387375e-04 6.775628e-04 6.764151e-04 6.763715e-04 6.766546e-04 6.755200e-04
99 2.355636e-03 2.356506e-03 2.351523e-03 9.988235e-01 9.988231e-01 9.988255e-01 1.176469e-03 2.351231e-03 2.346307e-03 2.339873e-03 2.340734e-03 2.335927e-03
100 5.736288e-03 5.738057e-03 5.748571e-03 9.971384e-01 9.971375e-01 9.971322e-01 2.861433e-03 5.712052e-03 5.722575e-03 5.658761e-03 5.660493e-03 5.671032e-03
101 1.105508e-02 1.106003e-02 1.112673e-02 9.945078e-01 9.945053e-01 9.944727e-01 5.492181e-03 1.091997e-02 1.098384e-02 1.064498e-02 1.064968e-02 1.070816e-02
102 1.911927e-02 1.912730e-02 1.905798e-02 9.905705e-01 9.905666e-01 9.905994e-01 9.428779e-03 1.861583e-02 1.855383e-02 1.765828e-02 1.766536e-02 1.761633e-02
103 3.523262e-02 3.524880e-02 3.544332e-02 9.827427e-01 9.827348e-01 9.826488e-01 1.725801e-02 3.384760e-02 3.399970e-02 3.129529e-02 3.130920e-02 3.139481e-02
104 3.386275e-02 3.387377e-02 3.399019e-02 9.834386e-01 9.834333e-01 9.833788e-01 1.655979e-02 3.243109e-02 3.253295e-02 2.981826e-02 2.982738e-02 2.990399e-02
105 2.722966e-02 2.724229e-02 2.723031e-02 9.866110e-01 9.866048e-01 9.866065e-01 1.338955e-02 2.635663e-02 2.636072e-02 2.471174e-02 2.472257e-02 2.475085e-02
106 5.477606e-02 5.479973e-02 5.478373e-02 9.733320e-01 9.733206e-01 9.733240e-01 2.666912e-02 5.199348e-02 5.199456e-02 4.692280e-02 4.694174e-02 4.696746e-02
107 5.442573e-03 5.445616e-03 5.453293e-03 9.972860e-01 9.972845e-01 9.972807e-01 2.714405e-03 5.416426e-03 5.424002e-03 5.355761e-03 5.358723e-03 5.366100e-03
108 4.901085e-03 4.903384e-03 4.902343e-03 9.975564e-01 9.975552e-01 9.975557e-01 2.443647e-03 4.875826e-03 4.875059e-03 4.819195e-03 4.821438e-03 4.821198e-03
109 2.512195e-03 2.513629e-03 2.514912e-03 9.987464e-01 9.987457e-01 9.987450e-01 1.253577e-03 2.503542e-03 2.504965e-03 2.482216e-03 2.483625e-03 2.485310e-03
110 5.817839e-03 5.820400e-03 5.825489e-03 9.971015e-01 9.971003e-01 9.970978e-01 2.898440e-03 5.778693e-03 5.783586e-03 5.694011e-03 5.696491e-03 5.701003e-03
111 1.212478e-03 1.213353e-03 1.207559e-03 9.993948e-01 9.993943e-01 9.993972e-01 6.052563e-04 1.209301e-03 1.203605e-03 1.200398e-03 1.201260e-03 1.195756e-03
112 8.918762e-05 8.926813e-05 8.884677e-05 9.999554e-01 9.999554e-01 9.999556e-01 4.460733e-05 8.925423e-05 8.883318e-05 8.914599e-05 8.922643e-05 8.880601e-05
113 4.688703e-05 4.691158e-05 4.683850e-05 9.999766e-01 9.999765e-01 9.999766e-01 2.344301e-05 4.690822e-05 4.683518e-05 4.687696e-05 4.690151e-05 4.682852e-05
114 3.557982e-05 3.559310e-05 3.561186e-05 9.999822e-01 9.999822e-01 9.999822e-01 1.778823e-05 3.559165e-05 3.561041e-05 3.557548e-05 3.558876e-05 3.560752e-05
115 8.284573e-05 8.287815e-05 8.293075e-05 9.999586e-01 9.999586e-01 9.999585e-01 4.141718e-05 8.287004e-05 8.292269e-05 8.282140e-05 8.285382e-05 8.290658e-05
116 3.230747e-04 3.232444e-04 3.246530e-04 9.998385e-01 9.998384e-01 9.998377e-01 1.614900e-04 3.230790e-04 3.244826e-04 3.225796e-04 3.227489e-04 3.241424e-04
117 1.069168e-03 1.069724e-03 1.069746e-03 9.994658e-01 9.994655e-01 9.994655e-01 5.341994e-04 1.068171e-03 1.068215e-03 1.064522e-03 1.065075e-03 1.065164e-03
118 1.969191e-03 1.970165e-03 1.965851e-03 9.990167e-01 9.990162e-01 9.990183e-01 9.833037e-04 1.964999e-03 1.960828e-03 1.953769e-03 1.954732e-03 1.950841e-03
