0 3.266399e+01 3.268708e+01 3.272536e+01 2.850452e-01 2.849781e-01 2.823533e-01 7.149080e-01 7.672939e-01 7.698661e-01 4.546085e-02 4.545473e-02 4.717245e-02
1 1.513882e+02 1.514367e+02 1.518116e+02 3.886103e-04 3.874554e-04 1.800854e-05 9.996114e-01 9.999938e-01 1.000000e+00 6.278540e-06 6.243076e-06 3.232397e-09
2 2.006988e+02 2.006165e+02 2.012944e+02 2.167136e-03 2.159065e-03 2.015515e-03 9.978333e-01 9.999374e-01 9.999601e-01 6.296198e-05 6.252332e-05 3.991618e-05
3 1.379125e+02 1.382471e+02 1.370964e+02 2.167810e-02 2.162957e-02 2.260352e-02 9.783269e-01 9.952967e-01 9.957701e-01 4.337531e-03 4.322872e-03 4.048516e-03
4 5.318013e+01 5.321499e+01 5.270967e+01 5.915651e-02 5.905395e-02 5.799649e-02 9.408513e-01 9.856261e-01 9.868514e-01 1.285180e-02 1.281849e-02 1.210147e-02
5 1.394886e+01 1.395910e+01 1.396166e+01 1.682476e-01 1.680608e-01 1.666709e-01 8.317851e-01 9.364518e-01 9.384584e-01 4.939204e-02 4.932086e-02 4.904522e-02
6 2.846059e+00 2.847697e+00 2.848915e+00 5.169155e-01 5.167226e-01 5.173967e-01 4.831365e-01 6.346674e-01 6.337076e-01 1.429879e-01 1.429597e-01 1.429328e-01
7 8.094213e-01 8.099234e-01 8.052003e-01 7.698751e-01 7.697587e-01 7.699256e-01 2.301401e-01 3.461079e-01 3.461687e-01 1.402502e-01 1.402783e-01 1.406164e-01
8 2.968484e-01 2.970594e-01 2.957213e-01 8.956585e-01 8.955882e-01 8.959377e-01 1.043567e-01 1.704807e-01 1.701376e-01 8.979796e-02 8.983400e-02 8.990392e-02
9 1.243209e-01 1.244107e-01 1.240290e-01 9.464437e-01 9.464037e-01 9.465821e-01 5.356450e-02 9.602122e-02 9.571707e-02 6.707929e-02 6.711910e-02 6.712616e-02
10 1.079820e-01 1.080458e-01 1.075925e-01 9.512424e-01 9.512142e-01 9.513907e-01 4.876100e-02 8.944004e-02 8.915818e-02 6.566992e-02 6.570290e-02 6.561597e-02
11 2.516085e-01 2.517273e-01 2.521859e-01 8.962728e-01 8.962297e-01 8.960769e-01 1.037231e-01 1.792329e-01 1.794910e-01 1.091999e-01 1.092271e-01 1.093904e-01
12 2.723055e+00 2.724560e+00 2.724622e+00 5.395432e-01 5.394046e-01 5.400909e-01 4.604576e-01 6.024228e-01 6.017131e-01 1.363572e-01 1.363475e-01 1.366751e-01
13 1.565908e+01 1.566690e+01 1.564930e+01 1.296753e-01 1.295732e-01 1.260349e-01 8.703168e-01 9.521460e-01 9.566946e-01 3.597637e-02 3.594146e-02 3.502508e-02
14 3.065382e+01 3.066758e+01 3.062656e+01 3.756185e-02 3.751444e-02 3.456380e-02 9.624413e-01 9.932320e-01 9.950632e-01 6.279074e-03 6.267392e-03 4.781864e-03
15 2.464539e+01 2.466034e+01 2.462539e+01 1.981222e-01 1.979881e-01 1.961039e-01 8.019079e-01 8.854459e-01 8.871969e-01 6.080468e-02 6.076673e-02 6.090814e-02
16 2.146087e+01 2.147059e+01 2.154711e+01 8.111509e-02 8.105776e-02 7.618083e-02 9.188639e-01 9.741504e-01 9.795483e-01 2.008563e-02 2.006970e-02 1.800091e-02
17 2.285209e+01 2.286442e+01 2.283720e+01 5.757633e-02 5.749953e-02 5.713457e-02 9.424399e-01 9.878671e-01 9.884524e-01 1.116164e-02 1.113996e-02 1.077669e-02
18 8.036119e+00 8.040588e+00 8.038418e+00 3.157404e-01 3.155716e-01 3.147950e-01 6.842848e-01 8.163983e-01 8.176195e-01 9.957948e-02 9.953217e-02 9.989353e-02
19 2.939740e+00 2.941234e+00 2.868794e+00 5.933053e-01 5.931583e-01 5.925659e-01 4.066859e-01 5.496478e-01 5.504068e-01 1.485101e-01 1.485197e-01 1.484907e-01
20 9.088222e-01 9.098757e-01 8.944096e-01 7.887296e-01 7.885751e-01 7.884006e-01 2.113256e-01 3.156370e-01 3.159167e-01 1.356410e-01 1.356799e-01 1.358811e-01
21 2.697011e-01 2.698815e-01 2.671156e-01 9.037590e-01 9.036974e-01 9.033565e-01 9.624471e-02 1.626685e-01 1.630973e-01 9.965035e-02 9.969233e-02 9.970229e-02
22 1.150983e-01 1.151706e-01 1.150942e-01 9.463883e-01 9.463547e-01 9.462902e-01 5.361787e-02 1.008783e-01 1.010481e-01 8.061035e-02 8.065370e-02 8.078317e-02
23 3.361511e-02 3.363794e-02 3.366816e-02 9.836720e-01 9.836610e-01 9.836427e-01 1.632901e-02 3.179308e-02 3.183197e-02 2.861243e-02 2.863088e-02 2.866473e-02
24 7.107516e-03 7.112161e-03 7.037211e-03 9.967732e-01 9.967710e-01 9.967297e-01 3.226427e-03 5.967996e-03 6.123598e-03 4.620697e-03 4.623625e-03 4.821834e-03
25 4.825125e-03 4.830109e-03 4.836101e-03 9.977095e-01 9.977071e-01 9.976757e-01 2.291216e-03 4.378905e-03 4.479101e-03 3.716207e-03 3.720420e-03 3.894055e-03
26 8.059235e-04 8.063127e-04 8.080745e-04 9.995972e-01 9.995970e-01 9.995962e-01 4.027519e-04 8.054994e-04 8.072743e-04 8.034898e-04 8.038773e-04 8.056778e-04
27 3.402676e-03 3.404722e-03 3.381043e-03 9.983072e-01 9.983061e-01 9.983170e-01 1.692701e-03 3.371080e-03 3.351257e-03 3.304464e-03 3.306452e-03 3.293361e-03
28 3.153925e-02 3.155683e-02 3.131762e-02 9.846471e-01 9.846387e-01 9.847327e-01 1.535210e-02 2.995514e-02 2.980627e-02 2.720299e-02 2.721711e-02 2.717570e-02
29 2.151067e-01 2.151969e-01 2.151760e-01 9.053343e-01 9.052972e-01 9.054424e-01 9.466403e-02 1.700464e-01 1.697410e-01 1.149233e-01 1.149540e-01 1.148515e-01
30 2.830797e-01 2.832032e-01 2.836839e-01 8.762863e-01 8.762373e-01 8.761763e-01 1.237118e-01 2.198796e-01 2.198602e-01 1.399455e-01 1.399779e-01 1.398478e-01
31 2.329015e-01 2.330206e-01 2.336958e-01 8.966967e-01 8.966462e-01 8.963634e-01 1.033067e-01 1.864160e-01 1.868721e-01 1.271913e-01 1.272338e-01 1.274374e-01
32 6.112344e-01 6.114953e-01 6.110657e-01 7.697608e-01 7.696779e-01 7.692089e-01 2.302378e-01 3.757895e-01 3.765040e-01 1.815055e-01 1.815274e-01 1.817242e-01
33 1.592513e+00 1.593228e+00 1.590489e+00 5.644432e-01 5.643058e-01 5.636190e-01 4.355760e-01 6.159096e-01 6.170688e-01 1.709281e-01 1.709115e-01 1.714924e-01
34 7.173568e+00 7.176829e+00 7.185093e+00 2.587150e-01 2.586135e-01 2.571890e-01 7.412590e-01 8.714096e-01 8.738665e-01 8.196088e-02 8.192506e-02 8.261554e-02
35 1.956205e+01 1.957072e+01 1.957656e+01 1.011105e-01 1.010205e-01 9.881135e-02 8.988920e-01 9.681475e-01 9.704742e-01 2.619064e-02 2.615886e-02 2.513339e-02
36 1.801167e+01 1.802104e+01 1.796052e+01 9.299003e-02 9.290735e-02 9.294031e-02 9.070151e-01 9.704769e-01 9.712084e-01 2.414094e-02 2.411323e-02 2.419353e-02
37 1.768559e+01 1.769546e+01 1.768226e+01 1.514729e-01 1.513527e-01 1.497614e-01 8.485316e-01 9.328577e-01 9.359149e-01 4.511021e-02 4.506999e-02 4.594255e-02
38 2.281047e+01 2.282017e+01 2.278295e+01 6.413797e-02 6.407415e-02 5.997866e-02 9.358652e-01 9.841158e-01 9.872711e-01 1.397156e-02 1.395173e-02 1.182823e-02
39 5.998276e+00 6.003389e+00 6.000657e+00 3.311468e-01 3.309537e-01 3.294704e-01 6.688927e-01 8.082195e-01 8.107130e-01 1.003359e-01 1.002812e-01 1.017160e-01
40 3.791821e-01 3.794070e-01 3.809247e-01 8.510046e-01 8.509286e-01 8.508452e-01 1.490077e-01 2.486923e-01 2.486062e-01 1.311597e-01 1.311868e-01 1.310759e-01
41 9.226427e-02 9.234576e-02 9.223413e-02 9.568931e-01 9.568575e-01 9.568960e-01 4.312218e-02 8.111195e-02 8.105498e-02 6.434108e-02 6.437914e-02 6.435675e-02
42 3.607600e-02 3.609639e-02 3.600217e-02 9.825358e-01 9.825261e-01 9.825656e-01 1.746437e-02 3.388919e-02 3.382156e-02 3.009756e-02 3.011320e-02 3.007606e-02
43 9.499858e-03 9.504488e-03 9.534375e-03 9.952842e-01 9.952819e-01 9.952676e-01 4.715752e-03 9.369120e-03 9.396339e-03 9.103096e-03 9.107457e-03 9.129784e-03
44 3.248990e-03 3.251032e-03 3.245878e-03 9.983801e-01 9.983791e-01 9.983817e-01 1.620013e-03 3.232525e-03 3.227352e-03 3.194142e-03 3.196145e-03 3.190939e-03
45 1.827360e-03 1.828071e-03 1.827256e-03 9.990873e-01 9.990870e-01 9.990874e-01 9.126412e-04 1.824119e-03 1.823333e-03 1.815548e-03 1.816253e-03 1.815525e-03
46 1.731400e-03 1.732204e-03 1.733774e-03 9.991351e-01 9.991347e-01 9.991339e-01 8.648747e-04 1.728866e-03 1.730453e-03 1.721423e-03 1.722221e-03 1.723840e-03
47 4.717521e-03 4.719516e-03 4.716516e-03 9.976481e-01 9.976471e-01 9.976485e-01 2.351895e-03 4.692313e-03 4.689556e-03 4.636680e-03 4.638623e-03 4.636329e-03
48 1.560039e-02 1.560881e-02 1.543873e-02 9.922830e-01 9.922789e-01 9.923588e-01 7.716922e-03 1.527990e-02 1.512955e-02 1.464660e-02 1.465426e-02 1.453808e-02
49 9.547610e-02 9.553373e-02 9.471251e-02 9.557964e-01 9.557702e-01 9.558882e-01 4.420326e-02 8.300123e-02 8.298195e-02 6.655263e-02 6.658660e-02 6.677698e-02
50 7.688945e-01 7.692855e-01 7.701445e-01 7.561071e-01 7.560093e-01 7.562374e-01 2.438894e-01 3.801697e-01 3.803179e-01 1.647385e-01 1.647524e-01 1.653275e-01
51 1.964065e+00 1.964776e+00 1.980458e+00 5.601747e-01 5.600689e-01 5.606710e-01 4.398069e-01 6.049392e-01 6.043048e-01 1.618699e-01 1.618694e-01 1.620442e-01
52 1.586263e+00 1.586238e+00 1.582374e+00 6.188907e-01 6.187555e-01 6.183984e-01 3.811161e-01 5.378509e-01 5.387011e-01 1.649850e-01 1.649845e-01 1.657856e-01
53 2.696966e+00 2.699098e+00 2.696830e+00 4.763516e-01 4.761952e-01 4.749886e-01 5.236630e-01 6.951039e-01 6.974460e-01 1.471690e-01 1.471347e-01 1.486199e-01
54 2.216500e+00 2.217962e+00 2.216227e+00 5.454024e-01 5.452239e-01 5.455048e-01 4.546538e-01 6.159705e-01 6.155777e-01 1.544472e-01 1.544188e-01 1.544164e-01
55 6.333570e-01 6.336977e-01 6.313564e-01 7.815093e-01 7.814087e-01 7.814581e-01 2.185083e-01 3.424475e-01 3.425842e-01 1.483625e-01 1.483951e-01 1.485023e-01
56 6.842017e-02 6.845554e-02 6.841202e-02 9.673776e-01 9.673611e-01 9.673784e-01 3.262311e-02 6.243739e-02 6.241125e-02 5.268329e-02 5.270704e-02 5.271208e-02
57 1.169686e-02 1.170425e-02 1.166852e-02 9.942093e-01 9.942057e-01 9.942225e-01 5.791455e-03 1.147565e-02 1.144410e-02 1.103201e-02 1.103881e-02 1.101469e-02
58 5.587404e-03 5.590374e-03 5.582367e-03 9.972203e-01 9.972189e-01 9.972228e-01 2.779680e-03 5.534492e-03 5.526808e-03 5.422401e-03 5.425244e-03 5.418184e-03
59 2.551438e-03 2.552652e-03 2.551373e-03 9.987270e-01 9.987264e-01 9.987270e-01 1.272916e-03 2.541681e-03 2.540562e-03 2.518781e-03 2.519974e-03 2.519166e-03
60 8.095068e-04 8.100618e-04 8.024143e-04 9.995956e-01 9.995953e-01 9.995991e-01 4.044660e-04 8.087343e-04 8.011611e-04 8.055386e-04 8.060907e-04 7.986644e-04
61 2.974880e-04 2.976630e-04 2.972707e-04 9.998513e-01 9.998512e-01 9.998514e-01 1.487318e-04 2.975531e-04 2.971619e-04 2.971586e-04 2.973333e-04 2.969445e-04
62 4.846921e-04 4.849096e-04 4.844370e-04 9.997577e-01 9.997576e-01 9.997578e-01 2.422822e-04 4.846644e-04 4.841948e-04 4.839577e-04 4.841746e-04 4.837109e-04
63 1.915356e-03 1.916224e-03 1.935575e-03 9.990436e-01 9.990432e-01 9.990336e-01 9.562608e-04 1.910979e-03 1.930144e-03 1.899745e-03 1.900603e-03 1.919392e-03
64 7.118936e-03 7.122198e-03 7.083294e-03 9.964523e-01 9.964507e-01 9.964697e-01 3.547603e-03 7.075227e-03 7.037881e-03 6.979420e-03 6.982579e-03 6.948200e-03
65 3.014297e-02 3.015726e-02 3.006429e-02 9.851677e-01 9.851608e-01 9.851964e-01 1.483195e-02 2.921966e-02 2.916679e-02 2.748056e-02 2.749293e-02 2.749873e-02
66 1.089686e-01 1.090143e-01 1.094637e-01 9.487448e-01 9.487242e-01 9.485139e-01 5.125325e-02 9.691446e-02 9.731141e-02 7.816367e-02 7.818924e-02 7.851431e-02
67 1.552108e-01 1.552757e-01 1.551291e-01 9.274333e-01 9.274040e-01 9.274203e-01 7.256945e-02 1.363536e-01 1.363911e-01 1.068002e-01 1.068357e-01 1.070092e-01
68 3.476810e-01 3.478052e-01 3.473933e-01 8.524348e-01 8.523891e-01 8.524792e-01 1.475545e-01 2.574712e-01 2.574222e-01 1.551422e-01 1.551650e-01 1.553292e-01
69 9.091423e-01 9.096004e-01 9.105938e-01 7.005224e-01 7.004046e-01 6.999692e-01 2.994880e-01 4.613016e-01 4.621370e-01 1.809840e-01 1.809936e-01 1.817107e-01
70 1.327423e+00 1.328000e+00 1.336180e+00 6.320235e-01 6.319142e-01 6.312573e-01 3.679741e-01 5.390982e-01 5.401424e-01 1.797395e-01 1.797356e-01 1.801477e-01
71 1.700750e+00 1.701555e+00 1.703779e+00 5.730534e-01 5.729129e-01 5.722444e-01 4.269696e-01 5.947244e-01 5.958421e-01 1.622023e-01 1.621927e-01 1.630475e-01
72 1.552732e+00 1.553347e+00 1.551504e+00 5.770593e-01 5.769526e-01 5.761152e-01 4.229252e-01 6.091869e-01 6.108711e-01 1.812699e-01 1.812544e-01 1.824583e-01
73 1.497643e+00 1.498420e+00 1.501217e+00 6.048404e-01 6.047015e-01 6.038954e-01 3.951762e-01 5.561927e-01 5.573927e-01 1.588152e-01 1.588052e-01 1.595504e-01
74 1.048076e-01 1.049560e-01 1.049465e-01 9.559714e-01 9.559152e-01 9.556856e-01 4.405655e-02 7.976669e-02 7.983137e-02 5.951100e-02 5.955246e-02 5.927447e-02
75 1.453205e-02 1.453918e-02 1.451152e-02 9.927947e-01 9.927911e-01 9.928035e-01 7.205464e-03 1.429856e-02 1.427639e-02 1.382874e-02 1.383537e-02 1.382250e-02
76 9.465992e-03 9.470484e-03 9.447642e-03 9.952932e-01 9.952909e-01 9.953021e-01 4.706867e-03 9.366375e-03 9.344695e-03 9.158883e-03 9.163173e-03 9.143708e-03
77 1.924790e-03 1.925803e-03 1.914774e-03 9.990388e-01 9.990383e-01 9.990438e-01 9.612571e-04 1.921132e-03 1.910207e-03 1.910838e-03 1.911840e-03 1.901122e-03
78 4.368404e-04 4.370777e-04 4.353268e-04 9.997816e-01 9.997815e-01 9.997824e-01 2.183627e-04 4.368127e-04 4.350726e-04 4.360466e-04 4.362834e-04 4.345649e-04
79 4.787352e-04 4.789403e-04 4.783200e-04 9.997607e-01 9.997606e-01 9.997609e-01 2.393075e-04 4.786975e-04 4.780801e-04 4.780079e-04 4.782126e-04 4.776008e-04
80 1.293676e-03 1.294205e-03 1.293030e-03 9.993536e-01 9.993534e-01 9.993540e-01 6.463211e-04 1.292293e-03 1.291137e-03 1.287958e-03 1.288483e-03 1.287365e-03
81 2.827682e-03 2.828864e-03 2.830524e-03 9.985885e-01 9.985879e-01 9.985870e-01 1.411525e-03 2.819683e-03 2.821359e-03 2.800293e-03 2.801457e-03 2.803163e-03
82 3.793175e-03 3.794517e-03 3.796337e-03 9.981072e-01 9.981065e-01 9.981056e-01 1.892772e-03 3.779560e-03 3.781417e-03 3.748591e-03 3.749908e-03 3.751840e-03
83 7.089484e-03 7.092844e-03 7.086413e-03 9.964693e-01 9.964676e-01 9.964704e-01 3.530740e-03 7.036880e-03 7.032192e-03 6.924228e-03 6.927474e-03 6.925972e-03
84 2.671453e-02 2.672059e-02 2.676790e-02 9.868364e-01 9.868334e-01 9.868109e-01 1.316113e-02 2.595837e-02 2.600135e-02 2.452518e-02 2.453069e-02 2.456606e-02
85 7.674173e-02 7.678064e-02 7.694463e-02 9.636620e-01 9.636439e-01 9.635843e-01 3.634046e-02 6.915355e-02 6.924143e-02 5.726694e-02 5.729298e-02 5.730864e-02
86 9.155295e-02 9.159169e-02 9.141256e-02 9.574186e-01 9.574013e-01 9.574459e-01 4.258057e-02 7.980571e-02 7.978061e-02 6.262712e-02 6.264809e-02 6.277937e-02
87 1.248823e-01 1.249469e-01 1.251006e-01 9.435696e-01 9.435421e-01 9.434432e-01 5.643208e-02 1.032339e-01 1.034463e-01 7.410494e-02 7.413329e-02 7.433473e-02
88 1.477565e-01 1.478117e-01 1.480788e-01 9.327718e-01 9.327483e-01 9.326676e-01 6.722500e-02 1.235795e-01 1.236749e-01 8.992110e-02 8.994313e-02 8.990838e-02
89 5.416255e-02 5.419666e-02 5.425219e-02 9.738369e-01 9.738207e-01 9.737924e-01 2.616726e-02 5.065630e-02 5.071339e-02 4.452591e-02 4.455100e-02 4.460686e-02
90 5.499007e-03 5.502237e-03 5.480738e-03 9.972584e-01 9.972568e-01 9.972674e-01 2.741908e-03 5.470691e-03 5.449583e-03 5.405328e-03 5.408471e-03 5.388121e-03
91 1.239108e-03 1.239729e-03 1.242376e-03 9.993809e-01 9.993806e-01 9.993793e-01 6.190780e-04 1.237765e-03 1.240401e-03 1.233236e-03 1.233853e-03 1.236466e-03
92 7.518299e-04 7.522425e-04 7.496920e-04 9.996243e-01 9.996241e-01 9.996254e-01 3.756552e-04 7.511877e-04 7.486450e-04 7.486758e-04 7.490860e-04 7.465591e-04
93 2.486922e-04 2.488221e-04 2.486269e-04 9.998757e-01 9.998756e-01 9.998757e-01 1.243221e-04 2.487254e-04 2.485300e-04 2.484025e-04 2.485322e-04 2.483363e-04
94 7.858175e-05 7.861969e-05 7.870858e-05 9.999607e-01 9.999607e-01 9.999606e-01 3.929087e-05 7.861336e-05 7.870218e-05 7.856278e-05 7.860070e-05 7.868937e-05
95 4.115901e-05 4.118147e-05 4.115303e-05 9.999794e-01 9.999794e-01 9.999794e-01 2.057897e-05 4.117910e-05 4.115074e-05 4.115191e-05 4.117436e-05 4.114616e-05
96 1.004108e-04 1.004532e-04 1.004136e-04 9.999498e-01 9.999498e-01 9.999498e-01 5.020232e-05 1.004408e-04 1.004012e-04 1.003734e-04 1.004158e-04 1.003764e-04
97 1.433333e-04 1.433906e-04 1.433504e-04 9.999283e-01 9.999283e-01 9.999283e-01 7.165919e-05 1.433727e-04 1.433326e-04 1.432798e-04 1.433370e-04 1.432970e-04
98 4.230094e-04 4.231867e-04 4.232090e-04 9.997885e-01 9.997884e-01 9.997884e-01 2.114594e-04 4.230228e-04 4.230472e-04 4.225181e-04 4.226952e-04 4.227237e-04
99 1.501506e-03 1.502089e-03 1.504608e-03 9.992498e-01 9.992496e-01 9.992483e-01 7.501261e-04 1.499691e-03 1.502209e-03 1.494335e-03 1.494914e-03 1.497431e-03
100 5.044871e-03 5.046522e-03 5.048736e-03 9.974837e-01 9.974828e-01 9.974817e-01 2.516112e-03 5.022219e-03 5.024683e-03 4.972515e-03 4.974126e-03 4.977070e-03
101 1.107427e-02 1.107906e-02 1.109127e-02 9.944935e-01 9.944911e-01 9.944849e-01 5.506613e-03 1.095731e-02 1.096996e-02 1.071517e-02 1.071972e-02 1.073313e-02
102 2.096777e-02 2.097587e-02 2.084797e-02 9.896661e-01 9.896622e-01 9.897218e-01 1.033277e-02 2.038661e-02 2.027529e-02 1.928594e-02 1.929291e-02 1.920958e-02
103 5.040866e-02 5.043212e-02 5.058555e-02 9.755578e-01 9.755466e-01 9.754780e-01 2.444323e-02 4.749642e-02 4.762043e-02 4.242198e-02 4.244021e-02 4.252646e-02
104 5.599038e-02 5.600840e-02 5.602046e-02 9.729916e-01 9.729831e-01 9.729849e-01 2.700595e-02 5.221310e-02 5.219746e-02 4.571216e-02 4.572477e-02 4.567725e-02
105 4.801167e-02 4.803240e-02 4.811467e-02 9.767835e-01 9.767737e-01 9.767337e-01 2.321637e-02 4.499065e-02 4.506775e-02 3.973797e-02 3.975319e-02 3.981876e-02
106 7.993500e-02 7.997522e-02 8.022456e-02 9.616853e-01 9.616665e-01 9.615505e-01 3.831741e-02 7.363684e-02 7.385402e-02 6.290489e-02 6.293257e-02 6.310245e-02
107 6.556638e-03 6.560288e-03 6.556335e-03 9.967326e-01 9.967308e-01 9.967328e-01 3.267830e-03 6.516665e-03 6.512816e-03 6.427265e-03 6.430796e-03 6.427159e-03
108 8.124627e-03 8.128142e-03 8.137063e-03 9.959565e-01 9.959547e-01 9.959501e-01 4.043533e-03 8.053405e-03 8.062718e-03 7.903615e-03 7.906973e-03 7.917023e-03
109 4.601114e-03 4.603701e-03 4.624077e-03 9.977084e-01 9.977071e-01 9.976971e-01 2.291627e-03 4.568032e-03 4.587895e-03 4.495786e-03 4.498281e-03 4.517133e-03
110 9.324228e-03 9.328130e-03 9.319382e-03 9.953637e-01 9.953618e-01 9.953661e-01 4.636266e-03 9.225302e-03 9.216948e-03 9.020441e-03 9.024140e-03 9.016539e-03
111 1.188662e-03 1.189485e-03 1.189325e-03 9.994066e-01 9.994062e-01 9.994063e-01 5.934045e-04 1.185629e-03 1.185445e-03 1.177172e-03 1.177982e-03 1.177751e-03
112 1.230225e-04 1.231260e-04 1.227730e-04 9.999385e-01 9.999384e-01 9.999386e-01 6.152674e-05 1.231020e-04 1.227492e-04 1.229505e-04 1.230539e-04 1.227015e-04
113 4.724015e-05 4.726516e-05 4.713298e-05 9.999764e-01 9.999764e-01 9.999764e-01 2.361991e-05 4.726197e-05 4.712981e-05 4.723058e-05 4.725558e-05 4.712346e-05
114 3.316091e-05 3.317227e-05 3.314724e-05 9.999834e-01 9.999834e-01 9.999834e-01 1.657843e-05 3.317098e-05 3.314595e-05 3.315704e-05 3.316840e-05 3.314339e-05
115 1.010090e-04 1.010441e-04 1.009592e-04 9.999495e-01 9.999495e-01 9.999495e-01 5.049664e-05 1.010324e-04 1.009476e-04 1.009740e-04 1.010091e-04 1.009243e-04
116 2.456012e-04 2.457154e-04 2.433318e-04 9.998772e-01 9.998772e-01 9.998784e-01 1.227810e-04 2.456471e-04 2.432663e-04 2.453966e-04 2.455106e-04 2.431354e-04
117 9.142103e-04 9.146731e-04 9.149434e-04 9.995432e-01 9.995430e-01 9.995428e-01 4.568148e-04 9.135096e-04 9.137954e-04 9.107302e-04 9.111902e-04 9.115068e-04
118 2.571194e-03 2.572484e-03 2.568853e-03 9.987167e-01 9.987161e-01 9.987179e-01 1.283266e-03 2.563190e-03 2.559609e-03 2.543502e-03 2.544771e-03 2.541287e-03
