0 2.482599e+01 2.484353e+01 2.488464e+01 3.138495e-01 3.137764e-01 3.104735e-01 6.861044e-01 7.419757e-01 7.461016e-01 4.849067e-02 4.848272e-02 4.873677e-02
1 1.241290e+02 1.241722e+02 1.242008e+02 9.931510e-04 9.907009e-04 8.883335e-05 9.990069e-01 9.999629e-01 9.999999e-01 3.720198e-05 3.703507e-05 7.745073e-08
2 1.735678e+02 1.734878e+02 1.740637e+02 3.050546e-03 3.040278e-03 3.099514e-03 9.969502e-01 9.998748e-01 9.999057e-01 1.256695e-04 1.248947e-04 9.418425e-05
3 1.300761e+02 1.303768e+02 1.305922e+02 2.187078e-02 2.182290e-02 1.958260e-02 9.781341e-01 9.951236e-01 9.969129e-01 4.411855e-03 4.398239e-03 2.990889e-03
4 5.831637e+01 5.835423e+01 5.804422e+01 4.603921e-02 4.595138e-02 4.513479e-02 9.539677e-01 9.904159e-01 9.912886e-01 8.834281e-03 8.808087e-03 8.217596e-03
5 1.782083e+01 1.783395e+01 1.774970e+01 1.286833e-01 1.285159e-01 1.261396e-01 8.713413e-01 9.577575e-01 9.603922e-01 3.444039e-02 3.438058e-02 3.349092e-02
6 3.739755e+00 3.742095e+00 3.720537e+00 4.481938e-01 4.479763e-01 4.477702e-01 5.518628e-01 7.056980e-01 7.062876e-01 1.325166e-01 1.324677e-01 1.333400e-01
7 1.020710e+00 1.021333e+00 1.017582e+00 7.305712e-01 7.304414e-01 7.307583e-01 2.694451e-01 3.971277e-01 3.966703e-01 1.497206e-01 1.497451e-01 1.496144e-01
8 4.190442e-01 4.193401e-01 4.141188e-01 8.653330e-01 8.652445e-01 8.655003e-01 1.346879e-01 2.129851e-01 2.129111e-01 1.015729e-01 1.016057e-01 1.017303e-01
9 1.883627e-01 1.885038e-01 1.881715e-01 9.250672e-01 9.250090e-01 9.250119e-01 7.494557e-02 1.296681e-01 1.295919e-01 8.238961e-02 8.243416e-02 8.242019e-02
10 1.429962e-01 1.430847e-01 1.418390e-01 9.372301e-01 9.371917e-01 9.375208e-01 6.277627e-02 1.129749e-01 1.126095e-01 7.825598e-02 7.829536e-02 7.843888e-02
11 3.377860e-01 3.379405e-01 3.381226e-01 8.648427e-01 8.647892e-01 8.647803e-01 1.351531e-01 2.285526e-01 2.285687e-01 1.282897e-01 1.283157e-01 1.284127e-01
12 3.330539e+00 3.332377e+00 3.330497e+00 4.882648e-01 4.881154e-01 4.883943e-01 5.117411e-01 6.578224e-01 6.575737e-01 1.340893e-01 1.340702e-01 1.341853e-01
13 1.542486e+01 1.543252e+01 1.536656e+01 1.201050e-01 1.200076e-01 1.168979e-01 8.798887e-01 9.572328e-01 9.610546e-01 3.271171e-02 3.267890e-02 3.166929e-02
14 2.772687e+01 2.773913e+01 2.770500e+01 4.022136e-02 4.017245e-02 3.755543e-02 9.597827e-01 9.927013e-01 9.943090e-01 6.823045e-03 6.810478e-03 5.491273e-03
15 2.100530e+01 2.101794e+01 2.103387e+01 2.163328e-01 2.161898e-01 2.149959e-01 7.837011e-01 8.731522e-01 8.745061e-01 6.678014e-02 6.673992e-02 6.731549e-02
16 1.760265e+01 1.761047e+01 1.768696e+01 1.035764e-01 1.035086e-01 9.917072e-02 8.964014e-01 9.623044e-01 9.679894e-01 2.723787e-02 2.721871e-02 2.633293e-02
17 2.015030e+01 2.016144e+01 2.017006e+01 6.777707e-02 6.769334e-02 6.632189e-02 9.322389e-01 9.848717e-01 9.859880e-01 1.380655e-02 1.378185e-02 1.301293e-02
18 7.809717e+00 7.814152e+00 7.803490e+00 3.121706e-01 3.119932e-01 3.117502e-01 6.878586e-01 8.219484e-01 8.224693e-01 9.897213e-02 9.891999e-02 9.957995e-02
19 2.836403e+00 2.837846e+00 2.793338e+00 5.791922e-01 5.790403e-01 5.789545e-01 4.208026e-01 5.681852e-01 5.683397e-01 1.496937e-01 1.496973e-01 1.498138e-01
20 9.445972e-01 9.456271e-01 9.379584e-01 7.773924e-01 7.772317e-01 7.763034e-01 2.226636e-01 3.338042e-01 3.348754e-01 1.432134e-01 1.432516e-01 1.436607e-01
21 3.095324e-01 3.097374e-01 3.066416e-01 8.914032e-01 8.913343e-01 8.912013e-01 1.086009e-01 1.824767e-01 1.826640e-01 1.092040e-01 1.092472e-01 1.093865e-01
22 1.484229e-01 1.485133e-01 1.482082e-01 9.320019e-01 9.319603e-01 9.318986e-01 6.800595e-02 1.263472e-01 1.265510e-01 9.661608e-02 9.666430e-02 9.682218e-02
23 4.999409e-02 5.002747e-02 4.994305e-02 9.759751e-01 9.759592e-01 9.759828e-01 2.402638e-02 4.633362e-02 4.630743e-02 4.026075e-02 4.028580e-02 4.029112e-02
24 1.235601e-02 1.236403e-02 1.214123e-02 9.948545e-01 9.948510e-01 9.947157e-01 5.145106e-03 9.068903e-03 9.421777e-03 6.353362e-03 6.356849e-03 6.432711e-03
25 7.879159e-03 7.887708e-03 7.827986e-03 9.964080e-01 9.964039e-01 9.963463e-01 3.593385e-03 6.669312e-03 6.868536e-03 5.215834e-03 5.222288e-03 5.490836e-03
26 1.177538e-03 1.178114e-03 1.179649e-03 9.994117e-01 9.994114e-01 9.994106e-01 5.883061e-04 1.176340e-03 1.177923e-03 1.172237e-03 1.172809e-03 1.174484e-03
27 5.067310e-03 5.070388e-03 5.060843e-03 9.974846e-01 9.974831e-01 9.974863e-01 2.515206e-03 4.998444e-03 4.994856e-03 4.859604e-03 4.862548e-03 4.868443e-03
28 4.051817e-02 4.053998e-02 4.024407e-02 9.803401e-01 9.803297e-01 9.804536e-01 1.965891e-02 3.824332e-02 3.803153e-02 3.433884e-02 3.435583e-02 3.424116e-02
29 2.175540e-01 2.176433e-01 2.178108e-01 9.036471e-01 9.036095e-01 9.036580e-01 9.635233e-02 1.738263e-01 1.736940e-01 1.190812e-01 1.191144e-01 1.191166e-01
30 2.686092e-01 2.687248e-01 2.691231e-01 8.813816e-01 8.813345e-01 8.812380e-01 1.186171e-01 2.125651e-01 2.126739e-01 1.394884e-01 1.395231e-01 1.395326e-01
31 2.546154e-01 2.547508e-01 2.552172e-01 8.889527e-01 8.888956e-01 8.886283e-01 1.110525e-01 1.985542e-01 1.990248e-01 1.323637e-01 1.324088e-01 1.327025e-01
32 6.665893e-01 6.668678e-01 6.657132e-01 7.542957e-01 7.542093e-01 7.542298e-01 2.457034e-01 3.970419e-01 3.970419e-01 1.855613e-01 1.855805e-01 1.857103e-01
33 1.855748e+00 1.856624e+00 1.849410e+00 5.279521e-01 5.278014e-01 5.270253e-01 4.720705e-01 6.527747e-01 6.541743e-01 1.640820e-01 1.640569e-01 1.645754e-01
34 7.637098e+00 7.640570e+00 7.648414e+00 2.476932e-01 2.475909e-01 2.450795e-01 7.522832e-01 8.799038e-01 8.834585e-01 7.885750e-02 7.882060e-02 7.897854e-02
35 1.769067e+01 1.769859e+01 1.773127e+01 1.140501e-01 1.139540e-01 1.127142e-01 8.859533e-01 9.622599e-01 9.634605e-01 3.049469e-02 3.046007e-02 3.008579e-02
36 1.582177e+01 1.582987e+01 1.577733e+01 1.056689e-01 1.055789e-01 1.046812e-01 8.943380e-01 9.640406e-01 9.652578e-01 2.831549e-02 2.828548e-02 2.815354e-02
37 1.450070e+01 1.450887e+01 1.451479e+01 1.784586e-01 1.783249e-01 1.759850e-01 8.215474e-01 9.180440e-01 9.224417e-01 5.417651e-02 5.413112e-02 5.520038e-02
38 1.954315e+01 1.955114e+01 1.959439e+01 7.793539e-02 7.786215e-02 7.448491e-02 9.220692e-01 9.793194e-01 9.824410e-01 1.792813e-02 1.790416e-02 1.604976e-02
39 6.162860e+00 6.167931e+00 6.149999e+00 3.177710e-01 3.175792e-01 3.159509e-01 6.822672e-01 8.203252e-01 8.230002e-01 9.671438e-02 9.665814e-02 9.801366e-02
40 4.519736e-01 4.522660e-01 4.514134e-01 8.292592e-01 8.291655e-01 8.293470e-01 1.707582e-01 2.796961e-01 2.795155e-01 1.385492e-01 1.385749e-01 1.386994e-01
41 9.455570e-02 9.463624e-02 9.424479e-02 9.558023e-01 9.557669e-01 9.559000e-01 4.421234e-02 8.319870e-02 8.301518e-02 6.610600e-02 6.614470e-02 6.614518e-02
42 4.088158e-02 4.090492e-02 4.109663e-02 9.802606e-01 9.802495e-01 9.801659e-01 1.973964e-02 3.821515e-02 3.836116e-02 3.364818e-02 3.366576e-02 3.374365e-02
43 1.225954e-02 1.226501e-02 1.227174e-02 9.939227e-01 9.939200e-01 9.939168e-01 6.077113e-03 1.205704e-02 1.206323e-02 1.165187e-02 1.165697e-02 1.166228e-02
44 4.063429e-03 4.066264e-03 4.101584e-03 9.979755e-01 9.979741e-01 9.979567e-01 2.024786e-03 4.037456e-03 4.071726e-03 3.978302e-03 3.981067e-03 4.013313e-03
45 2.022880e-03 2.023643e-03 2.026422e-03 9.989898e-01 9.989894e-01 9.989880e-01 1.010141e-03 2.018854e-03 2.021639e-03 2.008570e-03 2.009326e-03 2.012121e-03
46 2.150316e-03 2.151428e-03 2.148742e-03 9.989262e-01 9.989256e-01 9.989269e-01 1.073889e-03 2.146119e-03 2.143500e-03 2.134464e-03 2.135563e-03 2.133078e-03
47 5.646188e-03 5.648679e-03 5.647015e-03 9.971866e-01 9.971853e-01 9.971861e-01 2.813417e-03 5.610205e-03 5.608606e-03 5.532032e-03 5.534450e-03 5.532978e-03
48 1.954529e-02 1.955651e-02 1.940615e-02 9.903628e-01 9.903573e-01 9.904229e-01 9.637161e-03 1.902426e-02 1.890971e-02 1.802371e-02 1.803375e-02 1.797385e-02
49 1.243128e-01 1.243874e-01 1.231334e-01 9.435643e-01 9.435311e-01 9.437697e-01 5.643551e-02 1.045143e-01 1.042900e-01 8.009798e-02 8.013655e-02 8.020248e-02
50 8.249687e-01 8.253816e-01 8.262937e-01 7.396172e-01 7.395136e-01 7.395806e-01 2.603827e-01 4.036304e-01 4.039838e-01 1.705788e-01 1.705909e-01 1.713111e-01
51 1.753285e+00 1.753954e+00 1.769352e+00 5.853603e-01 5.852540e-01 5.845395e-01 4.146234e-01 5.776756e-01 5.786748e-01 1.632689e-01 1.632718e-01 1.635438e-01
52 1.325286e+00 1.325235e+00 1.326240e+00 6.507975e-01 6.506685e-01 6.497221e-01 3.492082e-01 5.044034e-01 5.056827e-01 1.682504e-01 1.682559e-01 1.687844e-01
53 2.340870e+00 2.342738e+00 2.341729e+00 5.053034e-01 5.051423e-01 5.046252e-01 4.947148e-01 6.700506e-01 6.712841e-01 1.553354e-01 1.553025e-01 1.565387e-01
54 1.976725e+00 1.978000e+00 1.974710e+00 5.700229e-01 5.698463e-01 5.700449e-01 4.300344e-01 5.906476e-01 5.903689e-01 1.579898e-01 1.579651e-01 1.579034e-01
55 6.656424e-01 6.659892e-01 6.648958e-01 7.715266e-01 7.714234e-01 7.713425e-01 2.284924e-01 3.566870e-01 3.570624e-01 1.518161e-01 1.518472e-01 1.523567e-01
56 8.512852e-02 8.517277e-02 8.488169e-02 9.599003e-01 9.598801e-01 9.599850e-01 4.010061e-02 7.596001e-02 7.580831e-02 6.179666e-02 6.182416e-02 6.182076e-02
57 1.259079e-02 1.259883e-02 1.260007e-02 9.937660e-01 9.937620e-01 9.937612e-01 6.234858e-03 1.235585e-02 1.235794e-02 1.188427e-02 1.189168e-02 1.189518e-02
58 5.928400e-03 5.931557e-03 5.913007e-03 9.970510e-01 9.970494e-01 9.970585e-01 2.949032e-03 5.871121e-03 5.853242e-03 5.750016e-03 5.753037e-03 5.736443e-03
59 2.960523e-03 2.961894e-03 2.958883e-03 9.985234e-01 9.985227e-01 9.985242e-01 1.476484e-03 2.947162e-03 2.944290e-03 2.916719e-03 2.918062e-03 2.915460e-03
60 1.035825e-03 1.036559e-03 1.031369e-03 9.994826e-01 9.994823e-01 9.994848e-01 5.174363e-04 1.034378e-03 1.029284e-03 1.029309e-03 1.030038e-03 1.025133e-03
61 4.069020e-04 4.071421e-04 4.078458e-04 9.997966e-01 9.997965e-01 9.997961e-01 2.034186e-04 4.069261e-04 4.076276e-04 4.062550e-04 4.064947e-04 4.071919e-04
62 6.556926e-04 6.560013e-04 6.563602e-04 9.996723e-01 9.996721e-01 9.996719e-01 3.277284e-04 6.555427e-04 6.559053e-04 6.543192e-04 6.546269e-04 6.549968e-04
63 2.572710e-03 2.573956e-03 2.604850e-03 9.987162e-01 9.987156e-01 9.987002e-01 1.283698e-03 2.563869e-03 2.594457e-03 2.542811e-03 2.544036e-03 2.573984e-03
64 9.126121e-03 9.130379e-03 9.122569e-03 9.954565e-01 9.954544e-01 9.954579e-01 4.543417e-03 9.052495e-03 9.046184e-03 8.895483e-03 8.899576e-03 8.896028e-03
65 3.505499e-02 3.507130e-02 3.492057e-02 9.827843e-01 9.827764e-01 9.828382e-01 1.721529e-02 3.385117e-02 3.375048e-02 3.160360e-02 3.161751e-02 3.158865e-02
66 1.096173e-01 1.096625e-01 1.099460e-01 9.482645e-01 9.482440e-01 9.481187e-01 5.173392e-02 9.809504e-02 9.832452e-02 7.985482e-02 7.988102e-02 8.006860e-02
67 1.557239e-01 1.557885e-01 1.555312e-01 9.269949e-01 9.269656e-01 9.270468e-01 7.300766e-02 1.374706e-01 1.373717e-01 1.084056e-01 1.084419e-01 1.084904e-01
68 3.599623e-01 3.600931e-01 3.596513e-01 8.478245e-01 8.477764e-01 8.477994e-01 1.521660e-01 2.648162e-01 2.648975e-01 1.580959e-01 1.581190e-01 1.582848e-01
69 8.797223e-01 8.801662e-01 8.818914e-01 7.084118e-01 7.082949e-01 7.075812e-01 2.915987e-01 4.513790e-01 4.525070e-01 1.817322e-01 1.817446e-01 1.825384e-01
70 1.174397e+00 1.174906e+00 1.176981e+00 6.564663e-01 6.563584e-01 6.567140e-01 3.435346e-01 5.126921e-01 5.121579e-01 1.836622e-01 1.836627e-01 1.836357e-01
71 1.450756e+00 1.451449e+00 1.451628e+00 6.094788e-01 6.093437e-01 6.086146e-01 3.905436e-01 5.568265e-01 5.580493e-01 1.674602e-01 1.674573e-01 1.681616e-01
72 1.293220e+00 1.293732e+00 1.292045e+00 6.196959e-01 6.195935e-01 6.191839e-01 3.802912e-01 5.632996e-01 5.643339e-01 1.892770e-01 1.892675e-01 1.903202e-01
73 1.401508e+00 1.402184e+00 1.400296e+00 6.167642e-01 6.166353e-01 6.158098e-01 3.832481e-01 5.449877e-01 5.466663e-01 1.623893e-01 1.623842e-01 1.636462e-01
74 1.410184e-01 1.412099e-01 1.465566e-01 9.482271e-01 9.481606e-01 9.467970e-01 5.180314e-02 9.151664e-02 9.260328e-02 6.457444e-02 6.462099e-02 6.412910e-02
75 1.356517e-02 1.357208e-02 1.355392e-02 9.932717e-01 9.932683e-01 9.932760e-01 6.728452e-03 1.335695e-02 1.334388e-02 1.293660e-02 1.294309e-02 1.293845e-02
76 9.605887e-03 9.610408e-03 9.612465e-03 9.952230e-01 9.952207e-01 9.952197e-01 4.777059e-03 9.507235e-03 9.509248e-03 9.301323e-03 9.305653e-03 9.307583e-03
77 2.276359e-03 2.277565e-03 2.270768e-03 9.988634e-01 9.988628e-01 9.988662e-01 1.136633e-03 2.271244e-03 2.264533e-03 2.257490e-03 2.258681e-03 2.252139e-03
78 5.212730e-04 5.215596e-04 5.233898e-04 9.997395e-01 9.997393e-01 9.997384e-01 2.605502e-04 5.211838e-04 5.230182e-04 5.201479e-04 5.204337e-04 5.222762e-04
79 5.673116e-04 5.675425e-04 5.673891e-04 9.997164e-01 9.997163e-01 9.997164e-01 2.835750e-04 5.672198e-04 5.670680e-04 5.663449e-04 5.665753e-04 5.664265e-04
80 1.343409e-03 1.343961e-03 1.344888e-03 9.993288e-01 9.993285e-01 9.993281e-01 6.711729e-04 1.341976e-03 1.342896e-03 1.337473e-03 1.338021e-03 1.338928e-03
81 2.678491e-03 2.679577e-03 2.683846e-03 9.986627e-01 9.986622e-01 9.986601e-01 1.337233e-03 2.671606e-03 2.675860e-03 2.654701e-03 2.655772e-03 2.659995e-03
82 3.613096e-03 3.614356e-03 3.627322e-03 9.981967e-01 9.981961e-01 9.981896e-01 1.803237e-03 3.601464e-03 3.614342e-03 3.574644e-03 3.575883e-03 3.588586e-03
83 7.813923e-03 7.817780e-03 7.827519e-03 9.961105e-01 9.961086e-01 9.961033e-01 3.889521e-03 7.748200e-03 7.759504e-03 7.608939e-03 7.612656e-03 7.626639e-03
84 2.948960e-02 2.949678e-02 2.956225e-02 9.854907e-01 9.854872e-01 9.854556e-01 1.450687e-02 2.857139e-02 2.863226e-02 2.684270e-02 2.684911e-02 2.690130e-02
85 7.295482e-02 7.299122e-02 7.300178e-02 9.653358e-01 9.653187e-01 9.653171e-01 3.466671e-02 6.616041e-02 6.616011e-02 5.534550e-02 5.537068e-02 5.537016e-02
86 7.890686e-02 7.894023e-02 7.858673e-02 9.629237e-01 9.629085e-01 9.630455e-01 3.707563e-02 7.008661e-02 6.987548e-02 5.669230e-02 5.671222e-02 5.667993e-02
87 1.101496e-01 1.102057e-01 1.105301e-01 9.495411e-01 9.495166e-01 9.493737e-01 5.046040e-02 9.332056e-02 9.357417e-02 6.954902e-02 6.957610e-02 6.973429e-02
88 1.268311e-01 1.268781e-01 1.271963e-01 9.416346e-01 9.416143e-01 9.415080e-01 5.836181e-02 1.083092e-01 1.084516e-01 8.160162e-02 8.162282e-02 8.161254e-02
89 5.431635e-02 5.435071e-02 5.427925e-02 9.737460e-01 9.737297e-01 9.737598e-01 2.625834e-02 5.086122e-02 5.081045e-02 4.479725e-02 4.482270e-02 4.480254e-02
90 6.083069e-03 6.086628e-03 6.074311e-03 9.969687e-01 9.969669e-01 9.969730e-01 3.031587e-03 6.045759e-03 6.033942e-03 5.961945e-03 5.965395e-03 5.954520e-03
91 1.175263e-03 1.175829e-03 1.178336e-03 9.994128e-01 9.994125e-01 9.994112e-01 5.872299e-04 1.174160e-03 1.176676e-03 1.170271e-03 1.170833e-03 1.173365e-03
92 7.425430e-04 7.429517e-04 7.406075e-04 9.996290e-01 9.996288e-01 9.996299e-01 3.710361e-04 7.419916e-04 7.396629e-04 7.396714e-04 7.400780e-04 7.377799e-04
93 2.787871e-04 2.789288e-04 2.797784e-04 9.998606e-01 9.998606e-01 9.998601e-01 1.393642e-04 2.788122e-04 2.796605e-04 2.784377e-04 2.785792e-04 2.794250e-04
94 9.458956e-05 9.463641e-05 9.479157e-05 9.999527e-01 9.999527e-01 9.999526e-01 4.729457e-05 9.462700e-05 9.478205e-05 9.456137e-05 9.460820e-05 9.476300e-05
95 4.493044e-05 4.495427e-05 4.485649e-05 9.999775e-01 9.999775e-01 9.999776e-01 2.246470e-05 4.495173e-05 4.485402e-05 4.492281e-05 4.494664e-05 4.484909e-05
96 9.906776e-05 9.911145e-05 9.895909e-05 9.999505e-01 9.999504e-01 9.999505e-01 4.953103e-05 9.910007e-05 9.894785e-05 9.903365e-05 9.907731e-05 9.892537e-05
97 1.622387e-04 1.623053e-04 1.626733e-04 9.999189e-01 9.999189e-01 9.999187e-01 8.111072e-05 1.622824e-04 1.626504e-04 1.621701e-04 1.622365e-04 1.626047e-04
98 4.929193e-04 4.931289e-04 4.932054e-04 9.997536e-01 9.997535e-01 9.997535e-01 2.463963e-04 4.929030e-04 4.929817e-04 4.922424e-04 4.924515e-04 4.925349e-04
99 1.769630e-03 1.770290e-03 1.767697e-03 9.991160e-01 9.991157e-01 9.991169e-01 8.839857e-04 1.767093e-03 1.764522e-03 1.760072e-03 1.760727e-03 1.758199e-03
100 5.308882e-03 5.310589e-03 5.317203e-03 9.973518e-01 9.973510e-01 9.973476e-01 2.647958e-03 5.285617e-03 5.292275e-03 5.234498e-03 5.236166e-03 5.242907e-03
101 1.111901e-02 1.112386e-02 1.112647e-02 9.944726e-01 9.944702e-01 9.944689e-01 5.527457e-03 1.099631e-02 1.099873e-02 1.074361e-02 1.074821e-02 1.075029e-02
102 2.070443e-02 2.071270e-02 2.066089e-02 9.897979e-01 9.897939e-01 9.898154e-01 1.020113e-02 2.012339e-02 2.008831e-02 1.902501e-02 1.903214e-02 1.902400e-02
103 4.571875e-02 4.573998e-02 4.593717e-02 9.777627e-01 9.777525e-01 9.776660e-01 2.223823e-02 4.333399e-02 4.348679e-02 3.910865e-02 3.912566e-02 3.921720e-02
104 4.841124e-02 4.842703e-02 4.859366e-02 9.765399e-01 9.765324e-01 9.764622e-01 2.345789e-02 4.554676e-02 4.566475e-02 4.052425e-02 4.053591e-02 4.058288e-02
105 4.019898e-02 4.021693e-02 4.023739e-02 9.804412e-01 9.804326e-01 9.804203e-01 1.955893e-02 3.812032e-02 3.814820e-02 3.440825e-02 3.442218e-02 3.445884e-02
106 7.186343e-02 7.189826e-02 7.192829e-02 9.653679e-01 9.653514e-01 9.653351e-01 3.463422e-02 6.688655e-02 6.692128e-02 5.821072e-02 5.823585e-02 5.827603e-02
107 6.247624e-03 6.251132e-03 6.242808e-03 9.968860e-01 9.968842e-01 9.968883e-01 3.114469e-03 6.212013e-03 6.203999e-03 6.131509e-03 6.134908e-03 6.127498e-03
108 7.025349e-03 7.028428e-03 7.037450e-03 9.965014e-01 9.964999e-01 9.964953e-01 3.498569e-03 6.972237e-03 6.981509e-03 6.858921e-03 6.861883e-03 6.871625e-03
109 3.830270e-03 3.832434e-03 3.852854e-03 9.980910e-01 9.980900e-01 9.980798e-01 1.908993e-03 3.807878e-03 3.828019e-03 3.757599e-03 3.759702e-03 3.779283e-03
110 8.171969e-03 8.175453e-03 8.172224e-03 9.959340e-01 9.959323e-01 9.959338e-01 4.065974e-03 8.095830e-03 8.093008e-03 7.936343e-03 7.939669e-03 7.937614e-03
111 1.230664e-03 1.231526e-03 1.230504e-03 9.993857e-01 9.993853e-01 9.993858e-01 6.143336e-04 1.227389e-03 1.226392e-03 1.218334e-03 1.219183e-03 1.218234e-03
112 1.138942e-04 1.139920e-04 1.138826e-04 9.999431e-01 9.999430e-01 9.999431e-01 5.696222e-05 1.139707e-04 1.138615e-04 1.138305e-04 1.139283e-04 1.138194e-04
113 4.858187e-05 4.860737e-05 4.848774e-05 9.999757e-01 9.999757e-01 9.999758e-01 2.429063e-05 4.860394e-05 4.848435e-05 4.857159e-05 4.859708e-05 4.847759e-05
114 3.489402e-05 3.490627e-05 3.472928e-05 9.999826e-01 9.999825e-01 9.999826e-01 1.744504e-05 3.490485e-05 3.472789e-05 3.488978e-05 3.490203e-05 3.472513e-05
115 9.663190e-05 9.666495e-05 9.663694e-05 9.999517e-01 9.999517e-01 9.999517e-01 4.830866e-05 9.665425e-05 9.662626e-05 9.659984e-05 9.663287e-05 9.660491e-05
116 2.684484e-04 2.685785e-04 2.685527e-04 9.998658e-01 9.998657e-01 9.998657e-01 1.341975e-04 2.684869e-04 2.684620e-04 2.681739e-04 2.683038e-04 2.682808e-04
117 9.863577e-04 9.868656e-04 9.852712e-04 9.995072e-01 9.995069e-01 9.995077e-01 4.928432e-04 9.855171e-04 9.839491e-04 9.823249e-04 9.828296e-04 9.813138e-04
118 2.417934e-03 2.419139e-03 2.418583e-03 9.987931e-01 9.987925e-01 9.987927e-01 1.206942e-03 2.411055e-03 2.410566e-03 2.393836e-03 2.395022e-03 2.394663e-03
